"","ENSG00000002016","ENSG00000003509","ENSG00000004468","ENSG00000005801","ENSG00000007312","ENSG00000007392","ENSG00000009694","ENSG00000009790","ENSG00000011304","ENSG00000012174","ENSG00000012817","ENSG00000023839","ENSG00000030419","ENSG00000033011","ENSG00000037757","ENSG00000038427","ENSG00000038945","ENSG00000041988","ENSG00000049768","ENSG00000050438","ENSG00000051009","ENSG00000056558","ENSG00000056972","ENSG00000057252","ENSG00000058668","ENSG00000064012","ENSG00000064545","ENSG00000065057","ENSG00000065717","ENSG00000067048","ENSG00000067646","ENSG00000068024","ENSG00000069667","ENSG00000070915","ENSG00000070961","ENSG00000071575","ENSG00000073712","ENSG00000074621","ENSG00000074842","ENSG00000075336","ENSG00000075914","ENSG00000076201","ENSG00000077238","ENSG00000077463","ENSG00000080493","ENSG00000081237","ENSG00000082293","ENSG00000083814","ENSG00000085563","ENSG00000085982","ENSG00000085998","ENSG00000086288","ENSG00000086712","ENSG00000089012","ENSG00000090920","ENSG00000091129","ENSG00000091137","ENSG00000092295","ENSG00000094963","ENSG00000095564","ENSG00000099139","ENSG00000099260","ENSG00000099381","ENSG00000099725","ENSG00000099910","ENSG00000100162","ENSG00000100416","ENSG00000100450","ENSG00000100813","ENSG00000100941","ENSG00000101104","ENSG00000101464","ENSG00000101493","ENSG00000101695","ENSG00000101842","ENSG00000102349","ENSG00000102543","ENSG00000102886","ENSG00000102890","ENSG00000103175","ENSG00000103227","ENSG00000103599","ENSG00000103995","ENSG00000104067","ENSG00000104549","ENSG00000104643","ENSG00000104689","ENSG00000104722","ENSG00000104885","ENSG00000104921","ENSG00000104980","ENSG00000105426","ENSG00000105649","ENSG00000105708","ENSG00000106123","ENSG00000106333","ENSG00000106686","ENSG00000106692","ENSG00000107611","ENSG00000107742","ENSG00000107779","ENSG00000107829","ENSG00000107938","ENSG00000108474","ENSG00000108773","ENSG00000109063","ENSG00000109133","ENSG00000109920","ENSG00000109943","ENSG00000110274","ENSG00000110318","ENSG00000110446","ENSG00000110651","ENSG00000110944","ENSG00000111537","ENSG00000111863","ENSG00000111879","ENSG00000111880","ENSG00000112077","ENSG00000112144","ENSG00000112149","ENSG00000112159","ENSG00000112796","ENSG00000112877","ENSG00000112983","ENSG00000113249","ENSG00000113263","ENSG00000113504","ENSG00000113721","ENSG00000113749","ENSG00000113889","ENSG00000113966","ENSG00000114374","ENSG00000114739","ENSG00000115339","ENSG00000115423","ENSG00000115977","ENSG00000116106","ENSG00000116127","ENSG00000116147","ENSG00000116251","ENSG00000116771","ENSG00000116824","ENSG00000117036","ENSG00000117090","ENSG00000117318","ENSG00000117322","ENSG00000117560","ENSG00000118113","ENSG00000118200","ENSG00000118922","ENSG00000119707","ENSG00000119927","ENSG00000120616","ENSG00000120725","ENSG00000120800","ENSG00000120942","ENSG00000121058","ENSG00000121281","ENSG00000121966","ENSG00000122224","ENSG00000122435","ENSG00000122678","ENSG00000122965","ENSG00000122986","ENSG00000124469","ENSG00000124574","ENSG00000124608","ENSG00000125149","ENSG00000125851","ENSG00000126464","ENSG00000127804","ENSG00000127993","ENSG00000128016","ENSG00000128040","ENSG00000128218","ENSG00000128596","ENSG00000129084","ENSG00000129277","ENSG00000129467","ENSG00000129646","ENSG00000129824","ENSG00000129968","ENSG00000130338","ENSG00000130347","ENSG00000130653","ENSG00000130707","ENSG00000130921","ENSG00000131002","ENSG00000131067","ENSG00000131797","ENSG00000131914","ENSG00000132185","ENSG00000132424","ENSG00000132485","ENSG00000132704","ENSG00000132740","ENSG00000132879","ENSG00000132915","ENSG00000133740","ENSG00000134121","ENSG00000134193","ENSG00000134285","ENSG00000134470","ENSG00000134539","ENSG00000134545","ENSG00000135069","ENSG00000135074","ENSG00000135185","ENSG00000135213","ENSG00000135378","ENSG00000135749","ENSG00000135960","ENSG00000137343","ENSG00000137441","ENSG00000137642","ENSG00000138002","ENSG00000138795","ENSG00000139116","ENSG00000139182","ENSG00000139291","ENSG00000139537","ENSG00000139636","ENSG00000139645","ENSG00000140398","ENSG00000140511","ENSG00000141040","ENSG00000141956","ENSG00000142528","ENSG00000142632","ENSG00000142731","ENSG00000143119","ENSG00000143185","ENSG00000143297","ENSG00000143502","ENSG00000143753","ENSG00000144120","ENSG00000144152","ENSG00000144199","ENSG00000144290","ENSG00000144867","ENSG00000145246","ENSG00000145390","ENSG00000145649","ENSG00000146215","ENSG00000146285","ENSG00000146414","ENSG00000146904","ENSG00000147166","ENSG00000147168","ENSG00000147383","ENSG00000147408","ENSG00000148843","ENSG00000149292","ENSG00000149294","ENSG00000149474","ENSG00000149970","ENSG00000150687","ENSG00000150938","ENSG00000151414","ENSG00000151490","ENSG00000152117","ENSG00000152147","ENSG00000152270","ENSG00000152495","ENSG00000152583","ENSG00000153253","ENSG00000153563","ENSG00000154134","ENSG00000154265","ENSG00000154358","ENSG00000154511","ENSG00000154620","ENSG00000154814","ENSG00000155846","ENSG00000155893","ENSG00000156042","ENSG00000156510","ENSG00000157036","ENSG00000157554","ENSG00000157800","ENSG00000157833","ENSG00000157992","ENSG00000158321","ENSG00000159231","ENSG00000159433","ENSG00000159899","ENSG00000160185","ENSG00000160191","ENSG00000160223","ENSG00000160654","ENSG00000161010","ENSG00000161405","ENSG00000161912","ENSG00000161944","ENSG00000162086","ENSG00000162398","ENSG00000162711","ENSG00000162729","ENSG00000162739","ENSG00000162775","ENSG00000162894","ENSG00000163069","ENSG00000163389","ENSG00000163481","ENSG00000163492","ENSG00000163600","ENSG00000163728","ENSG00000163751","ENSG00000164037","ENSG00000164180","ENSG00000164300","ENSG00000164398","ENSG00000164440","ENSG00000165259","ENSG00000165272","ENSG00000165792","ENSG00000166261","ENSG00000166405","ENSG00000166762","ENSG00000166971","ENSG00000167107","ENSG00000167272","ENSG00000167286","ENSG00000167565","ENSG00000167595","ENSG00000167615","ENSG00000167618","ENSG00000167633","ENSG00000167664","ENSG00000167700","ENSG00000167775","ENSG00000167978","ENSG00000168026","ENSG00000168152","ENSG00000168228","ENSG00000168280","ENSG00000168329","ENSG00000168389","ENSG00000168421","ENSG00000168476","ENSG00000168569","ENSG00000168614","ENSG00000169031","ENSG00000169442","ENSG00000169902","ENSG00000169964","ENSG00000170074","ENSG00000170486","ENSG00000170629","ENSG00000170989","ENSG00000171097","ENSG00000171132","ENSG00000171135","ENSG00000171174","ENSG00000171291","ENSG00000171469","ENSG00000171817","ENSG00000171858","ENSG00000172005","ENSG00000172116","ENSG00000172171","ENSG00000172673","ENSG00000172878","ENSG00000173114","ENSG00000173137","ENSG00000173208","ENSG00000173653","ENSG00000173706","ENSG00000173930","ENSG00000174080","ENSG00000174292","ENSG00000174501","ENSG00000174946","ENSG00000175066","ENSG00000175265","ENSG00000175899","ENSG00000176142","ENSG00000176248","ENSG00000176444","ENSG00000176728","ENSG00000177034","ENSG00000177225","ENSG00000177455","ENSG00000178038","ENSG00000178338","ENSG00000178789","ENSG00000178917","ENSG00000179397","ENSG00000179532","ENSG00000179639","ENSG00000180071","ENSG00000180357","ENSG00000180644","ENSG00000181007","ENSG00000181045","ENSG00000181315","ENSG00000181847","ENSG00000181894","ENSG00000182010","ENSG00000182109","ENSG00000182185","ENSG00000182230","ENSG00000182841","ENSG00000183340","ENSG00000183378","ENSG00000183426","ENSG00000183826","ENSG00000183850","ENSG00000183878","ENSG00000184206","ENSG00000184271","ENSG00000184293","ENSG00000184384","ENSG00000184465","ENSG00000184515","ENSG00000184584","ENSG00000184613","ENSG00000184730","ENSG00000184922","ENSG00000185101","ENSG00000185272","ENSG00000185485","ENSG00000185641","ENSG00000185697","ENSG00000185798","ENSG00000185869","ENSG00000185900","ENSG00000186017","ENSG00000186104","ENSG00000186106","ENSG00000186174","ENSG00000186265","ENSG00000186281","ENSG00000186481","ENSG00000186854","ENSG00000187626","ENSG00000187688","ENSG00000188042","ENSG00000188732","ENSG00000188822","ENSG00000188825","ENSG00000188868","ENSG00000189144","ENSG00000189190","ENSG00000189195","ENSG00000189233","ENSG00000189350","ENSG00000189430","ENSG00000196126","ENSG00000196155","ENSG00000196199","ENSG00000196329","ENSG00000196437","ENSG00000196581","ENSG00000196735","ENSG00000196757","ENSG00000196912","ENSG00000196922","ENSG00000196937","ENSG00000197008","ENSG00000197150","ENSG00000197471","ENSG00000197497","ENSG00000197580","ENSG00000197635","ENSG00000197912","ENSG00000198040","ENSG00000198106","ENSG00000198133","ENSG00000198237","ENSG00000198429","ENSG00000198502","ENSG00000198625","ENSG00000198692","ENSG00000198799","ENSG00000198821","ENSG00000198874","ENSG00000198918","ENSG00000203326","ENSG00000204149","ENSG00000204165","ENSG00000204219","ENSG00000204252","ENSG00000204282","ENSG00000204305","ENSG00000204789","ENSG00000204852","ENSG00000205189","ENSG00000205268","ENSG00000205643","ENSG00000205809","ENSG00000205885","ENSG00000211630","ENSG00000211637","ENSG00000211638","ENSG00000211640","ENSG00000211648","ENSG00000211649","ENSG00000211650","ENSG00000211651","ENSG00000211652","ENSG00000211663","ENSG00000211666","ENSG00000211673","ENSG00000211689","ENSG00000211695","ENSG00000211706","ENSG00000211707","ENSG00000211710","ENSG00000211728","ENSG00000211734","ENSG00000211745","ENSG00000211746","ENSG00000211747","ENSG00000211750","ENSG00000211752","ENSG00000211772","ENSG00000211777","ENSG00000211778","ENSG00000211780","ENSG00000211785","ENSG00000211786","ENSG00000211787","ENSG00000211788","ENSG00000211789","ENSG00000211790","ENSG00000211791","ENSG00000211793","ENSG00000211794","ENSG00000211795","ENSG00000211797","ENSG00000211800","ENSG00000211801","ENSG00000211803","ENSG00000211807","ENSG00000211809","ENSG00000211810","ENSG00000211812","ENSG00000211817","ENSG00000211820","ENSG00000211821","ENSG00000211892","ENSG00000211898","ENSG00000211945","ENSG00000211962","ENSG00000211964","ENSG00000211967","ENSG00000213071","ENSG00000213160","ENSG00000213553","ENSG00000213699","ENSG00000214331","ENSG00000214425","ENSG00000214756","ENSG00000214826","ENSG00000214900","ENSG00000215154","ENSG00000215190","ENSG00000215513","ENSG00000215559","ENSG00000215580","ENSG00000215788","ENSG00000215908","ENSG00000219481","ENSG00000221963","ENSG00000221968","ENSG00000224660","ENSG00000224691","ENSG00000225113","ENSG00000225157","ENSG00000225405","ENSG00000226091","ENSG00000226179","ENSG00000226660","ENSG00000227039","ENSG00000228302","ENSG00000228314","ENSG00000228486","ENSG00000229164","ENSG00000229308","ENSG00000229391","ENSG00000229807","ENSG00000230063","ENSG00000231113","ENSG00000231398","ENSG00000231621","ENSG00000232021","ENSG00000232931","ENSG00000233355","ENSG00000233864","ENSG00000233985","ENSG00000234184","ENSG00000235281","ENSG00000235532","ENSG00000235576","ENSG00000236088","ENSG00000236213","ENSG00000237254","ENSG00000237702","ENSG00000239650","ENSG00000239665","ENSG00000239855","ENSG00000240382","ENSG00000240671","ENSG00000241106","ENSG00000241316","ENSG00000241351","ENSG00000241657","ENSG00000241755","ENSG00000241859","ENSG00000243264","ENSG00000243290","ENSG00000243364","ENSG00000243452","ENSG00000243536","ENSG00000243772","ENSG00000244575","ENSG00000244682","ENSG00000245164","ENSG00000245571","ENSG00000245954","ENSG00000246223","ENSG00000247708","ENSG00000248019","ENSG00000248124","ENSG00000248905","ENSG00000249437","ENSG00000249859","ENSG00000250303","ENSG00000251369","ENSG00000251474","ENSG00000251562","ENSG00000251606","ENSG00000253203","ENSG00000253701","ENSG00000253784","ENSG00000254184","ENSG00000254977","ENSG00000255717","ENSG00000255733","ENSG00000256039","ENSG00000256128","ENSG00000256525","ENSG00000256553","ENSG00000256862","ENSG00000257242","ENSG00000258511","ENSG00000258732","ENSG00000258733","ENSG00000259092","ENSG00000261372","ENSG00000261824","ENSG00000263164","ENSG00000263264","ENSG00000264198","ENSG00000264290","ENSG00000264754","ENSG00000265800","ENSG00000266371","ENSG00000266897","ENSG00000266935","ENSG00000267121","ENSG00000267364","ENSG00000267373","ENSG00000267759","ENSG00000268632","ENSG00000268746","ENSG00000269161","ENSG00000269893","ENSG00000270505","ENSG00000271109","ENSG00000272216","ENSG00000272865","cancer_type"
"3-Breast-Her2-ampl",-0.555592417576326,0.628635973002416,0.287161443449021,-1.03790453368905,-0.48895626317735,-0.638198649561329,-0.489483674713921,-0.0827806593582205,-0.910306183698707,0.170547161074741,-0.5360100599205,-0.427166054873635,-0.642142611977996,-0.906954785415906,0.662968651200413,0.139142900416006,-0.57729235363827,-0.951756607893985,-0.496697729346053,-0.533225338772386,-0.892044314129933,0.411037432036858,-0.314536371802255,-0.582010854864117,-0.0286914094641882,0.189770453515495,0.297859596421132,-0.380924048638744,0.384005838809259,-0.572265270403078,-0.449126948447106,-0.823525490657949,0.939180001034066,2.59635123984877,-0.0706718343403731,0.775134806780945,-0.497006264132812,0.167406965696269,0.068521768167738,-0.442778992785278,-0.206816075018159,-0.0126526582172028,-1.07616298942653,-0.536928301917431,-0.535926408238852,0.406056452196205,-0.800523516316676,-0.684422976084699,-0.894666522630992,-0.164322724742871,-0.804466674495576,1.08887390350486,-1.00553084851786,0.234095512628728,-0.559247717928647,-0.374389587264773,-0.457301332060047,-0.488378971130679,1.07674704605191,-0.332735848821255,0.322898463390901,-0.466862369479199,-0.78169417422122,-0.361091310062088,-0.742272368002153,0.198494129969394,0.439270530273017,0.301941813366741,-0.961782046680047,-0.27894046867187,-0.890457490909887,0.475472265480775,-0.62582241159886,0.327512731795494,-0.594144064245794,-0.427209662751993,0.579108081447826,-0.726511286645635,-0.518709942838152,-0.310167173709315,-0.824570369406007,0.327990985040428,-0.0856414178321925,0.908053034019793,0.170932754394507,-0.539991255188735,-0.729222797826837,-0.510050775686776,-0.56503564513667,0.132090157558933,-1.06249646629166,0.388744436837882,-0.439395440768505,0.415381767333605,-0.824109659368058,-0.386236372075434,-0.370292957722169,0.215269929181918,-0.580182792717566,-0.431771472200944,-0.504580611844278,0.10403680758828,0.0298109951450197,-0.356633715817235,-0.563278691221434,-0.612012511430763,-0.949267944187187,0.285831577981744,0.357515405265926,-0.594570053491617,-0.699577466702064,0.390933191128455,-1.20970090202904,-0.592394335996418,-0.563564816816346,-0.231735593544698,-0.415332247460931,0.0198349122470645,-0.556437840594048,-0.749289324826282,0.514105213598595,0.487465038762541,-0.434538970011261,-0.540935274554197,0.0177660873825803,-0.466481924852692,0.510012638998288,-0.71314737154191,-0.467269611423203,-0.781783811545767,-0.612032059829267,-0.42618686188652,-0.515214523200561,-0.563237817945086,0.40370698622883,-0.433250890230484,-0.305871553846077,-0.0559845882226881,-0.441849343611618,-0.622774284236347,-0.506717567160397,-0.521167552986871,0.696062959093508,-0.74594206276323,0.381002147204268,-0.40530739950118,-0.680795110743151,-0.630959826187288,-0.445041103063912,-0.360394763248112,0.0306318456256074,-0.199707615090983,-0.544945209809633,-0.465071436765623,0.327690017699964,0.82297707183328,-0.803191037428762,0.74348889515285,-0.881133953461138,0.352190862329985,0.342759709643319,-1.23041210025291,0.0490325944950846,-0.542359162539661,-1.47320437666668,-0.440422043770802,0.542104392974001,-0.533884030225674,-0.866575554810563,-0.517026089783175,0.567150521728116,0.171950374790664,-0.0691589084362239,-0.547892817080831,-0.529739447900487,-0.991195534761472,-0.484444351416916,0.550445594141331,-0.261511366743602,-0.399898634726296,-0.465400568692601,-0.659554194522494,-0.580906513107043,-0.59156966366512,-0.686166850667112,-0.567826653865324,-0.388287405092906,-0.0413140777309549,-0.547273332987266,-0.551980064673498,-0.41779781318794,-0.00602186494110452,0.0631483084317959,-0.167287280638029,-0.723028631395136,-0.872091461738152,0.0180939959908034,0.652856156330722,-0.654078746223719,-0.578418903939853,-0.440845057560506,-0.402800957411009,0.0158494002532443,-0.574567391161672,0.481294015180627,0.24384604576258,-0.660262121385938,0.40702339414793,0.166232607214148,-0.542622702055939,-0.490191614502914,-0.294071470900198,-0.387458469999575,-0.67265289501153,0.304438468386211,0.201706651496699,-0.749562816960677,-0.320206431896343,0.387648986540527,0.613307199642065,-0.876317725753786,1.42569931793336,-0.969552848986112,-0.752576497540583,-0.774127007600307,0.0821202007807426,-0.739571250856207,-0.769269638931583,-0.547342081550196,0.0671923767638675,-0.400497512029309,-0.0604143247100618,-0.266069364377855,-0.30708156811778,-0.431584442518366,-0.538111861625074,0.686440244257127,0.151910567712549,-0.620100662679788,0.0297318065888897,0.411286015306507,-1.02984446404236,-0.532035724088397,-0.0390097006475516,-0.557349591175902,0.0853812733813833,-0.0683584719702599,-0.670603752641226,-0.362836635108256,0.165811784410901,-0.902564283763228,-0.110894704481423,0.479756468232585,0.240810363786787,-0.679399709028993,-0.798624539569438,0.0612771830105546,-0.590419110099479,-0.479183249951239,-0.526363777438299,-0.654451544220782,-0.755865250545603,0.194057466251496,0.114052487006131,-0.439691488232509,1.16222838278355,-0.475498315316322,-0.902316908801359,-0.632054548348183,0.46089965506949,-0.605022983692602,0.0163687557719349,-0.0831505728499535,-0.74743849887613,-0.704852117823712,-0.657270497541832,-0.49858944200454,-0.495454091056586,-0.625430816380737,-0.419839307586847,-0.73139551936346,-0.618696368735234,-0.513248218781385,-0.586212932084341,-0.418816240327903,-0.637586357654596,0.395390485500505,0.345144245737463,-0.504768109875833,-0.503708930529297,-0.112092153474418,0.548559792432755,0.665296273868669,-0.813303292440974,0.487779440462753,-0.816725390488356,-0.404812961836128,0.0251036167807089,-0.800640494297979,0.37069085097706,-0.763076391897337,-0.912974847390443,1.02685816266167,-0.533394910077519,0.508215775562508,-0.923566729405713,-0.492093429498443,0.288304851154068,-0.356127764920938,-0.426152405790388,-0.627560095045149,0.0322064477265397,0.792453944149798,-0.429499750025505,-0.464375891526999,0.251880340377659,0.539898270502383,-0.455236351660987,-0.742946755276486,-0.582032151080456,-0.0732246351404361,-0.0548307624796027,-0.273331765676422,-0.0183776053965561,0.236610632999468,-0.708710560777974,-0.0218320542400156,0.0456286300180284,0.527685796080613,-0.965937838928799,-0.504623527225731,-0.0538395880708139,-0.707118267427737,-0.680117437351813,-0.466764426657629,0.424642608846388,-0.561253030076281,-0.0629781391911944,-0.444598034495984,-0.323797872854735,-0.869130914118606,0.975663540628525,0.119914013686214,-0.477833002749308,-0.039627102422417,-0.414352476826801,-0.867875810443468,0.177806656938537,-0.618950848071241,-0.430499440370047,0.513005580747064,0.491120678894104,-0.493593930889384,-0.110124934570597,-0.558555906049502,-0.598213055580144,-0.710284973869927,-0.614764475187905,-0.405236511627718,-0.131023945615729,-0.775399504645983,-0.747997090271536,0.0616360230322032,-0.566010699037032,-0.603032598624489,-0.730318235371536,1.07081975349739,0.652689045553835,0.220004510189323,0.111787423960426,-0.386808567195655,-0.473937637058681,-0.980208426123631,0.461053613819574,-0.799036810595303,0.892395603292238,1.12770493295981,-0.858462959667144,-0.889325548542612,0.521406372375923,-0.388200013230897,-0.672522450531549,-0.689569785356508,-1.15140774083531,-0.538722496195877,-0.7995406586986,-0.574547412051676,0.379545619893331,-0.380430093207073,-0.834709508043328,0.249144183149117,-0.543996565944918,0.236071957007845,-0.11251858949149,-0.653697914574418,-0.658091677882378,0.932852061088399,-0.430020248566685,-0.13263419757076,0.0848094367357922,-0.580755287411444,0.330102734543123,-0.0288210479359637,-0.154040024869897,0.234440716459205,0.614593701373528,-0.508516510850491,0.533918964030272,-0.521979735973987,-0.61052131080658,0.185513223426327,-0.524254694445744,-0.831984299900153,-0.745395082740569,-0.719523549783808,0.539489062985774,0.761560190403743,-0.85534945010494,-0.794015296702858,0.509175176164412,0.00475627346161082,-0.495614760728454,-0.0611941764478051,-0.493680618957267,-0.633596371173081,-0.677053451143998,-0.593681714206644,-0.792912836073741,0.0994887791547847,-0.757800053491713,-0.694758292889573,0.202957192254898,-0.755846766210979,-0.392786433490695,-0.387088194792383,0.217592221872024,-0.485816253127067,-0.395877263460602,-0.847748388510819,-0.608508425207776,-0.616708057714315,-0.682642890579754,-0.716476224852673,0.313787606812954,-0.99456836848483,-0.4791466881953,-0.527848653802147,-0.581450107692442,-0.623221682356157,-0.22432513395588,-0.456566211138298,-0.245695136119335,-0.217720503299582,0.802908312868818,-0.441282341989839,0.120512721854981,-0.693610145686299,0.287843987936206,-0.569755773406841,-0.23870504875496,0.665140528320011,-0.468279266082352,-0.909848144967057,-0.785445256160296,-0.384272493327475,1.57940003791096,-0.511549000144671,0.900092959229609,-0.67319351540593,-0.620494342313918,-0.601887066668739,-0.600466657719567,-0.969725385594821,0.0236516993528202,-0.69871053666764,-0.0469758320205666,-0.0959115853602737,0.193396322815219,-0.709141260834852,0.512194620144139,0.329594223854439,0.095111366257371,-0.080501746301718,-0.963894975231911,-0.367490929903791,-1.00723720358106,-0.573648085257991,-0.905751916506873,-0.548246753341323,0.451634215475486,-0.108119670036087,1.64649844450172,0.181001853732438,-0.410458854850929,-0.702854463496712,-0.376085254966847,-0.104049682002479,-0.751527203204582,-0.487170846083124,-0.605815007708669,-0.207632078084577,-0.512995918425756,-0.6002692007909,-0.494007793907488,-0.829580232182152,-0.552433121330631,-0.0615109034710091,0.220973296705118,-0.561688757941423,-0.121031097669915,-0.505226462944271,0.534854459380042,-0.755650546229756,0.324177240166972,0.126792635778362,-0.543856568710744,-0.0706968638420806,-2.56227529886732e-05,-0.547914033241979,-0.0220966324600205,-0.518860584787243,-0.718638772768277,0.164447180648053,0.512918488336974,-0.0439517344122003,0.415371442919089,-0.60068195999903,-0.675382976552414,0.426430620246903,0.641271468085659,-0.569897592314005,0.7385854156379,-0.647904522193843,0.650385044843891,0.393411470974988,1.33310468093939,-0.536494698185429,-0.106108479162983,-0.585376536065427,-0.622528035985135,-0.454210725594474,-0.564900394388196,1.25390652619139,-0.495168861382347,-0.785105315526192,-0.540641423031425,-0.665426753584578,0.513695909178634,-0.348425147702436,-0.498591251333388,-0.523080667456721,-0.831156261607636,-0.622281704570721,-0.140683114608696,0.0127291803041212,-0.557501763870755,-0.505778909237946,-0.020704228193822,0.514503212161251,0.334255429009088,0.162782214786355,-0.397363968993432,0.848702447539358,-0.302905617341068,-0.663958859336492,-0.562803306351289,-0.625888537038413,0.168841358597868,0.313675366836903,0.0587326123705447,-0.470465254505972,-0.726381607522248,-0.604395814203172,-0.64437704550372,-0.609921532378848,-0.619881066592517,-0.61712009938149,-0.363912718313512,-0.421387307249072,0.146987218205908,-0.530264405273805,-0.73145250418656,-0.00788478976474444,0.649040809038358,0.39840808914056,-0.406700539566019,-0.673273035311341,-0.565998932195026,-0.112375091310243,1.23280746989799,-0.520238954117215,-0.713193758009176,-0.510192861055359,-0.344789866784545,-0.495183843341153,0.399332023590931,0.315776173644453,0.712079843384316,0.55520016229039,0.103698916116427,-0.536600271805562,-0.606291521024171,-0.553901067919841,-0.479383335875246,0.115733300191759,-0.444714823796669,-0.48805352537329,-0.604258198093821,-0.543434400240448,-0.767155531633286,-0.617518100327603,0.120436067244563,-0.524092166767868,-0.469274127030998,-0.0963274745684319,0.355830795650656,0.657173771155576,-0.491698944574237,-0.703895512265653,-0.114415036365167,-0.683218747620856,0.0559771554934251,-0.363529308201325,0.877724438509674,-0.494377357867234,0.345200425560485,0.655308244086085,-0.823990033085211,-0.0974942781420397,-0.558717666256494,-0.379161949641383,-0.453838425053733,-0.323515985542212,-0.614835278634353,-0.623039723737013,-0.812575895131137,-0.441748500440315,0.819178586807482,-0.515370748508433,0.155382741351426,-0.750713194799017,-0.807101569604255,-0.557916730587529,-0.002691131082948,1.06123146704253,-0.61899979002849,-0.46950194156598,-0.567597101091729,-0.623788878529261,-0.67680156571333,-0.514869524021752,-0.440109756196063,0.905925455529098,-0.628134209307874,-0.480157828808962,-0.305115582471461,-0.559609290515974,-0.575080500923803,0.182657584389432,-0.134951798464173,-0.465167799440612,0.0132058810347031,-0.870570227459186,-0.978836790500469,-0.528878550032712,-0.442246094950301,-0.590310521918287,-0.597626308220176,-0.535005976446535,-0.244907272319748,-0.050181703194016,-0.15870523850146,-0.599446075410806,0.69766652129424,"Breast"
"8-Breast-WT",-0.555592417576326,-0.665330012844802,-0.874316134855906,-1.03790453368905,-1.10277467589416,-0.598812356941945,-0.489483674713921,-0.894869003246276,-0.464830932789348,-0.587392633752342,-0.5360100599205,-0.427166054873635,-0.642142611977996,-0.906954785415906,-0.522805082503363,-1.16665646400082,-0.57729235363827,0.247584157311875,-0.496697729346053,-0.533225338772386,-0.892044314129933,-0.756759621065685,-0.72953949609161,-1.10737391109703,-1.18728595031787,-0.670289824385493,-0.671018873252328,0.0544976593962413,-0.59994073973799,-0.572265270403078,-0.449126948447106,-0.823525490657949,-1.24614815954864,4.08227363382654,-1.55698223891445,-0.964466112786827,-0.497006264132812,-0.559309350558077,-0.82666652984029,-0.97766678067334,-1.31380191096635,-0.985369683958035,-1.07616298942653,-0.536928301917431,-0.535926408238852,-0.553171604677673,-0.800523516316676,-0.684422976084699,0.70252170124464,-0.757778983174664,-0.308094126040004,0.973266104674341,0.743618508041174,-1.06642129487193,-0.559247717928647,-0.374389587264773,-0.457301332060047,-0.488378971130679,0.936044481202363,-0.0523842428573467,-0.292734024276354,0.410796833749414,-0.78169417422122,-0.361091310062088,-0.742272368002153,-0.597562997079172,-1.01277899053072,-0.417654781793429,-1.52931067094053,-0.725867568819575,-0.890457490909887,-0.950184227790595,-0.62582241159886,-0.811355606421236,-0.594144064245794,-0.427209662751993,-0.884442638278434,-0.726511286645635,-0.518709942838152,-0.310167173709315,-0.824570369406007,2.3700856320375,0.380260884334199,-0.572367111065056,-0.632421218362915,-0.539991255188735,-0.729222797826837,-0.510050775686776,-0.56503564513667,-1.15438649345439,-1.06249646629166,-1.04938131129347,-0.439395440768505,-0.806924516606813,-0.824109659368058,-0.386236372075434,-0.370292957722169,-0.652696741503466,-0.580182792717566,-0.893144250525708,-0.504580611844278,-0.5153356350212,-0.036652076573445,-0.824988666868521,-0.908370117980451,-0.612012511430763,-0.949267944187187,-0.807031692446843,-0.131173095214883,-1.16329464966875,-0.699577466702064,-0.848866007382096,-1.20970090202904,-0.592394335996418,-0.563564816816346,-0.852561903334732,0.685077388718536,-0.578135737321414,0.814105806754812,0.197599376891357,-0.864139486256635,-1.27839469908618,-0.434538970011261,-0.540935274554197,-0.30625999373048,-0.466481924852692,0.125759571308667,-0.71314737154191,-0.467269611423203,-0.781783811545767,-0.612032059829267,-0.42618686188652,-0.515214523200561,0.924381214828433,-0.652232400369068,1.15022594195723,-1.24113329272812,-0.628682208598634,-0.96051637736292,-0.622774284236347,-1.09334318916935,-0.521167552986871,-0.803797879162455,-0.74594206276323,-0.922939115191811,-1.11633127205757,-0.680795110743151,-0.630959826187288,-0.445041103063912,-0.360394763248112,-0.496042779857162,-0.74633373457187,-0.544945209809633,-0.507374498136027,-1.12931857316399,-0.946374554527438,-0.803191037428762,-1.15278844781279,-0.881133953461138,-0.938055876675319,-1.18738458930157,-0.379007813792509,1.20816772363592,-0.224493601466934,-0.380589714348889,-0.440422043770802,-0.832999110597407,-0.533884030225674,-0.866575554810563,-0.517026089783175,-0.717586015732752,-1.01100613021998,-0.294336175218292,-0.299487704074804,-0.529739447900487,-0.991195534761472,-0.484444351416916,-0.724735509236815,-0.952336252685803,-0.399898634726296,-0.465400568692601,-0.535869425119229,-0.510895868729026,-0.59156966366512,-0.686166850667112,-0.567826653865324,-0.388287405092906,-1.09268218900537,-0.547273332987266,-0.551980064673498,-0.836461434415258,-0.697113880119278,-0.954138085945745,-0.892587531536296,-0.58160153682711,-0.872091461738152,-0.889556386155257,-0.938444320238906,-0.654078746223719,-0.578418903939853,-0.440845057560506,-0.402800957411009,-0.336960550269072,-0.574567391161672,-1.0894801913282,-0.148489578849418,-0.660262121385938,-0.784182116331742,-1.33950734716597,-1.07295113119153,-0.490191614502914,-0.724722993416231,-0.387458469999575,0.879235071529345,-1.24706496093846,-1.49858573859642,-0.749562816960677,-1.36414126696315,-0.826299878399175,-0.721727210801833,-0.876317725753786,-0.875446007171464,-0.969552848986112,-0.101297628850364,-0.774127007600307,-0.657239406583379,-0.739571250856207,0.219059324212491,-0.547342081550196,-0.66549608966086,-0.400497512029309,-1.17712514416619,-0.211888573265425,-0.802317558831034,-0.431584442518366,-0.215474982215253,0.190796314398623,-0.579507915169398,-0.620100662679788,-0.503796517211337,-1.0770163128063,-0.271432843622854,-0.180546882548797,-0.656459383830504,-0.557349591175902,-0.0198080806543904,-0.148006747338539,-0.670603752641226,-0.362836635108256,-0.837583872360781,0.555399261831714,-0.547806239891525,-1.35873215774737,-0.680703938055349,-0.679399709028993,0.13868188191279,0.619502789217736,-0.590419110099479,-0.479183249951239,-0.629848907922236,-0.654451544220782,-0.755865250545603,-0.942110585579901,-0.533231796983272,0.282434822541969,0.561536372590386,-0.475498315316322,-0.902316908801359,-0.632054548348183,-1.00035456820405,-0.605022983692602,-0.411260277197104,-0.522389796708495,-0.445639205628167,-0.704852117823712,-0.657270497541832,-0.49858944200454,-0.495454091056586,-0.625430816380737,-0.419839307586847,-0.73139551936346,-0.618696368735234,-0.513248218781385,-0.586212932084341,-0.418816240327903,-0.637586357654596,-0.419171849570317,0.168639102310676,-0.504768109875833,-0.503708930529297,-0.907579688525907,-0.924514780586802,-0.802661758289334,-0.813303292440974,-0.793665704950216,0.492016918287651,-0.404812961836128,-0.831170933594364,-0.800640494297979,-1.00352564046401,-0.0145413607293032,-0.697868215462329,-0.60699609384901,0.0800600758838577,-0.972280070282039,-0.923566729405713,-0.492093429498443,-1.12976969199847,-0.356127764920938,-0.426152405790388,-0.697299255863456,-0.826222229547082,-0.627488378610812,0.36681573958797,-0.464375891526999,-0.886517603314692,-0.316873167163271,-0.455236351660987,-0.742946755276486,-0.582032151080456,-0.155952998182805,-0.755829565716357,-0.405867706659418,-1.0852267562256,-0.00789181773640673,-0.708710560777974,-1.12086668854464,-0.269155267645249,-0.809608919621213,0.00700446170022528,-0.504623527225731,-0.425402263753134,-1.17013479867472,-0.680117437351813,-0.466764426657629,-0.836854594027651,-0.561253030076281,-0.883773155823425,0.397416770548504,-1.42991269894957,0.634990671967561,-0.799233124164901,-0.13011577815337,-0.477833002749308,-0.752292713469501,-0.414352476826801,0.0336188067789973,-0.747265772882252,-0.618950848071241,-0.430499440370047,0.27413727931821,-0.77458771809739,-0.493593930889384,-0.96499962340129,-0.558555906049502,-0.598213055580144,-0.710284973869927,-0.614764475187905,-1.38864795709945,-1.13688436302446,-1.10386469962424,0.559017808427309,0.142991134564041,-0.566010699037032,-0.603032598624489,-0.730318235371536,-0.598204255115836,-0.71157305436993,-0.606204342383374,-0.63129034137311,-0.386808567195655,-0.473937637058681,-0.826244190562988,-0.675677485964019,-0.799036810595303,-0.764417769029699,1.89488075981423,0.28496680662785,-0.227621358321194,-1.13280417093144,-0.388200013230897,-0.672522450531549,-0.689569785356508,-1.15140774083531,0.943932594833084,0.313274528183123,-0.574547412051676,-0.819944378140991,-0.380430093207073,-0.834709508043328,-0.0706442969406472,-0.543996565944918,-0.138702222613841,-0.586542981809805,-0.653697914574418,-0.658091677882378,-0.719112826150793,0.0283657157582176,-0.814187642569382,-0.775032802607551,-0.580755287411444,-0.413305689804199,-0.689391508662824,-0.740417895485083,-0.591226315601407,0.702838174559302,-0.508516510850491,-0.275741326550924,-0.521979735973987,-0.61052131080658,-0.545495229195593,-0.524254694445744,-0.831984299900153,-0.745395082740569,-0.127679384559864,-0.588297561945064,0.238567767711531,-0.85534945010494,-0.794015296702858,-1.17019873120559,-0.788184218742662,-0.495614760728454,-0.75492701791274,-0.449608960557403,-0.997877754173032,-0.677053451143998,-0.593681714206644,-0.792912836073741,-0.598637045425795,-0.757800053491713,-0.694758292889573,-0.55321502257966,-0.55933435583635,-0.392786433490695,-0.761647247973245,-0.314988216363858,-0.485816253127067,-0.178528939429045,-0.847748388510819,1.19299659612664,-0.616708057714315,-0.682642890579754,-0.716476224852673,-0.609571261310305,-0.99456836848483,-0.4791466881953,-0.527848653802147,-0.581450107692442,-0.623221682356157,-0.958215341453222,-0.456566211138298,-1.36845340348232,-1.46393408399269,-0.781460697748757,-0.441282341989839,-0.603474885383189,-0.693610145686299,-0.998921652024703,-0.569755773406841,-0.969526788505132,0.32691356912563,-0.837555726474759,-0.909848144967057,-0.785445256160296,-0.384272493327475,-0.777454081363004,-0.457001331378963,-0.911558242630226,-0.67319351540593,-0.620494342313918,-0.601887066668739,-0.600466657719567,-0.357936960368708,-0.278908746575786,-0.69871053666764,-0.855651382052597,-1.13130195465131,-1.13339019479525,-0.941036097034735,-0.571646636129868,-0.0634716977362567,-0.305269561711101,-0.571217932343026,-0.963894975231911,-0.367490929903791,-1.00723720358106,-0.573648085257991,0.672346767529309,-0.548246753341323,-1.17376531728267,-0.74633402219577,0.221784221270036,-0.513527807859149,-0.410458854850929,-0.702854463496712,-0.376085254966847,-0.65323427697639,-0.751527203204582,-0.487170846083124,-0.605815007708669,-0.356991814097349,-0.512995918425756,-0.6002692007909,1.15133876526989,-0.829580232182152,-1.18723863498533,-0.682378934286747,-0.597600263298091,-0.561688757941423,-0.775810477487309,-0.505226462944271,-0.914483551563009,-0.755650546229756,-0.800938882071613,-0.923820668091811,-0.543856568710744,-0.0137149556054218,-1.05652809128084,-0.547914033241979,-0.69252288453592,-0.518860584787243,-0.718638772768277,-0.574522884957265,-0.766028616235394,-0.783162489495666,-0.566224935388611,-0.60068195999903,-0.675382976552414,-0.653790722557568,-0.653851689833047,-0.569897592314005,-0.685835715519622,-0.647904522193843,-0.664556936026652,-0.569034714136114,-0.507817813873977,-0.536494698185429,-0.768897864954003,-0.585376536065427,-0.622528035985135,-0.454210725594474,-0.564900394388196,-0.574696478706447,-0.811688068521119,-0.785105315526192,-0.540641423031425,-0.665426753584578,-0.539307094691963,-0.348425147702436,-0.498591251333388,-0.523080667456721,-0.014887495353774,-0.622281704570721,-0.782401068500164,0.0752461923579474,-0.557501763870755,-0.505778909237946,-0.624275977269652,-0.743774131603622,-0.743846574768942,0.506992414924687,-0.397363968993432,-0.922357934814868,-1.07695751091064,-0.626023524509298,-1.14684228042207,-0.625888537038413,-0.641289533744246,-0.56888790075037,-0.680264025007797,-0.470465254505972,-0.726381607522248,-0.604395814203172,-0.64437704550372,0.208470999737028,-0.619881066592517,-0.61712009938149,-0.363912718313512,-0.421387307249072,-1.15423561318491,-0.530264405273805,-0.73145250418656,-0.569578522132877,-0.436105875668738,-0.631759280520507,-0.406700539566019,-0.673273035311341,-0.565998932195026,-0.685817859793634,-0.730817206313231,-0.520238954117215,-0.713193758009176,-0.258874462781455,-0.344789866784545,-0.495183843341153,-0.939394475450667,-0.74095518162433,-0.726611845001168,-0.553693741254614,-0.612887431730709,0.385411128605996,-0.606291521024171,-0.553901067919841,-0.479383335875246,-0.621606511720135,-0.974570951392448,-0.48805352537329,-0.865980025698746,-0.543434400240448,-0.767155531633286,-0.617518100327603,-0.563722602978791,-0.524092166767868,-0.469274127030998,-0.0480088884885771,-0.796606268568196,-0.598331963886002,-0.491698944574237,-0.703895512265653,-0.235322622504413,-0.683218747620856,-0.813165332182298,-0.94583725016588,-0.472351838475484,-0.494377357867234,-0.975604745971856,-0.766724197739351,-0.823990033085211,-0.926108184691356,-0.558717666256494,-0.379161949641383,-0.409140592654774,-1.32427373440824,-0.614835278634353,-0.623039723737013,-0.812575895131137,-0.441748500440315,-0.788012724473105,-0.515370748508433,-0.323725247228929,-0.750713194799017,-0.807101569604255,-0.557916730587529,-1.05244496011756,0.217588125674922,-0.61899979002849,-0.46950194156598,-0.567597101091729,-0.623788878529261,-0.67680156571333,-0.514869524021752,-0.440109756196063,-0.797330693575754,-0.628134209307874,-1.11711648863016,-0.864582352823089,-0.559609290515974,-0.575080500923803,-0.624478446322977,-0.205525220781618,-0.465167799440612,-0.735980601657659,-0.870570227459186,-0.978836790500469,-0.528878550032712,-0.442246094950301,-0.590310521918287,-0.597626308220176,-0.535005976446535,-0.747342228428593,-0.86340182998155,-0.102167849523888,0.176639127658957,-0.518950740640203,"Breast"
"10-Breast-Her2-ampl",-0.555592417576326,-0.665330012844802,-0.874316134855906,-1.03790453368905,-0.913739591928507,-0.349438562784048,-0.489483674713921,-1.20047892649688,-0.807241998560009,0.857698161683579,-0.5360100599205,-0.427166054873635,-0.642142611977996,-0.446377692680012,-0.522805082503363,-0.889245471861037,-0.57729235363827,-0.951756607893985,-0.496697729346053,-0.533225338772386,-0.892044314129933,-0.756759621065685,-0.72953949609161,-1.10737391109703,-1.18728595031787,-0.357232069177999,-0.671018873252328,0.357639284849077,-0.59994073973799,-0.328286363851297,-0.449126948447106,-0.823525490657949,-0.174595870033586,-0.309529644846314,-0.61077753487078,-0.964466112786827,0.273208668414603,-0.559309350558077,-1.35148615893941,-0.97766678067334,-1.31380191096635,0.0910484736411677,-1.07616298942653,-0.536928301917431,-0.535926408238852,-1.45511491965443,-0.800523516316676,-0.684422976084699,-0.894666522630992,-0.757778983174664,-0.804466674495576,-0.722133608031586,-1.00553084851786,-1.06642129487193,-0.559247717928647,-0.374389587264773,-0.457301332060047,-0.488378971130679,1.48041322416271,-1.23558207417991,-0.940150463465516,1.42587719889401,-0.78169417422122,-0.361091310062088,-0.742272368002153,-0.597562997079172,-1.01277899053072,-1.41989396139844,-1.27101131888738,-1.01942372794192,0.115017606148269,-0.950184227790595,-0.62582241159886,-0.811355606421236,-0.594144064245794,-0.427209662751993,-0.884442638278434,-0.726511286645635,-0.518709942838152,-0.310167173709315,-0.824570369406007,0.922852012201205,-1.33974894891408,-0.572367111065056,-0.632421218362915,-0.539991255188735,-0.729222797826837,-0.510050775686776,-0.56503564513667,-0.626459581204343,-0.605015548903549,-0.700998593960753,-0.439395440768505,-0.806924516606813,-0.824109659368058,-0.386236372075434,-0.370292957722169,-0.652696741503466,-0.580182792717566,-0.893144250525708,-0.504580611844278,-0.50345015887713,-1.00272583549808,-0.824988666868521,0.284222988797125,-0.612012511430763,-0.317850566027033,-0.819844067568802,-0.877494153250386,-0.798603724421155,-0.699577466702064,-0.848866007382096,-0.49539321063574,-0.592394335996418,-0.563564816816346,-0.852561903334732,-0.415332247460931,-1.15053595143586,0.555440038656303,-0.749289324826282,-0.864139486256635,-1.03797449847024,-0.434538970011261,1.53297805928414,-1.09965291068916,-0.466481924852692,-1.07767110647549,-0.71314737154191,-0.467269611423203,-0.781783811545767,-0.612032059829267,-0.42618686188652,-0.515214523200561,-0.563237817945086,-0.652232400369068,-0.433250890230484,-0.0038376340905429,-0.628682208598634,-0.96051637736292,-0.622774284236347,-0.883888291217858,-0.521167552986871,-0.947336443474551,-0.74594206276323,0.185255569545132,-1.11633127205757,-0.680795110743151,-0.630959826187288,-0.445041103063912,-0.360394763248112,-0.66647792221354,-0.959573515744664,-0.544945209809633,-0.362123732100268,-0.397219196331336,-0.946374554527438,-0.0381867798082765,-1.15278844781279,-0.450953732093961,-0.938055876675319,-0.225994032276775,-1.23041210025291,-0.797373187578022,-1.16230080545647,-1.02807474863612,-0.440422043770802,-0.832999110597407,-0.533884030225674,-0.866575554810563,-0.517026089783175,-0.717586015732752,-1.01100613021998,-0.197054933495059,-0.496615549589834,-0.529739447900487,0.121803818865161,-0.484444351416916,-0.724735509236815,-0.837433095682968,-0.399898634726296,-0.465400568692601,-0.659554194522494,-0.498346394892672,-0.59156966366512,-0.686166850667112,-0.567826653865324,0.8453902759241,-0.784641523130445,-0.547273332987266,-0.551980064673498,-0.836461434415258,-0.697113880119278,-0.260084629883059,-1.27326998366797,-0.829753901460347,0.403537933631533,-0.889556386155257,-0.938444320238906,-0.654078746223719,-0.578418903939853,-0.440845057560506,-0.402800957411009,-1.27366017213239,0.662315403694805,-0.993677221057922,-0.385935264415882,-0.660262121385938,-0.784182116331742,-0.383261330995201,-1.07295113119153,-0.490191614502914,-0.724722993416231,-0.387458469999575,-0.67265289501153,-0.871216756175081,-1.49858573859642,-0.749562816960677,-0.998021998830878,-0.826299878399175,-0.721727210801833,0.0125849474229288,-0.875446007171464,-0.0180715918663278,-0.752576497540583,-0.774127007600307,-0.657239406583379,-0.739571250856207,-0.769269638931583,-0.547342081550196,0.478579828333215,-0.400497512029309,-1.18476880841538,-0.961280804736148,0.733013314071626,-0.431584442518366,-0.110263695634685,-0.631943764721935,-0.579507915169398,-0.620100662679788,-0.503796517211337,-1.0770163128063,-1.02984446404236,-0.30191656260699,-0.744459427461685,-0.557349591175902,-1.1375069142073,-0.600503974189705,-0.670603752641226,-0.362836635108256,-1.42113582770618,-0.117089692080965,-1.0669610666387,-0.325788762151036,-0.680703938055349,-0.679399709028993,-0.798624539569438,-0.58636397201414,-0.590419110099479,-0.479183249951239,-0.349441232092767,-0.654451544220782,0.175340617546215,-0.37635458804434,-0.873831727472401,-0.432190614668293,-0.453520463080941,-0.475498315316322,-0.902316908801359,-0.632054548348183,-1.00035456820405,-0.605022983692602,-0.183875821848147,-0.674349991314228,-1.24728323627016,-0.704852117823712,0.0269674575886179,-0.49858944200454,-0.495454091056586,-0.625430816380737,-0.419839307586847,-0.73139551936346,-0.618696368735234,-0.513248218781385,0.19029080165552,-0.418816240327903,-0.637586357654596,-0.419171849570317,-1.10378034554778,-0.504768109875833,-0.503708930529297,-1.19847869296447,-0.924514780586802,-0.789296164670936,-0.813303292440974,-0.793665704950216,-0.816725390488356,-0.404812961836128,-0.158889631013724,-0.800640494297979,-0.0169007483055545,-0.763076391897337,-0.792055934068248,-0.60699609384901,-0.100161675191862,-0.414993489893775,-0.923566729405713,-0.492093429498443,-1.12976969199847,-0.356127764920938,-0.426152405790388,-1.21479747878706,-0.826222229547082,-0.627488378610812,-0.429499750025505,-0.464375891526999,-0.886517603314692,-1.06964048874916,-0.455236351660987,0.435724104208043,-0.582032151080456,-1.18959503173864,-0.755829565716357,-0.485537543765711,-1.24141766940254,0.013833663394696,-0.708710560777974,-0.256369771363714,-0.79167821863407,-0.809608919621213,-0.965937838928799,-0.504623527225731,-0.413331702051519,-1.06027520598401,-0.680117437351813,-0.466764426657629,0.390296171777207,-0.561253030076281,-0.357443723148433,-0.444598034495984,-0.960017489858053,-0.869130914118606,-0.799233124164901,-0.940150205056253,-0.477833002749308,-1.04750901255113,-0.414352476826801,-0.867875810443468,-0.747265772882252,-0.618950848071241,-0.430499440370047,-0.796259557655844,-0.77458771809739,-0.493593930889384,-0.96499962340129,-0.558555906049502,-0.598213055580144,-0.710284973869927,-0.614764475187905,-1.22026461732184,-1.13688436302446,-1.10386469962424,-0.747997090271536,-1.01074181138039,-0.566010699037032,-0.603032598624489,-0.730318235371536,-0.598204255115836,-0.71157305436993,-0.606204342383374,-0.63129034137311,-0.386808567195655,-0.473937637058681,-1.1708795878966,-0.675677485964019,0.313705238099166,-0.764417769029699,-0.367492374876327,-0.858462959667144,-0.209392574700001,-1.13280417093144,-0.388200013230897,0.253204619026146,-0.689569785356508,-1.15140774083531,-0.538722496195877,-0.7995406586986,-0.574547412051676,-0.819944378140991,-0.380430093207073,-0.834709508043328,-0.292039704036931,-0.543996565944918,-0.760805550465173,-1.21080455522408,-0.653697914574418,-0.658091677882378,-0.719112826150793,0.0587445165292743,-0.814187642569382,-0.775032802607551,-0.580755287411444,-0.836916634773705,-0.689391508662824,-0.740417895485083,-0.591226315601407,-0.517699977761507,-0.508516510850491,0.679538860760419,-0.521979735973987,-0.308782813199958,0.26435717128535,-0.524254694445744,0.154613903047109,-0.745395082740569,-0.719523549783808,-0.588297561945064,-0.268084929648364,-0.85534945010494,-0.794015296702858,-1.42834670580536,-0.788184218742662,-0.495614760728454,-1.18836044397162,-1.05758031450463,-0.428029307437106,-0.677053451143998,-0.593681714206644,-0.0704761318106598,-0.598637045425795,-0.757800053491713,-0.694758292889573,-0.55321502257966,-1.1319511214443,-0.392786433490695,-0.175721354895086,-0.998362605765605,-0.485816253127067,-0.612122825715411,-0.188148400395954,-0.608508425207776,-0.616708057714315,-0.682642890579754,-0.716476224852673,-0.609571261310305,-0.99456836848483,-0.4791466881953,-0.527848653802147,-0.581450107692442,-0.623221682356157,-1.01618232165484,-0.456566211138298,-1.08956551265668,-0.549201408787465,-0.781460697748757,-0.441282341989839,-0.338704617733469,-0.693610145686299,-0.617934166113943,-0.569755773406841,-0.396293355089529,-0.773643467427534,-0.837555726474759,-0.909848144967057,-0.785445256160296,-0.384272493327475,0.150961199649058,-1.21732527311908,-0.911558242630226,-0.67319351540593,-0.620494342313918,-0.601887066668739,-0.600466657719567,-0.372879414103209,-0.68492828589195,-0.69871053666764,0.0392368769434228,-1.13130195465131,-0.030053214910296,-0.99558876762686,-0.571646636129868,-0.71593825275176,-0.777414105828957,-0.877809728241419,0.469874091415118,-0.367490929903791,-0.586902588179374,0.0782235732514448,-0.905751916506873,-0.548246753341323,-1.17376531728267,-0.74633402219577,-0.77689632987442,-0.513527807859149,-0.410458854850929,-0.702854463496712,-0.376085254966847,-0.65323427697639,-0.751527203204582,-0.487170846083124,-0.605815007708669,-0.838746468088768,-0.512995918425756,-0.6002692007909,-0.494007793907488,-0.349568882791241,-0.612457437388277,0.00545369382385729,-0.597600263298091,-0.561688757941423,0.24846644128047,-0.505226462944271,-0.424321776217912,-0.755650546229756,-0.800938882071613,-0.923820668091811,-0.543856568710744,-0.799784033987206,-1.12511070477074,-0.547914033241979,-0.69252288453592,-0.518860584787243,-0.718638772768277,-0.574522884957265,-0.766028616235394,-0.783162489495666,-0.566224935388611,-0.60068195999903,-0.675382976552414,-0.653790722557568,-0.653851689833047,-0.569897592314005,-0.685835715519622,-0.647904522193843,-0.664556936026652,-0.569034714136114,-0.507817813873977,-0.536494698185429,-0.768897864954003,0.38649008501735,-0.622528035985135,-0.454210725594474,-0.564900394388196,-0.574696478706447,-1.57250043000024,-0.785105315526192,-0.540641423031425,-0.665426753584578,-0.539307094691963,-0.348425147702436,-0.498591251333388,-0.523080667456721,0.00753066639615952,-0.622281704570721,-0.782401068500164,-0.789447035739829,-0.557501763870755,-0.505778909237946,-0.624275977269652,-0.171094254846507,-0.743846574768942,0.433452715517672,-0.397363968993432,-0.922357934814868,-1.07695751091064,-1.14934390124832,-1.14684228042207,-0.625888537038413,-0.641289533744246,-0.56888790075037,-0.100618460725892,-0.470465254505972,-0.726381607522248,-0.604395814203172,-0.64437704550372,-0.609921532378848,-0.619881066592517,-0.61712009938149,-0.363912718313512,-0.421387307249072,-1.17957251957983,-0.530264405273805,-0.73145250418656,-0.569578522132877,-0.436105875668738,-0.631759280520507,-0.406700539566019,-0.673273035311341,-0.565998932195026,-0.685817859793634,-0.730817206313231,-0.520238954117215,-0.713193758009176,-0.238762003425927,-0.344789866784545,-0.495183843341153,-0.939394475450667,-0.74095518162433,-0.726611845001168,-0.553693741254614,-0.612887431730709,-0.536600271805562,-0.606291521024171,-0.553901067919841,-0.479383335875246,-0.621606511720135,-0.974570951392448,-0.48805352537329,-0.865980025698746,-0.543434400240448,-0.767155531633286,-0.617518100327603,-0.563722602978791,-0.524092166767868,-0.469274127030998,-0.71456688213729,-0.796606268568196,-0.598331963886002,0.401320220749758,-0.703895512265653,-1.04110646402089,-0.683218747620856,-0.0262049967677064,-0.94583725016588,-0.472351838475484,-0.494377357867234,-0.975604745971856,-0.766724197739351,-0.823990033085211,-0.926108184691356,-0.558717666256494,-0.379161949641383,-1.02737092254885,-1.03220927072422,-0.614835278634353,-0.623039723737013,-0.812575895131137,-0.441748500440315,-0.788012724473105,-0.515370748508433,-0.298620654011318,-0.750713194799017,-0.807101569604255,-0.557916730587529,-0.527314618872006,-0.575643008354943,-0.61899979002849,-0.46950194156598,-0.567597101091729,-0.623788878529261,-0.67680156571333,-0.514869524021752,-0.440109756196063,-0.797330693575754,-0.628134209307874,-1.11711648863016,-0.864582352823089,-0.559609290515974,0.20782278071032,-0.624478446322977,-0.72921406656607,-0.465167799440612,-0.735980601657659,-0.870570227459186,-0.448132738273243,-0.528878550032712,-0.442246094950301,0.11153474207414,-0.597626308220176,-0.535005976446535,-0.897113916456559,-0.86340182998155,-0.882104756219481,-0.599446075410806,-0.518950740640203,"Breast"
"Breast-100",-0.555592417576326,-0.665330012844802,-0.874316134855906,-1.03790453368905,-1.40910500646145,-1.61692665523069,-0.489483674713921,-0.370928177369456,-0.256858025782854,1.50436223393088,-0.5360100599205,-0.427166054873635,-0.642142611977996,-0.906954785415906,-0.522805082503363,0.0729757258581754,2.82512500173597,-0.951756607893985,-0.496697729346053,-0.533225338772386,-0.892044314129933,-0.756759621065685,-0.72953949609161,-1.10737391109703,-1.18728595031787,-0.995377870188305,-0.671018873252328,-0.886090803404096,-0.59994073973799,-0.572265270403078,-0.449126948447106,-0.823525490657949,-0.706111195912829,-0.309529644846314,-0.890921070129516,-0.964466112786827,-0.497006264132812,-0.559309350558077,-1.35148615893941,-0.97766678067334,-1.31380191096635,-0.985369683958035,-1.07616298942653,-0.536928301917431,-0.535926408238852,-0.606680676371476,-0.800523516316676,0.390192999108604,-0.894666522630992,-0.757778983174664,-0.804466674495576,-0.722133608031586,-1.00553084851786,-1.06642129487193,-0.559247717928647,-0.374389587264773,-0.457301332060047,-0.488378971130679,-0.535578881140264,-1.23558207417991,-0.940150463465516,-0.466862369479199,-0.78169417422122,-0.361091310062088,-0.742272368002153,-0.597562997079172,-1.01277899053072,-0.419543861842034,-0.195880632304846,-0.811493351739225,-0.890457490909887,-0.950184227790595,-0.62582241159886,-0.811355606421236,-0.594144064245794,-0.427209662751993,-0.884442638278434,-0.726511286645635,-0.518709942838152,-0.310167173709315,0.996972391226049,-0.472497315307328,-0.758331775606322,-0.572367111065056,-0.632421218362915,-0.539991255188735,-0.729222797826837,-0.510050775686776,-0.56503564513667,0.14183226236279,0.0865151836726657,-1.04938131129347,-0.439395440768505,-0.806924516606813,-0.824109659368058,-0.386236372075434,-0.370292957722169,-0.652696741503466,-0.580182792717566,-0.893144250525708,-0.504580611844278,0.166686691517694,-1.00272583549808,-0.824988666868521,-0.908370117980451,-0.612012511430763,-0.949267944187187,-1.18681954611949,-0.877494153250386,-1.16329464966875,-0.699577466702064,-0.0649872069573033,-1.20970090202904,-0.592394335996418,-0.563564816816346,-0.852561903334732,-0.415332247460931,-0.542715627609104,-0.556437840594048,-0.749289324826282,-0.864139486256635,-1.27839469908618,-0.434538970011261,-0.540935274554197,-1.33738969127492,-0.466481924852692,-1.07767110647549,-0.71314737154191,-0.467269611423203,-0.781783811545767,0.767298478133374,-0.42618686188652,-0.515214523200561,-0.563237817945086,-0.652232400369068,-0.433250890230484,-0.67663872554042,-0.628682208598634,-0.96051637736292,-0.622774284236347,0.0171891231091879,-0.521167552986871,-0.436389739461895,-0.74594206276323,-0.922939115191811,-1.11633127205757,-0.680795110743151,-0.630959826187288,-0.445041103063912,-0.360394763248112,-1.12185750843372,-0.598376415219723,-0.544945209809633,-0.407107380924053,-0.372635831822935,-0.398040260131096,0.562085707515122,-1.15278844781279,-0.881133953461138,-0.938055876675319,-0.286463262695359,-1.23041210025291,-0.797373187578022,-1.16230080545647,-0.683991314869443,-0.440422043770802,-0.832999110597407,-0.533884030225674,-0.189381350535733,-0.517026089783175,-0.717586015732752,0.728598669532696,-1.19702951435578,-1.02331441862592,-0.529739447900487,0.159177527508642,-0.484444351416916,-0.724735509236815,-0.644421606059032,-0.399898634726296,-0.465400568692601,-0.659554194522494,-0.482547365903295,-0.59156966366512,-0.686166850667112,-0.567826653865324,-0.388287405092906,-0.463753201312307,-0.547273332987266,-0.551980064673498,-0.836461434415258,-0.697113880119278,0.0554200210539792,-1.01080790841723,-1.07543207502085,-0.872091461738152,-0.889556386155257,-0.938444320238906,-0.654078746223719,-0.578418903939853,-0.440845057560506,-0.402800957411009,-1.27366017213239,-0.574567391161672,-0.125753269454738,-1.03292766190848,-0.660262121385938,-0.784182116331742,0.218114507937144,-0.0244105955615155,-0.490191614502914,-0.724722993416231,-0.387458469999575,-0.67265289501153,-1.24706496093846,-0.940636583837537,-0.749562816960677,0.0934705283766905,-0.826299878399175,-0.721727210801833,-0.876317725753786,-0.875446007171464,-0.321818162631382,-0.752576497540583,-0.774127007600307,-0.657239406583379,-0.739571250856207,-0.769269638931583,-0.547342081550196,-0.66549608966086,-0.400497512029309,-0.894281513525577,-0.961280804736148,-0.802317558831034,-0.431584442518366,-1.3076438001904,-0.631943764721935,-0.579507915169398,-0.620100662679788,-0.503796517211337,0.117039226607287,-1.02984446404236,-0.133562748468412,-0.400819336223285,-0.557349591175902,-0.0111670685266161,-1.56790518709751,-0.670603752641226,-0.362836635108256,-0.745209537175444,-0.902564283763228,-1.0669610666387,-0.465733898391082,-0.680703938055349,-0.679399709028993,-0.798624539569438,-0.58636397201414,-0.590419110099479,-0.479183249951239,-0.163766137642216,-0.654451544220782,-0.755865250545603,-0.942110585579901,-0.873831727472401,0.178525136720059,-0.453520463080941,-0.475498315316322,-0.902316908801359,-0.632054548348183,-1.00035456820405,-0.605022983692602,-0.915536831645335,-0.357358068050466,-0.681966643226355,1.20057652208862,-0.657270497541832,-0.49858944200454,-0.495454091056586,-0.625430816380737,-0.419839307586847,-0.73139551936346,0.0700924333818243,-0.513248218781385,-0.586212932084341,2.14964645743631,-0.637586357654596,-0.419171849570317,-1.10378034554778,-0.504768109875833,-0.503708930529297,-0.820709225754804,-0.924514780586802,-0.657333076931175,-0.813303292440974,-0.793665704950216,-0.816725390488356,-0.404812961836128,-0.831170933594364,-0.800640494297979,0.300037315846497,-0.763076391897337,-0.916910237684965,-0.60699609384901,-0.943549081967018,-0.972280070282039,-0.923566729405713,-0.492093429498443,-1.12976969199847,-0.356127764920938,-0.426152405790388,0.110131700429908,-0.826222229547082,-0.627488378610812,-0.429499750025505,-0.464375891526999,-0.886517603314692,-1.06964048874916,-0.455236351660987,-0.742946755276486,-0.582032151080456,-1.18959503173864,-0.755829565716357,-0.580915992710456,-1.56799886993584,-0.796526001879866,-0.708710560777974,-1.12086668854464,-0.79167821863407,-0.809608919621213,-0.965937838928799,-0.504623527225731,-0.863563219649252,-0.647349474311747,-0.680117437351813,-0.466764426657629,-0.836854594027651,-0.561253030076281,0.0555488511491964,-0.444598034495984,-0.836005019739552,-0.869130914118606,-0.799233124164901,-0.940150205056253,-0.477833002749308,-1.48122585075984,-0.414352476826801,-0.867875810443468,-0.747265772882252,-0.618950848071241,-0.430499440370047,-0.796259557655844,-0.77458771809739,-0.493593930889384,0.719123977295907,-0.558555906049502,-0.598213055580144,-0.710284973869927,-0.614764475187905,-0.171981096037423,-1.13688436302446,0.176485744297027,-0.747997090271536,-1.01074181138039,-0.566010699037032,-0.603032598624489,-0.730318235371536,-0.598204255115836,-0.71157305436993,-0.606204342383374,0.219091646487535,-0.386808567195655,-0.473937637058681,-0.809291164994272,-0.675677485964019,1.01350024036083,-0.764417769029699,-0.735411990123146,-0.858462959667144,-0.889325548542612,-0.483593700114799,1.50400237474642,-0.672522450531549,1.49295238013184,-1.15140774083531,-0.538722496195877,-0.7995406586986,-0.574547412051676,0.552758098684624,-0.380430093207073,-0.834709508043328,-0.895298276157752,-0.543996565944918,-0.760805550465173,-1.21080455522408,-0.653697914574418,-0.658091677882378,-0.719112826150793,-0.167041693052124,-0.814187642569382,-0.775032802607551,-0.580755287411444,-0.836916634773705,-0.689391508662824,-0.740417895485083,-0.591226315601407,-0.517699977761507,-0.508516510850491,-0.839734362004915,-0.521979735973987,-0.61052131080658,-0.545495229195593,-0.524254694445744,-0.831984299900153,-0.745395082740569,-0.719523549783808,1.6334690857429,-1.14485071477297,-0.85534945010494,-0.794015296702858,-0.954947221051639,-0.788184218742662,-0.495614760728454,-0.393517250297781,0.0573357569844581,-0.997877754173032,-0.677053451143998,-0.593681714206644,-0.792912836073741,-0.598637045425795,-0.757800053491713,-0.694758292889573,-0.55321502257966,0.499631052617567,-0.392786433490695,-0.761647247973245,-0.998362605765605,-0.485816253127067,-0.740970268758603,-0.847748388510819,-0.608508425207776,-0.616708057714315,-0.682642890579754,-0.716476224852673,-0.609571261310305,-0.99456836848483,-0.4791466881953,-0.527848653802147,-0.581450107692442,-0.623221682356157,-0.753282893974895,-0.456566211138298,-1.00062675769872,-0.255357613034531,-0.781460697748757,-0.441282341989839,-0.228180156873816,-0.693610145686299,-1.0763820890165,-0.569755773406841,0.470209532965965,-0.773643467427534,-0.837555726474759,0.291252542482699,-0.785445256160296,-0.384272493327475,-0.777454081363004,-1.21732527311908,-0.911558242630226,-0.67319351540593,-0.620494342313918,-0.601887066668739,-0.600466657719567,0.0146143769264724,-1.56744407700638,-0.69871053666764,-0.855651382052597,-1.13130195465131,-0.502156220494509,0.584114555677236,-0.571646636129868,-0.71593825275176,-0.777414105828957,-0.877809728241419,-0.963894975231911,-0.367490929903791,-1.00723720358106,-0.573648085257991,-0.905751916506873,-0.548246753341323,-1.17376531728267,-0.74633402219577,-0.77689632987442,-0.513527807859149,-0.410458854850929,-0.702854463496712,-0.376085254966847,-0.65323427697639,-0.751527203204582,-0.487170846083124,-0.605815007708669,-0.838746468088768,-0.512995918425756,-0.6002692007909,-0.494007793907488,-0.829580232182152,-1.18723863498533,-0.682378934286747,-0.597600263298091,-0.561688757941423,0.518788649985985,-0.505226462944271,-0.914483551563009,-0.755650546229756,-0.800938882071613,-0.923820668091811,-0.543856568710744,0.641732976803636,-0.38778665793283,-0.547914033241979,0.633012506048158,-0.518860584787243,-0.718638772768277,-0.574522884957265,-0.766028616235394,-0.783162489495666,-0.566224935388611,-0.60068195999903,-0.675382976552414,-0.653790722557568,-0.653851689833047,-0.569897592314005,-0.685835715519622,-0.647904522193843,-0.664556936026652,-0.569034714136114,-0.507817813873977,-0.536494698185429,-0.768897864954003,-0.585376536065427,-0.622528035985135,-0.454210725594474,-0.564900394388196,-0.574696478706447,-0.42247204116744,0.228452443704073,-0.540641423031425,-0.665426753584578,-0.539307094691963,-0.348425147702436,-0.498591251333388,-0.523080667456721,-0.831156261607636,-0.622281704570721,-0.782401068500164,-0.789447035739829,-0.557501763870755,-0.505778909237946,-0.624275977269652,-0.743774131603622,-0.743846574768942,-0.846638841230125,-0.397363968993432,-0.922357934814868,-1.07695751091064,0.201239203025543,0.00372847902449538,2.25944630402644,-0.641289533744246,-0.56888790075037,-0.680264025007797,-0.470465254505972,-0.726381607522248,-0.604395814203172,-0.64437704550372,-0.609921532378848,-0.619881066592517,-0.61712009938149,-0.363912718313512,-0.421387307249072,-0.866553137228145,-0.530264405273805,0.186216434703543,-0.569578522132877,-0.436105875668738,-0.631759280520507,-0.406700539566019,1.46065428499999,-0.565998932195026,-0.685817859793634,-0.730817206313231,-0.520238954117215,-0.713193758009176,-0.991190188200663,-0.344789866784545,-0.495183843341153,0.31471265011159,-0.74095518162433,-0.726611845001168,-0.553693741254614,-0.612887431730709,-0.536600271805562,-0.606291521024171,0.903780772302544,-0.479383335875246,-0.621606511720135,0.0730357717501955,-0.48805352537329,0.0216750300392687,-0.543434400240448,-0.767155531633286,-0.617518100327603,-0.563722602978791,-0.524092166767868,-0.469274127030998,-0.71456688213729,-0.796606268568196,-0.598331963886002,-0.491698944574237,-0.703895512265653,-0.297665961486287,-0.683218747620856,1.56677595866021,-0.94583725016588,-0.472351838475484,-0.494377357867234,-0.975604745971856,-0.766724197739351,-0.823990033085211,-0.926108184691356,-0.558717666256494,-0.379161949641383,-1.02737092254885,-0.352936306562358,-0.614835278634353,-0.623039723737013,-0.812575895131137,-0.441748500440315,-0.788012724473105,-0.515370748508433,-1.2541307915187,-0.750713194799017,-0.807101569604255,-0.557916730587529,-1.05244496011756,-0.575643008354943,-0.61899979002849,-0.46950194156598,-0.567597101091729,-0.623788878529261,-0.67680156571333,1.59396543357942,-0.440109756196063,-0.797330693575754,-0.628134209307874,-1.11711648863016,-0.864582352823089,-0.559609290515974,-0.575080500923803,-0.624478446322977,-0.72921406656607,-0.465167799440612,-0.735980601657659,-0.870570227459186,-0.978836790500469,-0.528878550032712,-0.442246094950301,-0.590310521918287,-0.597626308220176,-0.535005976446535,0.224369145028987,-0.86340182998155,-0.882104756219481,-0.599446075410806,-0.518950740640203,"Breast"
"15-Breast-Her2-ampl",-0.555592417576326,-0.665330012844802,-0.874316134855906,-0.103734387250966,-0.889336778344379,-0.358720681176794,-0.489483674713921,-1.07954795287384,-0.812084521217576,-0.587392633752342,-0.5360100599205,-0.427166054873635,-0.642142611977996,-0.366544680442347,-0.522805082503363,-0.936137915857619,-0.57729235363827,-0.951756607893985,-0.496697729346053,-0.533225338772386,-0.892044314129933,-0.756759621065685,0.578059449741881,-0.276570387817013,-0.746578172591257,-1.02880501861129,-0.671018873252328,0.0405812999159774,-0.59994073973799,-0.572265270403078,-0.449126948447106,-0.823525490657949,-0.144027937442481,-0.309529644846314,-0.764561873530534,-0.964466112786827,-0.497006264132812,-0.559309350558077,-0.719565612099328,-0.97766678067334,-1.31380191096635,-0.417047984960522,-0.25557193014787,-0.536928301917431,-0.535926408238852,-0.973185050243571,-0.800523516316676,0.312598020078041,-0.894666522630992,-0.757778983174664,-0.804466674495576,0.123769463639102,-1.00553084851786,-0.399292572408175,-0.559247717928647,-0.374389587264773,1.94582786650134,-0.488378971130679,-0.535578881140264,0.00307171260878495,-0.940150463465516,0.282470557042199,2.89900433214791e-05,-0.361091310062088,-0.742272368002153,-0.597562997079172,-1.01277899053072,-1.1201461418264,-1.00660509374317,-0.975045348082815,-0.890457490909887,-0.950184227790595,-0.62582241159886,-0.811355606421236,-0.594144064245794,-0.427209662751993,-0.884442638278434,-0.726511286645635,-0.518709942838152,0.0258691096756709,-0.824570369406007,-0.472497315307328,-0.580082465064588,2.09833714383834,-0.632421218362915,-0.539991255188735,-0.729222797826837,-0.510050775686776,-0.56503564513667,-0.400166418549196,-1.06249646629166,0.156776857520905,-0.439395440768505,-0.806924516606813,-0.824109659368058,-0.386236372075434,-0.370292957722169,0.645133667724407,2.0661196566133,-0.893144250525708,-0.504580611844278,-0.946777991831266,-1.00272583549808,-0.824988666868521,-0.908370117980451,-0.612012511430763,-0.208835456501506,-0.924527611340758,-0.425608631188262,-1.16329464966875,-0.699577466702064,-0.848866007382096,-1.20970090202904,-0.592394335996418,-0.563564816816346,-0.852561903334732,-0.415332247460931,-1.15053595143586,1.45158716123243,-0.749289324826282,-0.864139486256635,-0.361809424638016,-0.434538970011261,-0.540935274554197,-1.33738969127492,-0.466481924852692,-0.175579185289659,-0.71314737154191,-0.467269611423203,-0.781783811545767,-0.612032059829267,-0.42618686188652,-0.515214523200561,-0.563237817945086,-0.652232400369068,-0.433250890230484,0.1113905218898,-0.628682208598634,-0.483174181159557,-0.622774284236347,-0.912072948470675,-0.521167552986871,-1.13053980305677,0.0611807546761556,-0.922939115191811,-0.361386850437605,-0.680795110743151,-0.630959826187288,2.3253347055626,-0.360394763248112,-1.12185750843372,-0.835338779762289,-0.544945209809633,-0.961753122247525,-1.12931857316399,-0.946374554527438,-0.803191037428762,-0.543166759105448,-0.881133953461138,-0.938055876675319,-0.421770287109117,-0.501819956358503,-0.797373187578022,0.243502448707113,-1.47320437666668,2.95166890216951,-0.832999110597407,-0.533884030225674,-0.866575554810563,-0.517026089783175,-0.717586015732752,-1.01100613021998,-0.307580644573676,-0.405321479779388,-0.529739447900487,-0.991195534761472,-0.484444351416916,0.449293424517049,-1.57512717781599,-0.399898634726296,-0.465400568692601,-0.659554194522494,-0.464958507464061,0.435672422867959,0.656480744233972,-0.567826653865324,-0.388287405092906,-0.813620385763097,-0.547273332987266,-0.551980064673498,-0.836461434415258,-0.697113880119278,-0.954138085945745,-0.705598162140054,-0.974193656364029,0.238438916205317,-0.889556386155257,-0.938444320238906,-0.654078746223719,-0.578418903939853,-0.440845057560506,-0.402800957411009,-1.27366017213239,-0.574567391161672,-1.11940165564096,-0.691331957687391,-0.660262121385938,-0.784182116331742,-0.601359203324261,-0.383585685006002,-0.490191614502914,-0.724722993416231,-0.387458469999575,-0.67265289501153,-0.370660798825012,-0.406967161752942,-0.749562816960677,-0.630037932916951,-0.826299878399175,-0.721727210801833,-0.876317725753786,-0.875446007171464,-0.969552848986112,-0.752576497540583,-0.774127007600307,-0.657239406583379,-0.739571250856207,-0.769269638931583,-0.547342081550196,1.42766057411723,-0.400497512029309,-0.959003740271197,-0.961280804736148,-0.802317558831034,-0.431584442518366,-1.3076438001904,-0.631943764721935,-0.579507915169398,-0.620100662679788,-0.503796517211337,-0.678826971334864,-1.02984446404236,-0.939825400487642,-0.940041391635724,-0.557349591175902,-0.279599170826875,-0.599369144097857,-0.670603752641226,-0.362836635108256,-0.903258428012607,-0.902564283763228,-1.0669610666387,-0.404678597870265,-0.680703938055349,-0.679399709028993,-0.798624539569438,-0.58636397201414,-0.590419110099479,-0.479183249951239,-0.353274968359103,-0.654451544220782,-0.755865250545603,-0.942110585579901,-0.873831727472401,-1.09491872168078,0.413800447138164,-0.475498315316322,-0.902316908801359,-0.632054548348183,-1.00035456820405,-0.605022983692602,0.133050996860818,-0.805769396347319,-0.389346642523234,-0.704852117823712,-0.657270497541832,-0.49858944200454,-0.495454091056586,-0.625430816380737,-0.419839307586847,-0.73139551936346,-0.618696368735234,-0.513248218781385,-0.586212932084341,-0.418816240327903,-0.637586357654596,-0.419171849570317,-1.10378034554778,-0.504768109875833,-0.503708930529297,-0.950113266479756,-0.924514780586802,-0.873817690930842,0.00106528925098931,-0.793665704950216,-0.816725390488356,-0.404812961836128,-0.272529372135903,0.0191297191490703,-0.0567335594964666,0.139399221678237,-0.848735771090295,-0.60699609384901,-0.943549081967018,0.0545147044159367,-0.923566729405713,-0.492093429498443,-0.380429221085393,-0.356127764920938,-0.426152405790388,-0.336728585365318,0.803421731287271,-0.627488378610812,-0.429499750025505,-0.464375891526999,-0.886517603314692,-1.06964048874916,-0.455236351660987,-0.742946755276486,-0.582032151080456,-0.344419007370613,-0.755829565716357,-0.550977571379237,-0.949382956784612,-0.796526001879866,-0.708710560777974,-0.611337413365846,-0.79167821863407,-0.809608919621213,0.540147762984475,-0.504623527225731,-0.863563219649252,-0.907153695708847,-0.680117437351813,-0.466764426657629,-0.836854594027651,-0.561253030076281,-0.883773155823425,-0.444598034495984,-1.03944669562465,-0.869130914118606,-0.0224754957412257,-0.940150205056253,-0.477833002749308,-0.972331757323952,-0.414352476826801,-0.867875810443468,-0.0512488316958704,-0.618950848071241,-0.430499440370047,0.118346921818763,-0.77458771809739,-0.493593930889384,-0.96499962340129,-0.558555906049502,-0.598213055580144,0.200891464175384,-0.614764475187905,-1.2791867089941,-1.13688436302446,-0.501331911734584,-0.747997090271536,0.0550493160178194,-0.566010699037032,-0.603032598624489,-0.730318235371536,-0.598204255115836,-0.71157305436993,-0.606204342383374,-0.63129034137311,-0.386808567195655,-0.473937637058681,-1.02350065587458,0.370883820118977,-0.301006583143948,-0.764417769029699,0.122504259146934,-0.291546039145368,0.696144544653645,-1.13280417093144,-0.388200013230897,-0.672522450531549,-0.689569785356508,-1.15140774083531,-0.538722496195877,-0.7995406586986,-0.574547412051676,0.0825421002175122,-0.380430093207073,-0.834709508043328,-0.189078980436254,-0.543996565944918,-0.760805550465173,-1.21080455522408,-0.653697914574418,-0.658091677882378,-0.719112826150793,-1.08773769552895,-0.814187642569382,-0.066086696274615,-0.580755287411444,-0.836916634773705,0.522351371205037,-0.740417895485083,-0.591226315601407,-0.517699977761507,-0.508516510850491,-0.839734362004915,-0.521979735973987,-0.61052131080658,-0.545495229195593,-0.524254694445744,-0.831984299900153,-0.745395082740569,-0.719523549783808,-0.588297561945064,-1.14485071477297,-0.85534945010494,-0.794015296702858,-0.560757987855321,-0.788184218742662,-0.495614760728454,-1.18836044397162,-1.05758031450463,-0.997877754173032,-0.677053451143998,-0.593681714206644,-0.792912836073741,-0.598637045425795,-0.757800053491713,-0.694758292889573,-0.55321502257966,-1.1319511214443,-0.392786433490695,1.12804427362506,-0.998362605765605,-0.485816253127067,-0.500458667369958,-0.847748388510819,-0.608508425207776,-0.616708057714315,-0.682642890579754,-0.716476224852673,-0.609571261310305,-0.357575096769631,1.05551732640415,-0.527848653802147,-0.581450107692442,-0.623221682356157,-0.882003067292015,-0.456566211138298,-0.986760651669443,-1.46393408399269,-0.781460697748757,-0.441282341989839,-0.74407147717453,-0.693610145686299,-0.964491083229966,-0.569755773406841,-0.969526788505132,-0.773643467427534,-0.837555726474759,-0.909848144967057,-0.785445256160296,-0.384272493327475,-0.444004934129393,-1.21732527311908,-0.911558242630226,-0.67319351540593,-0.620494342313918,-0.601887066668739,-0.600466657719567,-0.562196016520372,-0.216152632150083,-0.69871053666764,-0.855651382052597,-1.13130195465131,-1.13339019479525,-0.946085417243908,-0.571646636129868,-0.71593825275176,-0.777414105828957,-0.877809728241419,-0.963894975231911,-0.367490929903791,-1.00723720358106,-0.573648085257991,-0.905751916506873,-0.548246753341323,-1.17376531728267,-0.74633402219577,-0.77689632987442,-0.513527807859149,-0.410458854850929,0.0587005127631066,-0.376085254966847,-0.65323427697639,-0.751527203204582,-0.487170846083124,-0.605815007708669,-0.838746468088768,-0.512995918425756,-0.6002692007909,-0.494007793907488,-0.829580232182152,-0.363484792995679,-0.682378934286747,-0.597600263298091,-0.561688757941423,-0.775810477487309,-0.505226462944271,-0.914483551563009,-0.755650546229756,-0.0669025533332019,-0.923820668091811,-0.543856568710744,-0.799784033987206,-1.23322096040121,-0.547914033241979,-0.69252288453592,-0.518860584787243,-0.718638772768277,-0.574522884957265,0.28847246373575,-0.783162489495666,-0.566224935388611,-0.60068195999903,0.217077913993497,-0.653790722557568,-0.653851689833047,-0.569897592314005,-0.685835715519622,-0.647904522193843,-0.664556936026652,-0.569034714136114,-0.507817813873977,-0.536494698185429,-0.768897864954003,-0.585376536065427,-0.622528035985135,0.769676042672667,-0.564900394388196,-0.574696478706447,-0.306832622817289,0.364173705936831,-0.540641423031425,-0.665426753584578,1.38662786171898,-0.348425147702436,-0.498591251333388,-0.523080667456721,-0.831156261607636,-0.622281704570721,0.0517578400288591,-0.789447035739829,0.666677248441838,-0.505778909237946,0.482909119422772,1.34203347893304,-0.113952426454732,0.0840621796890015,-0.397363968993432,-0.922357934814868,-1.07695751091064,-0.51839964556374,-1.14684228042207,-0.625888537038413,-0.641289533744246,-0.56888790075037,-0.680264025007797,-0.470465254505972,-0.726381607522248,-0.604395814203172,-0.64437704550372,-0.609921532378848,-0.619881066592517,-0.61712009938149,-0.363912718313512,-0.421387307249072,-1.07104925662024,-0.530264405273805,-0.032484700150699,-0.569578522132877,-0.436105875668738,-0.631759280520507,-0.406700539566019,-0.673273035311341,-0.565998932195026,-0.685817859793634,-0.730817206313231,-0.520238954117215,-0.713193758009176,-0.991190188200663,-0.344789866784545,-0.495183843341153,-0.939394475450667,-0.74095518162433,0.113961192212934,-0.553693741254614,-0.612887431730709,-0.536600271805562,-0.606291521024171,-0.553901067919841,0.164814120440202,-0.621606511720135,-0.974570951392448,-0.48805352537329,-0.865980025698746,-0.543434400240448,-0.15000482032174,-0.617518100327603,-0.563722602978791,-0.0158850191138779,-0.469274127030998,-0.71456688213729,-0.796606268568196,-0.598331963886002,-0.491698944574237,-0.703895512265653,-0.25400832078775,0.205346340597393,-0.813165332182298,-0.94583725016588,-0.472351838475484,0.373796494279139,-0.975604745971856,-0.766724197739351,-0.823990033085211,-0.441980477741417,-0.558717666256494,-0.379161949641383,-1.02737092254885,-0.80000007126719,-0.614835278634353,-0.623039723737013,-0.812575895131137,-0.441748500440315,-0.788012724473105,-0.515370748508433,-0.563155039044776,-0.750713194799017,-0.807101569604255,-0.557916730587529,0.0876849954753734,-0.575643008354943,-0.61899979002849,-0.46950194156598,-0.567597101091729,-0.623788878529261,-0.67680156571333,-0.514869524021752,-0.440109756196063,-0.797330693575754,-0.628134209307874,-1.11711648863016,-0.864582352823089,-0.559609290515974,0.343525420397278,-0.624478446322977,-0.28209598935033,-0.465167799440612,0.0594837669691837,-0.870570227459186,-0.356144439757647,0.34318415679675,-0.442246094950301,-0.590310521918287,-0.597626308220176,-0.535005976446535,-0.605187868317152,-0.86340182998155,0.0582307112094741,-0.599446075410806,-0.518950740640203,"Breast"
"16-Breast-WT",-0.555592417576326,-0.139544144116124,0.925601754108448,-1.03790453368905,-0.104130154990226,-0.127357752367538,-0.489483674713921,-0.621330052080867,-0.751469500348314,-0.587392633752342,-0.5360100599205,-0.427166054873635,-0.642142611977996,-0.906954785415906,-0.522805082503363,0.0309317478673309,0.369304798400088,-0.951756607893985,-0.496697729346053,-0.533225338772386,-0.892044314129933,-0.756759621065685,-0.72953949609161,-0.789134961856544,-0.194040833814887,0.219935869192673,-0.671018873252328,-0.886090803404096,-0.59994073973799,-0.572265270403078,-0.449126948447106,-0.823525490657949,-1.24614815954864,4.5947771282621,0.0602863245763662,-0.964466112786827,1.17197644995704,-0.559309350558077,-0.150661702247082,-0.97766678067334,0.531654651011149,-0.985369683958035,-1.07616298942653,-0.536928301917431,-0.535926408238852,-0.155393499399141,-0.800523516316676,1.25546008416761,-0.894666522630992,-0.757778983174664,-0.804466674495576,-0.722133608031586,1.0288175366326,-1.06642129487193,-0.559247717928647,-0.374389587264773,-0.457301332060047,-0.488378971130679,-0.535578881140264,-1.23558207417991,-0.940150463465516,2.16232455685243,-0.78169417422122,-0.361091310062088,-0.742272368002153,-0.597562997079172,0.0108457011836535,-0.866321075755571,-1.04370646394947,-0.536266429929523,-0.890457490909887,0.133436507261205,-0.62582241159886,-0.811355606421236,-0.594144064245794,-0.427209662751993,-0.884442638278434,-0.726511286645635,-0.518709942838152,-0.310167173709315,-0.824570369406007,-0.472497315307328,-1.33974894891408,2.97866140033317,0.0545118431285974,-0.539991255188735,-0.729222797826837,-0.510050775686776,-0.56503564513667,-1.15438649345439,-1.06249646629166,-0.669846754352312,-0.439395440768505,-0.200871924458076,-0.824109659368058,-0.386236372075434,-0.370292957722169,-0.652696741503466,-0.580182792717566,-0.893144250525708,-0.504580611844278,-0.946777991831266,0.779860814107807,-0.824988666868521,-0.908370117980451,-0.612012511430763,-0.949267944187187,-0.00923024270493599,0.294347097145179,-0.281357818032412,-0.699577466702064,-0.173404705628898,-1.20970090202904,-0.592394335996418,-0.563564816816346,-0.852561903334732,-0.415332247460931,-0.0533064507702897,-0.556437840594048,-0.749289324826282,-0.864139486256635,-0.068552622625677,-0.434538970011261,-0.540935274554197,-1.07839485829627,-0.466481924852692,0.490045761730838,-0.71314737154191,-0.467269611423203,-0.187517532088847,-0.612032059829267,-0.42618686188652,-0.515214523200561,-0.563237817945086,-0.652232400369068,-0.433250890230484,-1.24113329272812,-0.628682208598634,-0.96051637736292,-0.622774284236347,-0.737392949006521,-0.521167552986871,-0.612884497674013,-0.74594206276323,-0.922939115191811,-0.259162675187531,-0.680795110743151,-0.630959826187288,-0.445041103063912,-0.360394763248112,-0.0206071025174676,-0.890910331806786,-0.544945209809633,-0.397905344110572,0.616201159136331,-0.946374554527438,-0.803191037428762,-1.15278844781279,-0.881133953461138,0.165939970818525,-0.734826377158786,0.242835841390813,-0.797373187578022,-1.16230080545647,-0.20243875248318,-0.440422043770802,0.0828738550002113,-0.533884030225674,0.136845575614126,-0.517026089783175,-0.717586015732752,-1.01100613021998,-0.610435765773476,-0.213340975498113,-0.529739447900487,-0.991195534761472,-0.484444351416916,-0.724735509236815,-0.678992283559333,-0.399898634726296,-0.465400568692601,-0.659554194522494,-0.549901501435321,-0.59156966366512,-0.686166850667112,-0.567826653865324,3.34844815276029,-0.604672312694452,-0.547273332987266,-0.551980064673498,-0.836461434415258,-0.106173933523619,-0.954138085945745,-1.07570883995699,0.0268032289106504,-0.872091461738152,-0.889556386155257,-0.938444320238906,0.204446309138355,-0.578418903939853,-0.440845057560506,-0.402800957411009,0.0482681594910183,-0.574567391161672,-0.197739602738063,-1.03292766190848,1.20574838231682,-0.784182116331742,-0.942128781907115,-1.07295113119153,-0.490191614502914,-0.724722993416231,-0.387458469999575,0.561465911645197,-0.540468262292562,-1.49858573859642,-0.749562816960677,-1.36414126696315,-0.826299878399175,-0.721727210801833,-0.876317725753786,-0.875446007171464,-0.969552848986112,-0.752576497540583,-0.774127007600307,-0.657239406583379,-0.739571250856207,-0.769269638931583,-0.547342081550196,-0.66549608966086,0.302602725275757,-0.0542127126234241,0.357429767919643,-0.802317558831034,-0.431584442518366,0.142899223406967,-0.631943764721935,-0.579507915169398,-0.620100662679788,-0.503796517211337,-1.0770163128063,-1.02984446404236,-0.939825400487642,-0.565716258033358,-0.557349591175902,-1.1375069142073,-0.784836817405025,-0.670603752641226,-0.362836635108256,-0.0141332668970811,0.772294099502647,-1.0669610666387,-0.910153925924088,-0.680703938055349,-0.679399709028993,-0.798624539569438,-0.58636397201414,-0.590419110099479,-0.479183249951239,-0.480069992234332,-0.654451544220782,-0.755865250545603,1.06597873934522,-0.873831727472401,-0.306323145955382,-0.453520463080941,-0.475498315316322,-0.902316908801359,-0.632054548348183,-1.00035456820405,-0.605022983692602,-0.915536831645335,-0.510090427485673,-0.114031096171137,-0.704852117823712,-0.657270497541832,-0.49858944200454,-0.495454091056586,-0.625430816380737,1.63954255168263,-0.73139551936346,-0.618696368735234,-0.513248218781385,-0.586212932084341,-0.418816240327903,-0.637586357654596,-0.419171849570317,-0.75044380689557,1.49289655955654,-0.503708930529297,-1.19847869296447,-0.924514780586802,-0.744742150157807,-0.813303292440974,0.612706485258903,-0.816725390488356,-0.404812961836128,-0.831170933594364,-0.800640494297979,-1.00352564046401,-0.763076391897337,-0.370256802018577,-0.60699609384901,-0.943549081967018,-0.972280070282039,-0.923566729405713,-0.492093429498443,-0.686831018006182,-0.356127764920938,-0.426152405790388,0.893353408008992,-0.826222229547082,-0.627488378610812,-0.429499750025505,-0.464375891526999,-0.886517603314692,-1.06964048874916,-0.455236351660987,-0.742946755276486,0.681957691505216,-1.18959503173864,-0.755829565716357,-0.695561095741128,-1.56799886993584,-0.796526001879866,-0.708710560777974,-0.0706944393338385,-0.79167821863407,-0.809608919621213,-0.965937838928799,-0.504623527225731,-0.863563219649252,0.150730721694004,-0.680117437351813,-0.466764426657629,-0.836854594027651,-0.561253030076281,0.50805144060614,-0.444598034495984,-1.42991269894957,-0.0676656319511944,-0.799233124164901,-0.940150205056253,-0.477833002749308,-1.00872672885233,-0.414352476826801,-0.867875810443468,-0.747265772882252,-0.618950848071241,-0.430499440370047,-0.796259557655844,-0.77458771809739,-0.493593930889384,-0.234504643305628,-0.558555906049502,-0.598213055580144,-0.710284973869927,-0.614764475187905,-0.992635795037461,-1.13688436302446,-1.10386469962424,-0.747997090271536,-1.01074181138039,-0.566010699037032,-0.603032598624489,-0.730318235371536,-0.598204255115836,-0.71157305436993,-0.606204342383374,-0.63129034137311,-0.386808567195655,-0.473937637058681,-0.611795123566646,-0.675677485964019,-0.799036810595303,-0.764417769029699,-0.735411990123146,0.419226001657402,-0.889325548542612,-1.13280417093144,-0.388200013230897,-0.672522450531549,-0.689569785356508,-0.125276936651169,-0.538722496195877,-0.7995406586986,-0.574547412051676,-0.819944378140991,-0.380430093207073,0.119805761301773,-0.895298276157752,-0.543996565944918,1.06180834906158,-1.21080455522408,-0.653697914574418,-0.658091677882378,-0.719112826150793,0.159852463059793,0.00839229891262347,1.09528557952039,-0.580755287411444,-0.836916634773705,-0.689391508662824,-0.740417895485083,-0.591226315601407,-0.517699977761507,0.556899575782369,-0.839734362004915,-0.521979735973987,-0.61052131080658,-0.545495229195593,-0.524254694445744,0.242524055682715,-0.745395082740569,-0.719523549783808,-0.588297561945064,-0.127231846107236,-0.85534945010494,-0.794015296702858,-0.302362432103094,-0.788184218742662,-0.495614760728454,-0.703162064501704,-1.05758031450463,-0.997877754173032,-0.677053451143998,-0.593681714206644,-0.792912836073741,-0.598637045425795,-0.757800053491713,-0.694758292889573,-0.55321502257966,-0.491183982143826,-0.392786433490695,-0.761647247973245,-0.998362605765605,-0.485816253127067,-1.26637581039537,0.166604413191995,-0.608508425207776,-0.616708057714315,1.3942987296014,-0.716476224852673,-0.609571261310305,-0.99456836848483,-0.4791466881953,-0.527848653802147,-0.581450107692442,-0.623221682356157,-0.0765986045956986,-0.456566211138298,-1.05164396061653,-1.12769225180755,-0.781460697748757,-0.441282341989839,-1.20266300647864,-0.693610145686299,-0.278647691129243,-0.569755773406841,-0.969526788505132,-0.773643467427534,1.0455779413965,-0.909848144967057,-0.785445256160296,-0.384272493327475,-0.777454081363004,-1.21732527311908,-0.911558242630226,-0.67319351540593,-0.620494342313918,-0.601887066668739,-0.600466657719567,-0.533345223489271,-0.38751574861699,-0.69871053666764,-0.236396698366873,-1.13130195465131,-1.13339019479525,-0.745340127786559,-0.571646636129868,-0.71593825275176,-0.777414105828957,-0.877809728241419,0.0643069342100443,-0.367490929903791,0.609152299792322,-0.573648085257991,-0.905751916506873,-0.548246753341323,-1.17376531728267,-0.74633402219577,-0.77689632987442,-0.513527807859149,-0.410458854850929,-0.702854463496712,-0.376085254966847,-0.65323427697639,0.269051402201512,0.294034524332117,-0.605815007708669,-0.838746468088768,-0.512995918425756,-0.6002692007909,-0.494007793907488,-0.829580232182152,-0.561241955075531,0.0669586154009235,-0.597600263298091,-0.561688757941423,-0.775810477487309,-0.505226462944271,-0.380492274213206,-0.755650546229756,-0.800938882071613,-0.923820668091811,0.543471793532262,-0.799784033987206,-1.07048980864911,-0.547914033241979,-0.69252288453592,-0.518860584787243,-0.718638772768277,-0.574522884957265,-0.766028616235394,-0.783162489495666,-0.566224935388611,-0.60068195999903,-0.675382976552414,-0.653790722557568,-0.653851689833047,-0.569897592314005,-0.685835715519622,-0.647904522193843,-0.664556936026652,-0.569034714136114,-0.507817813873977,0.99533431685912,0.0310353731209274,-0.585376536065427,-0.622528035985135,-0.454210725594474,-0.564900394388196,-0.574696478706447,-0.0074444148131816,-0.785105315526192,-0.540641423031425,-0.665426753584578,-0.539307094691963,-0.348425147702436,-0.498591251333388,-0.523080667456721,-0.184079684261469,-0.622281704570721,-0.782401068500164,-0.789447035739829,-0.557501763870755,-0.505778909237946,-0.624275977269652,-0.11988611282297,-0.743846574768942,-0.846638841230125,-0.397363968993432,-0.922357934814868,-0.608075166892181,-1.14934390124832,-0.442359669167414,-0.625888537038413,-0.641289533744246,-0.56888790075037,0.21113244666947,-0.470465254505972,-0.726381607522248,-0.604395814203172,-0.64437704550372,-0.609921532378848,-0.619881066592517,-0.61712009938149,-0.363912718313512,-0.421387307249072,-0.605036934660355,-0.530264405273805,0.2847262396439,-0.569578522132877,-0.436105875668738,-0.631759280520507,-0.406700539566019,-0.673273035311341,-0.565998932195026,-0.685817859793634,-0.730817206313231,-0.520238954117215,-0.713193758009176,-0.991190188200663,-0.344789866784545,-0.495183843341153,-0.939394475450667,-0.74095518162433,-0.726611845001168,-0.553693741254614,-0.612887431730709,-0.536600271805562,-0.606291521024171,-0.553901067919841,-0.479383335875246,-0.621606511720135,-0.974570951392448,-0.48805352537329,-0.865980025698746,-0.543434400240448,0.0417140446159068,-0.617518100327603,-0.563722602978791,0.14199035187024,-0.469274127030998,-0.71456688213729,-0.796606268568196,-0.598331963886002,-0.491698944574237,0.795540894087163,0.00225130556518977,-0.683218747620856,0.0439165613273693,-0.94583725016588,-0.472351838475484,-0.494377357867234,-0.975604745971856,0.361167618494478,-0.823990033085211,-0.926108184691356,-0.558717666256494,-0.379161949641383,-1.02737092254885,-0.72296042422656,-0.614835278634353,-0.623039723737013,-0.812575895131137,-0.441748500440315,-0.788012724473105,0.512286128432563,-0.612200138837991,-0.750713194799017,-0.807101569604255,-0.557916730587529,-1.05244496011756,1.39548347691208,-0.61899979002849,-0.46950194156598,-0.567597101091729,-0.623788878529261,-0.67680156571333,-0.514869524021752,-0.440109756196063,-0.797330693575754,-0.628134209307874,-1.11711648863016,-0.864582352823089,-0.559609290515974,0.62889183306236,-0.624478446322977,-0.72921406656607,-0.465167799440612,-0.735980601657659,0.0483565454374911,-0.978836790500469,-0.528878550032712,-0.442246094950301,-0.590310521918287,-0.597626308220176,-0.535005976446535,-0.254040504642396,-0.86340182998155,-0.882104756219481,-0.599446075410806,-0.518950740640203,"Breast"
"21-Breast-WT",-0.555592417576326,-0.665330012844802,2.89148002957669,0.713396837293751,0.141576333783066,-0.191045394751481,-0.489483674713921,0.396012307922511,0.0277190937531164,-0.587392633752342,-0.5360100599205,-0.427166054873635,-0.642142611977996,-0.906954785415906,-0.522805082503363,0.570670352501917,-0.57729235363827,0.704246256819054,-0.496697729346053,-0.533225338772386,-0.892044314129933,0.0645205795692792,-0.72953949609161,-0.525710276691204,-1.18728595031787,-0.827645208103337,-0.671018873252328,-0.886090803404096,-0.59994073973799,-0.328230868673544,-0.449126948447106,-0.823525490657949,-0.818778161660251,-0.309529644846314,-0.486686258690845,-0.964466112786827,-0.497006264132812,-0.559309350558077,0.128394704969506,-0.97766678067334,0.19394085813278,0.192265486752994,0.360103563466805,0.333571869341559,-0.535926408238852,0.599066866532506,-0.800523516316676,-0.684422976084699,-0.894666522630992,-3.06961853729088e-05,-0.804466674495576,-0.722133608031586,-1.00553084851786,-0.264902928408939,-0.559247717928647,-0.374389587264773,-0.457301332060047,-0.488378971130679,-0.535578881140264,-0.503801560969984,0.665318893243153,-0.466862369479199,0.965289227839556,-0.361091310062088,-0.742272368002153,-0.597562997079172,0.925161216776019,0.271175541577913,-0.460403350278185,-1.45676630659201,0.879767892151104,-0.950184227790595,-0.62582241159886,-0.811355606421236,1.62234601731569,-0.427209662751993,0.269126276097706,-0.726511286645635,-0.518709942838152,-0.0237072852157644,-0.824570369406007,-0.472497315307328,-1.33974894891408,1.63984052406706,-0.632421218362915,-0.539991255188735,-0.729222797826837,-0.510050775686776,-0.56503564513667,-1.15438649345439,-1.06249646629166,-1.04938131129347,-0.439395440768505,1.08893481373558,-0.824109659368058,-0.386236372075434,-0.370292957722169,-0.652696741503466,-0.580182792717566,0.821879412116797,-0.504580611844278,1.02657759336222,-1.00272583549808,-0.0921709250681598,1.16171622570694,-0.612012511430763,-0.949267944187187,-0.432758890040061,-0.877494153250386,-1.16329464966875,-0.699577466702064,-0.848866007382096,-1.20970090202904,-0.592394335996418,-0.563564816816346,-0.852561903334732,-0.415332247460931,-0.669524117057909,-0.556437840594048,-0.749289324826282,0.262850966299481,1.02490558483555,-0.434538970011261,-0.540935274554197,0.329273138865457,-0.466481924852692,-1.07767110647549,-0.71314737154191,-0.467269611423203,-0.236170273156009,-0.612032059829267,-0.42618686188652,-0.515214523200561,-0.563237817945086,-0.652232400369068,-0.433250890230484,-1.24113329272812,1.35092792581619,-0.96051637736292,-0.148280915128274,-0.681163192210046,-0.521167552986871,0.610548199043751,-0.74594206276323,-0.500119709300165,-0.66028815963454,-0.680795110743151,-0.630959826187288,-0.445041103063912,-0.360394763248112,-0.478709479957342,-0.622460066845913,-0.544945209809633,-0.481811469625281,-1.12931857316399,-0.946374554527438,0.897280362429038,-1.15278844781279,-0.881133953461138,-0.938055876675319,-0.107257402928735,-1.23041210025291,1.26169290908583,-0.726312552596939,-1.47320437666668,-0.440422043770802,-0.345723259218342,-0.533884030225674,0.526149001507582,0.228567064420595,-0.717586015732752,-1.01100613021998,-1.19702951435578,-0.11366593201479,-0.529739447900487,-0.0808227893788331,-0.484444351416916,-0.724735509236815,-0.00182803718109832,-0.399898634726296,-0.465400568692601,-0.480057759885042,-0.973312654081767,-0.59156966366512,-0.686166850667112,-0.567826653865324,3.9883051710481,-0.581810948302035,-0.547273332987266,-0.551980064673498,-0.836461434415258,-0.697113880119278,0.52119034934137,0.202465250782615,-0.568918509145669,-0.872091461738152,-0.889556386155257,-0.938444320238906,-0.654078746223719,-0.578418903939853,-0.440845057560506,-0.402800957411009,0.323331867562556,-0.574567391161672,0.0384640908654384,1.16919686797314,-0.660262121385938,-0.784182116331742,-0.147608486821215,-0.0582466007237526,-0.490191614502914,-0.724722993416231,-0.387458469999575,-0.102992746075455,0.308288911752256,-0.55546251864601,-0.749562816960677,-1.36414126696315,-0.826299878399175,-0.721727210801833,-0.876317725753786,-0.875446007171464,-0.969552848986112,-0.752576497540583,-0.774127007600307,-0.657239406583379,-0.739571250856207,-0.769269638931583,-0.547342081550196,-0.66549608966086,-0.400497512029309,0.651533460675079,-0.0195035871624236,-0.802317558831034,-0.431584442518366,-0.109997006322732,-0.631943764721935,-0.579507915169398,-0.620100662679788,-0.503796517211337,0.862045844934447,0.406621777877401,-0.939825400487642,0.455457107702347,-0.557349591175902,-1.1375069142073,-1.27171435999534,-0.670603752641226,-0.362836635108256,0.476324167336016,-0.902564283763228,-1.0669610666387,-0.946760645844194,-0.680703938055349,-0.679399709028993,-0.798624539569438,-0.58636397201414,-0.590419110099479,-0.479183249951239,0.418869117924086,-0.185901583962616,-0.755865250545603,-0.376225901798093,0.784780521401438,-1.09491872168078,4.23472699332187,-0.475498315316322,-0.902316908801359,-0.632054548348183,-1.00035456820405,-0.605022983692602,1.39095194836248,-0.749007328885631,-1.52152170269417,-0.704852117823712,0.309101964393874,0.888167080844541,-0.495454091056586,-0.625430816380737,5.43366930193251,-0.73139551936346,-0.618696368735234,-0.513248218781385,-0.586212932084341,-0.418816240327903,-0.637586357654596,-0.419171849570317,-1.10378034554778,-0.504768109875833,-0.503708930529297,-0.215111491813931,-0.924514780586802,-0.93511749801578,-0.813303292440974,-0.793665704950216,-0.816725390488356,-0.404812961836128,-0.831170933594364,-0.800640494297979,-1.00352564046401,-0.763076391897337,-1.42603282070303,-0.60699609384901,1.00592062089409,-0.972280070282039,-0.923566729405713,-0.492093429498443,-1.12976969199847,-0.356127764920938,-0.426152405790388,-0.160799766704093,-0.826222229547082,-0.627488378610812,-0.429499750025505,-0.464375891526999,0.706691656046455,-1.06964048874916,-0.455236351660987,2.0449146666441,-0.582032151080456,-1.18959503173864,-0.755829565716357,-0.841845683018125,0.617656387339023,-0.796526001879866,1.42507480308316,-0.155586274516878,0.277428090779718,1.20444431106039,-0.965937838928799,-0.504623527225731,-0.863563219649252,-0.139109315742658,-0.680117437351813,-0.466764426657629,-0.836854594027651,-0.561253030076281,0.164250197179772,-0.444598034495984,-0.620817253019021,-0.869130914118606,0.672299448523741,-0.940150205056253,-0.477833002749308,-0.34395683369588,-0.414352476826801,-0.867875810443468,-0.747265772882252,-0.618950848071241,-0.430499440370047,-0.0161352574710843,-0.77458771809739,-0.493593930889384,-0.96499962340129,-0.558555906049502,-0.598213055580144,-0.710284973869927,-0.614764475187905,-0.512750226117385,-0.29189772997791,-1.10386469962424,0.351724217972061,-1.01074181138039,-0.566010699037032,-0.603032598624489,-0.730318235371536,-0.598204255115836,-0.71157305436993,-0.606204342383374,-0.63129034137311,-0.386808567195655,-0.473937637058681,0.145395150482755,-0.675677485964019,-0.19956059074578,-0.764417769029699,-0.735411990123146,-0.858462959667144,-0.889325548542612,-0.324203392957089,-0.388200013230897,-0.672522450531549,-0.689569785356508,-1.15140774083531,-0.538722496195877,-0.7995406586986,-0.574547412051676,-0.819944378140991,-0.380430093207073,-0.834709508043328,-0.895298276157752,-0.543996565944918,-0.760805550465173,-0.471201842443838,-0.653697914574418,-0.658091677882378,-0.719112826150793,-1.08773769552895,-0.0589525434306761,-0.775032802607551,-0.580755287411444,-0.836916634773705,-0.689391508662824,-0.740417895485083,0.700664479095045,-0.517699977761507,0.46967367254063,-0.839734362004915,-0.521979735973987,-0.61052131080658,-0.545495229195593,-0.524254694445744,-0.831984299900153,0.295414255997717,-0.719523549783808,-0.588297561945064,-0.267889080448307,-0.85534945010494,-0.794015296702858,-0.685885155974267,-0.788184218742662,-0.495614760728454,0.0582410595234403,-0.175267230025934,-0.997877754173032,1.42821536123194,-0.593681714206644,0.812938296870333,-0.598637045425795,-0.757800053491713,-0.694758292889573,-0.55321502257966,1.05822165967182,-0.392786433490695,-0.761647247973245,-0.114231424269762,-0.485816253127067,1.32629098539813,-0.847748388510819,-0.608508425207776,-0.616708057714315,-0.682642890579754,-0.716476224852673,0.114846937406935,0.69931901311238,-0.4791466881953,-0.527848653802147,-0.581450107692442,-0.623221682356157,0.510342176284648,-0.456566211138298,-0.134455502783754,-0.370735389937494,-0.781460697748757,-0.441282341989839,-0.651180831633285,-0.693610145686299,-1.23680153364744,1.30278691441304,-0.969526788505132,-0.773643467427534,-0.837555726474759,0.430247754427993,-0.785445256160296,-0.384272493327475,-0.777454081363004,-0.120785314448905,-0.911558242630226,-0.67319351540593,-0.620494342313918,-0.601887066668739,-0.600466657719567,-0.0733179586337667,-1.56744407700638,-0.69871053666764,-0.286931657838173,-1.13130195465131,-0.429107806683929,-0.563083350036705,-0.571646636129868,-0.71593825275176,-0.777414105828957,-0.877809728241419,-0.963894975231911,-0.367490929903791,-1.00723720358106,-0.573648085257991,-0.905751916506873,-0.548246753341323,-0.828030646779227,-0.0391233359875332,-0.77689632987442,-0.513527807859149,5.24073774628998,0.21382503347302,-0.376085254966847,0.699172384551632,2.16409839377171,-0.487170846083124,-0.605815007708669,2.09413962917935,-0.512995918425756,-0.6002692007909,-0.494007793907488,3.03848574699648,0.0828512306896148,0.00561014748823432,-0.597600263298091,-0.561688757941423,-0.0502439449443324,-0.505226462944271,-0.222211458155517,-0.755650546229756,-0.800938882071613,0.374695780000846,-0.543856568710744,-0.799784033987206,-0.28036090752646,-0.547914033241979,0.356468379434175,-0.518860584787243,-0.718638772768277,-0.574522884957265,0.502068397771206,-0.783162489495666,-0.566224935388611,-0.60068195999903,-0.675382976552414,-0.653790722557568,-0.653851689833047,0.24577670937855,0.432764430686305,-0.647904522193843,-0.664556936026652,-0.569034714136114,-0.507817813873977,1.44452513813778,-0.0344553774877778,0.386711144746039,-0.622528035985135,-0.454210725594474,-0.564900394388196,4.53578991465302,-0.0384174207700051,0.345744588346944,0.901272760947482,-0.665426753584578,-0.539307094691963,-0.348425147702436,-0.498591251333388,-0.523080667456721,-0.831156261607636,-0.622281704570721,-0.782401068500164,-0.789447035739829,-0.557501763870755,-0.505778909237946,1.24733423536068,0.529193622495695,-0.743846574768942,0.0693148078307213,-0.397363968993432,-0.922357934814868,-0.333629716226107,-1.14934390124832,0.414335651802548,-0.625888537038413,-0.641289533744246,-0.56888790075037,-0.680264025007797,-0.470465254505972,-0.726381607522248,-0.604395814203172,-0.64437704550372,-0.609921532378848,-0.619881066592517,-0.61712009938149,-0.363912718313512,-0.421387307249072,-0.0891302830016751,-0.530264405273805,1.32100199940598,0.870046286589539,-0.436105875668738,-0.631759280520507,-0.406700539566019,-0.673273035311341,-0.565998932195026,-0.685817859793634,-0.730817206313231,-0.520238954117215,-0.713193758009176,-0.991190188200663,-0.344789866784545,-0.495183843341153,-0.439956042128411,-0.74095518162433,-0.726611845001168,0.948483804222573,-0.612887431730709,-0.536600271805562,-0.606291521024171,-0.553901067919841,-0.479383335875246,-0.621606511720135,-0.974570951392448,-0.48805352537329,2.21915489177698,-0.543434400240448,-0.767155531633286,-0.617518100327603,3.29539337559285,2.0420853846857,-0.469274127030998,-0.71456688213729,-0.796606268568196,3.43800737796768,0.401523345921586,0.425157943343735,-1.04099346179994,-0.683218747620856,-0.813165332182298,-0.94583725016588,-0.472351838475484,-0.494377357867234,0.409923385456845,-0.766724197739351,-0.823990033085211,-0.926108184691356,-0.558717666256494,-0.379161949641383,-1.02737092254885,-0.97929776566714,-0.614835278634353,-0.623039723737013,-0.207316353225859,-0.441748500440315,-0.33453198430158,-0.515370748508433,-1.2541307915187,-0.750713194799017,0.565023184351424,-0.557916730587529,-1.05244496011756,-0.575643008354943,-0.61899979002849,-0.46950194156598,-0.567597101091729,-0.623788878529261,-0.67680156571333,-0.514869524021752,-0.440109756196063,-0.797330693575754,-0.628134209307874,-1.11711648863016,-0.24463252369094,-0.559609290515974,-0.575080500923803,0.00875750307217661,-0.72921406656607,-0.465167799440612,-0.735980601657659,1.2459118456646,-0.978836790500469,-0.528878550032712,-0.442246094950301,-0.590310521918287,-0.597626308220176,-0.535005976446535,-0.896934487655508,-0.86340182998155,0.249771825427974,-0.599446075410806,-0.518950740640203,"Breast"
"33-Breast-Her2-ampl",-0.555592417576326,-0.665330012844802,0.877970650599783,-1.03790453368905,-0.639803054329789,-0.279940683941507,-0.489483674713921,-0.292612058050424,-0.569890302907618,-0.587392633752342,-0.5360100599205,-0.427166054873635,-0.642142611977996,-0.906954785415906,-0.522805082503363,-0.752977471009251,-0.57729235363827,-0.951756607893985,1.20708146030397,-0.533225338772386,-0.892044314129933,-0.756759621065685,-0.72953949609161,-1.10737391109703,-1.18728595031787,0.407419432850802,0.0497824765760207,-0.886090803404096,-0.59994073973799,-0.572265270403078,-0.449126948447106,-0.823525490657949,-0.925913837600353,-0.309529644846314,-0.535658884647102,-0.964466112786827,2.0416440196028,-0.559309350558077,-1.02101779530071,0.805293866031917,0.277200517399952,-0.472774712337596,-1.07616298942653,-0.536928301917431,-0.535926408238852,-0.329617838608755,-0.800523516316676,-0.684422976084699,-0.894666522630992,-0.757778983174664,-0.804466674495576,-0.722133608031586,-1.00553084851786,-1.06642129487193,-0.559247717928647,-0.374389587264773,3.41786296987815,-0.488378971130679,1.21266573308701,-0.98737665686853,-0.940150463465516,3.51423965560834,0.213691868614194,-0.361091310062088,-0.742272368002153,-0.597562997079172,-1.01277899053072,-0.072197123890861,-0.67794867356963,-1.21412899604016,-0.890457490909887,-0.950184227790595,-0.62582241159886,-0.811355606421236,-0.594144064245794,-0.427209662751993,-0.884442638278434,-0.726511286645635,-0.518709942838152,-0.310167173709315,-0.824570369406007,-0.472497315307328,-1.33974894891408,-0.572367111065056,-0.632421218362915,-0.539991255188735,-0.729222797826837,-0.510050775686776,-0.56503564513667,-0.162616287680949,-1.06249646629166,-0.528886631341807,-0.439395440768505,-0.806924516606813,-0.824109659368058,-0.386236372075434,-0.370292957722169,-0.652696741503466,-0.580182792717566,-0.893144250525708,-0.504580611844278,0.771037072390723,-1.00272583549808,-0.0497806001092151,-0.908370117980451,-0.612012511430763,-0.949267944187187,-0.812628501466368,-0.877494153250386,-0.395396403408267,-0.699577466702064,-0.848866007382096,-1.20970090202904,-0.592394335996418,-0.563564816816346,-0.852561903334732,-0.415332247460931,-1.15053595143586,-0.556437840594048,-0.749289324826282,-0.864139486256635,-1.27839469908618,-0.434538970011261,-0.540935274554197,0.549094680795665,-0.466481924852692,-1.07767110647549,-0.71314737154191,-0.467269611423203,0.0331945119694482,-0.612032059829267,-0.42618686188652,-0.515214523200561,-0.563237817945086,-0.652232400369068,-0.433250890230484,-0.305575814590733,-0.628682208598634,0.560946603386489,-0.622774284236347,-0.80880362784017,-0.521167552986871,-0.318377720821729,-0.74594206276323,-0.922939115191811,-1.11633127205757,-0.680795110743151,-0.630959826187288,0.0169279094736906,-0.360394763248112,-1.12185750843372,-1.02800387900451,-0.544945209809633,-0.4271222340884,-1.12931857316399,-0.946374554527438,-0.803191037428762,-1.15278844781279,-0.881133953461138,-0.938055876675319,0.625912290145259,-1.23041210025291,-0.797373187578022,-1.16230080545647,-0.867350973917578,-0.440422043770802,-0.832999110597407,-0.533884030225674,-0.866575554810563,-0.517026089783175,-0.717586015732752,0.800979802512317,-1.19702951435578,-1.02331441862592,-0.529739447900487,-0.991195534761472,-0.484444351416916,-0.724735509236815,-0.296217358146055,-0.399898634726296,-0.465400568692601,-0.525055003371339,-0.561877773231493,-0.59156966366512,-0.686166850667112,-0.567826653865324,-0.388287405092906,-1.49053808632399,-0.547273332987266,-0.551980064673498,-0.836461434415258,-0.697113880119278,-0.528754133211713,-0.407154802200344,-0.249960148920805,-0.872091461738152,-0.889556386155257,-0.938444320238906,-0.654078746223719,-0.578418903939853,-0.440845057560506,-0.402800957411009,-0.390158065489662,-0.574567391161672,-1.49412850618667,-1.03292766190848,-0.660262121385938,-0.784182116331742,0.0738797545497605,-1.07295113119153,-0.490191614502914,-0.724722993416231,-0.387458469999575,-0.67265289501153,-0.560523137927021,-1.22629460181906,-0.749562816960677,-0.226696024312806,-0.826299878399175,-0.721727210801833,-0.210099475019461,0.709474150965837,-0.969552848986112,-0.752576497540583,-0.174430544006438,-0.657239406583379,-0.739571250856207,-0.769269638931583,-0.547342081550196,-0.66549608966086,-0.400497512029309,-0.155770058300883,-0.961280804736148,-0.802317558831034,-0.431584442518366,-1.3076438001904,-0.631943764721935,-0.579507915169398,-0.620100662679788,-0.503796517211337,-1.0770163128063,-1.02984446404236,-0.939825400487642,-0.550725633184458,-0.557349591175902,-1.1375069142073,-0.871972988864555,-0.670603752641226,-0.362836635108256,-0.626621530675069,-0.902564283763228,0.116217042986673,-1.35873215774737,-0.680703938055349,-0.679399709028993,-0.798624539569438,-0.58636397201414,-0.590419110099479,-0.479183249951239,-0.958195410267415,-0.654451544220782,-0.755865250545603,-0.942110585579901,-0.873831727472401,-1.09491872168078,4.33484919036881,-0.475498315316322,-0.902316908801359,-0.632054548348183,-1.00035456820405,-0.605022983692602,-0.915536831645335,-0.650609375302788,0.0421639660046708,-0.704852117823712,-0.657270497541832,-0.49858944200454,-0.495454091056586,-0.625430816380737,2.01929370503003,-0.73139551936346,-0.210254299276673,-0.513248218781385,-0.586212932084341,-0.418816240327903,-0.637586357654596,-0.419171849570317,-0.619213696114794,-0.504768109875833,-0.503708930529297,-1.19847869296447,-0.924514780586802,-0.24190692549165,-0.813303292440974,-0.793665704950216,-0.816725390488356,-0.404812961836128,-0.831170933594364,-0.800640494297979,-0.651222814417519,-0.763076391897337,-0.904934061063702,-0.60699609384901,-0.943549081967018,-0.554602745252583,-0.923566729405713,-0.492093429498443,-1.12976969199847,-0.356127764920938,-0.426152405790388,-1.21479747878706,-0.826222229547082,-0.627488378610812,-0.429499750025505,1.96573047019679,-0.886517603314692,0.658808108480379,-0.455236351660987,-0.742946755276486,-0.582032151080456,-1.18959503173864,-0.755829565716357,-0.127520254697906,-0.764218950009498,-0.796526001879866,-0.708710560777974,-1.12086668854464,-0.79167821863407,-0.809608919621213,-0.965937838928799,-0.504623527225731,-0.863563219649252,-1.41377333935745,-0.680117437351813,-0.466764426657629,-0.836854594027651,-0.561253030076281,-0.0974205155238852,-0.444598034495984,0.0605721882908511,-0.869130914118606,-0.799233124164901,-0.316368711819398,-0.477833002749308,-0.833239324271232,-0.414352476826801,-0.867875810443468,-0.747265772882252,-0.618950848071241,-0.430499440370047,0.21271668432809,-0.77458771809739,-0.493593930889384,-0.96499962340129,-0.558555906049502,0.949890697222312,-0.710284973869927,-0.614764475187905,-0.902721267033048,-0.046230154875875,-1.10386469962424,-0.747997090271536,-1.01074181138039,-0.566010699037032,-0.603032598624489,-0.730318235371536,-0.598204255115836,-0.71157305436993,-0.606204342383374,0.239095325801439,-0.386808567195655,-0.473937637058681,-1.29886892519051,-0.675677485964019,-0.799036810595303,0.0335959685535739,-0.735411990123146,-0.858462959667144,0.126515588234573,-1.13280417093144,-0.388200013230897,-0.672522450531549,-0.0331164342011038,-1.15140774083531,-0.538722496195877,-0.7995406586986,-0.574547412051676,-0.819944378140991,-0.380430093207073,-0.834709508043328,-0.895298276157752,-0.543996565944918,-0.760805550465173,-1.21080455522408,1.45537530038586,-0.658091677882378,-0.719112826150793,0.612659424039236,-0.814187642569382,-0.775032802607551,-0.580755287411444,-0.836916634773705,-0.689391508662824,0.446212765815944,-0.591226315601407,-0.517699977761507,-0.508516510850491,0.380532108916738,-0.521979735973987,-0.384373161947629,-0.545495229195593,-0.524254694445744,0.444324964754637,1.14209820828523,-0.719523549783808,-0.588297561945064,0.389628476708893,-0.85534945010494,-0.794015296702858,-0.301071484754906,-0.788184218742662,-0.495614760728454,-1.18836044397162,-1.05758031450463,-0.570785512441628,-0.677053451143998,-0.593681714206644,0.286430203815435,-0.598637045425795,0.605755933209074,-0.694758292889573,-0.55321502257966,-1.1319511214443,-0.392786433490695,-0.761647247973245,-0.998362605765605,-0.485816253127067,-1.26637581039537,-0.847748388510819,-0.608508425207776,-0.616708057714315,0.0397343230960286,-0.716476224852673,-0.609571261310305,-0.420035408344076,-0.4791466881953,-0.527848653802147,-0.581450107692442,-0.623221682356157,-0.8505480634225,-0.456566211138298,-1.11090953864947,-0.353156584733512,-0.781460697748757,-0.441282341989839,-0.909560584710832,-0.693610145686299,-0.275294387150191,-0.569755773406841,-0.969526788505132,-0.773643467427534,-0.837555726474759,-0.909848144967057,-0.785445256160296,-0.384272493327475,-0.777454081363004,-1.21732527311908,0.540426696439715,-0.67319351540593,-0.620494342313918,-0.601887066668739,-0.600466657719567,-0.756604346239177,-0.177316112312606,-0.537140422852324,-0.855651382052597,-1.13130195465131,-0.604953195924183,-0.805091949929168,-0.571646636129868,-0.71593825275176,-0.777414105828957,-0.877809728241419,-0.963894975231911,-0.367490929903791,-0.0193911820347753,-0.573648085257991,-0.905751916506873,-0.548246753341323,-1.17376531728267,-0.74633402219577,-0.77689632987442,-0.513527807859149,-0.410458854850929,-0.702854463496712,-0.376085254966847,0.255760764515333,-0.253093057896962,-0.487170846083124,0.31407968098413,-0.838746468088768,-0.512995918425756,0.176178094837816,-0.494007793907488,-0.829580232182152,0.217652566921286,-0.682378934286747,-0.597600263298091,-0.561688757941423,-0.775810477487309,-0.505226462944271,-0.395754381215481,-0.755650546229756,-0.800938882071613,-0.923820668091811,-0.543856568710744,-0.799784033987206,-0.745974305827899,-0.547914033241979,0.664193299210512,-0.518860584787243,-0.718638772768277,0.920902815045597,-0.766028616235394,-0.783162489495666,-0.566224935388611,-0.60068195999903,-0.675382976552414,-0.653790722557568,0.30966081420307,0.293119182738679,-0.685835715519622,-0.647904522193843,-0.664556936026652,-0.569034714136114,-0.507817813873977,-0.536494698185429,-0.768897864954003,-0.585376536065427,-0.622528035985135,-0.454210725594474,-0.564900394388196,-0.574696478706447,-1.04517329685527,-0.785105315526192,-0.540641423031425,-0.665426753584578,-0.539307094691963,-0.348425147702436,-0.498591251333388,-0.523080667456721,-0.831156261607636,-0.622281704570721,-0.782401068500164,-0.789447035739829,-0.557501763870755,-0.505778909237946,-0.624275977269652,-0.743774131603622,-0.743846574768942,0.377196977707127,-0.397363968993432,-0.922357934814868,-1.07695751091064,-1.14934390124832,-0.310052432431751,-0.625888537038413,-0.641289533744246,-0.56888790075037,-0.680264025007797,-0.470465254505972,-0.726381607522248,-0.604395814203172,-0.64437704550372,-0.609921532378848,-0.619881066592517,-0.61712009938149,-0.363912718313512,-0.421387307249072,-0.407561837380262,-0.530264405273805,0.207385523227058,-0.569578522132877,-0.436105875668738,-0.631759280520507,-0.406700539566019,0.225871285424054,-0.565998932195026,-0.685817859793634,0.251949479784738,-0.520238954117215,-0.713193758009176,-0.991190188200663,-0.344789866784545,-0.495183843341153,-0.027304452002133,-0.0238402419371157,0.781845545397541,-0.553693741254614,-0.612887431730709,-0.536600271805562,-0.606291521024171,-0.553901067919841,-0.479383335875246,-0.621606511720135,-0.974570951392448,-0.48805352537329,-0.865980025698746,-0.543434400240448,-0.210519471619572,-0.617518100327603,-0.563722602978791,-0.524092166767868,-0.469274127030998,-0.71456688213729,-0.796606268568196,-0.598331963886002,0.453366774609636,-0.703895512265653,-1.53945026252568,-0.683218747620856,-0.813165332182298,-0.462473587804427,-0.472351838475484,-0.494377357867234,-0.975604745971856,-0.766724197739351,0.653116341149331,-0.926108184691356,-0.558717666256494,-0.379161949641383,-1.02737092254885,-1.41162904924591,-0.614835278634353,-0.623039723737013,-0.172186542614986,-0.441748500440315,0.907545719104784,-0.515370748508433,-0.63041964004728,-0.750713194799017,-0.807101569604255,-0.557916730587529,-1.05244496011756,-0.575643008354943,1.00720400002622,-0.46950194156598,-0.567597101091729,0.142681017411807,1.70061898258586,-0.514869524021752,-0.440109756196063,-0.797330693575754,-0.628134209307874,-1.11711648863016,0.592056435093388,-0.559609290515974,-0.575080500923803,-0.624478446322977,-0.159888359071307,-0.465167799440612,-0.735980601657659,-0.870570227459186,-0.978836790500469,-0.528878550032712,-0.442246094950301,-0.590310521918287,-0.597626308220176,-0.535005976446535,-1.27260979343931,-0.86340182998155,-0.882104756219481,-0.599446075410806,0.247902900625961,"Breast"
"42-Breast-Her2-ampl",-0.555592417576326,-0.665330012844802,0.0815721204609319,0.172912169773974,-0.69675731925278,-0.61409309007899,-0.489483674713921,-0.0125071193165213,-0.391357768880516,-0.587392633752342,-0.5360100599205,-0.427166054873635,0.361413141544161,0.301105397852241,-0.522805082503363,1.21493436834871,-0.57729235363827,-0.951756607893985,-0.496697729346053,-0.533225338772386,-0.176816610258673,-0.128491981081342,-0.72953949609161,0.00704864763424279,0.346834533365737,0.485668309018233,-0.671018873252328,0.316707388934756,-0.59994073973799,-0.572265270403078,-0.449126948447106,-0.823525490657949,-0.390356467829344,-0.309529644846314,-0.407210315989818,-0.964466112786827,-0.497006264132812,-0.559309350558077,0.1094315012483,0.363111536681515,0.517404544223506,-0.985369683958035,0.580075390230921,-0.536928301917431,-0.535926408238852,0.774154321729407,-0.171654926597007,-0.684422976084699,-0.894666522630992,-0.757778983174664,0.716674916813462,-0.722133608031586,-0.118563049678461,-0.451730231416634,-0.559247717928647,-0.374389587264773,-0.457301332060047,-0.488378971130679,0.926349795016954,0.00386623997764627,-0.940150463465516,1.46065620909943,-0.78169417422122,-0.361091310062088,-0.742272368002153,-0.597562997079172,-1.01277899053072,0.220768346980358,-0.619826201713436,-1.16685717737311,-0.200406968645611,-0.950184227790595,0.396550820856738,-0.198651437316361,0.750781469274631,-0.427209662751993,0.63183988321635,0.263687038111029,-0.518709942838152,-0.310167173709315,-0.824570369406007,1.30323076785395,-0.41838241320552,1.81036429445173,-0.632421218362915,-0.539991255188735,-0.729222797826837,-0.510050775686776,-0.56503564513667,-0.0712373815435156,-1.06249646629166,-1.04938131129347,0.657382168082376,-0.806924516606813,-0.824109659368058,-0.386236372075434,-0.370292957722169,-0.652696741503466,1.22481892672762,-0.893144250525708,-0.504580611844278,-0.946777991831266,0.487693451961953,0.642450175530121,0.313406715726789,-0.612012511430763,-0.949267944187187,-0.719683860779828,-0.877494153250386,-0.0625924354109182,-0.699577466702064,0.697684291404038,-1.20970090202904,0.791212802224592,-0.563564816816346,-0.326446653010807,-0.415332247460931,-0.333618823849501,0.959362731954669,-0.749289324826282,1.23813200475145,-1.27839469908618,-0.434538970011261,-0.540935274554197,0.628445258756604,1.76008404985269,0.0824623015600215,0.842226755950618,-0.467269611423203,-0.192428654903642,-0.612032059829267,-0.42618686188652,-0.515214523200561,-0.563237817945086,-0.652232400369068,-0.433250890230484,-0.482446453397424,0.0568053492502584,0.0153004983866918,-0.622774284236347,-0.98373738785866,-0.521167552986871,-0.317973960078102,0.536682567308955,-0.27821544813674,-1.11633127205757,-0.680795110743151,-0.630959826187288,1.64433727133698,-0.360394763248112,0.409530189342122,-0.17006203786521,-0.544945209809633,0.0906072976574939,-0.0172201515102059,-0.946374554527438,-0.803191037428762,0.209990823348434,0.150700590999148,-0.0424317376072061,-0.0242513610451541,0.00455656833337271,-0.797373187578022,0.0153829617254733,0.182404507671482,1.79795781358408,0.0753591990430222,-0.533884030225674,0.409475314463893,-0.517026089783175,-0.717586015732752,-1.01100613021998,-0.0457681776796476,-0.454260905922621,-0.529739447900487,-0.991195534761472,-0.484444351416916,-0.724735509236815,-0.52712475928829,-0.399898634726296,-0.465400568692601,-0.659554194522494,-0.504626619100721,-0.59156966366512,0.0338452444900829,-0.567826653865324,-0.388287405092906,-1.04884689222415,-0.547273332987266,-0.551980064673498,-0.836461434415258,0.0193858514958093,-0.0902561322269498,-0.379598198510839,-0.379326948963062,0.617550879269881,-0.889556386155257,-0.32935127168479,-0.654078746223719,-0.578418903939853,-0.440845057560506,-0.402800957411009,-0.011563379788591,0.761094628234648,-0.301109629568281,0.156179936072215,-0.660262121385938,-0.784182116331742,-0.555564783782234,-0.438177165294212,0.517220380668304,-0.724722993416231,-0.387458469999575,0.938061299435933,-0.0459440686453853,0.202305495254705,-0.749562816960677,-0.6865250716764,0.244328607614663,-0.721727210801833,-0.876317725753786,-0.875446007171464,-0.577421975896309,-0.752576497540583,0.712207270519884,-0.657239406583379,-0.739571250856207,-0.769269638931583,0.464069138055461,-0.66549608966086,-0.400497512029309,0.415072512785196,0.210675702235012,0.0344660188309592,0.463774123035829,-0.388041055510905,-0.631943764721935,-0.579507915169398,-0.620100662679788,-0.503796517211337,-0.0527488259347462,0.963380901729178,0.718826763180477,0.0257298448505051,1.05051625131091,-1.1375069142073,-0.438202616177718,-0.670603752641226,-0.362836635108256,0.396847612232919,0.546048536038376,0.140293662110185,-1.35873215774737,-0.680703938055349,0.159612203747666,0.47004768908075,-0.58636397201414,-0.590419110099479,-0.479183249951239,-0.312752464277338,-0.654451544220782,-0.755865250545603,-0.0792380603968857,-0.873831727472401,-1.09491872168078,-0.453520463080941,-0.475498315316322,-0.902316908801359,-0.632054548348183,0.168356381280203,-0.605022983692602,0.198104971927876,-0.827836959230832,-0.0722601628173462,0.11480452449757,0.0819906529605198,-0.49858944200454,-0.495454091056586,-0.625430816380737,-0.419839307586847,0.0138894567715467,-0.618696368735234,-0.513248218781385,-0.586212932084341,-0.418816240327903,-0.637586357654596,-0.419171849570317,-0.186514448042991,-0.504768109875833,-0.503708930529297,-0.060265092674989,0.197090358478231,-0.0984567597797714,-0.813303292440974,0.35513340662502,-0.816725390488356,1.83672848934617,1.05063798523707,-0.800640494297979,-0.495796171849499,0.0679313522894926,-0.741766530477746,1.3424604157858,1.05199903598913,0.533393939099606,-0.923566729405713,-0.492093429498443,-0.818579478929124,-0.356127764920938,-0.426152405790388,-1.21479747878706,-0.826222229547082,-0.627488378610812,-0.429499750025505,-0.464375891526999,-0.0478076136846275,0.619443683762852,-0.455236351660987,-0.742946755276486,-0.582032151080456,-0.410370150112981,-0.755829565716357,-0.701453505070146,-0.704169639977401,0.439408029271033,-0.708710560777974,-0.651687502764877,0.362258835180169,-0.148393895674255,0.278233535406896,-0.504623527225731,0.317361273211063,-1.41377333935745,-0.680117437351813,-0.466764426657629,-0.836854594027651,-0.561253030076281,0.378685840255559,-0.444598034495984,-0.557045172610906,-0.306054879963815,-0.799233124164901,-0.940150205056253,-0.477833002749308,-1.48122585075984,-0.414352476826801,-0.867875810443468,0.527625691281226,-0.618950848071241,-0.430499440370047,-0.796259557655844,-0.77458771809739,0.408025812486026,-0.96499962340129,-0.558555906049502,-0.598213055580144,-0.710284973869927,-0.0249460870036388,-1.19116106387763,-0.48966126239221,0.637855196763815,-0.747997090271536,0.2133610396566,1.10326468396959,-0.603032598624489,-0.730318235371536,-0.598204255115836,-0.0407251259698741,-0.606204342383374,-0.63129034137311,-0.386808567195655,-0.473937637058681,-0.521865311654896,0.502845069680739,-0.799036810595303,-0.764417769029699,0.229614375349805,-0.858462959667144,-0.889325548542612,-0.178658000454847,-0.388200013230897,-0.672522450531549,0.256493335659624,-1.15140774083531,-0.538722496195877,-0.7995406586986,1.22796066280511,-0.819944378140991,-0.380430093207073,-0.286161706188795,0.403976712563401,-0.543996565944918,0.431110917682837,-0.160327400960301,-0.653697914574418,0.510973496993201,-0.719112826150793,-1.08773769552895,-0.814187642569382,-0.312442960446287,-0.580755287411444,-0.36663273203818,0.10127500679,-0.740417895485083,-0.591226315601407,-0.517699977761507,-0.508516510850491,-0.839734362004915,0.792398589959682,-0.61052131080658,0.689665138299395,-0.524254694445744,-0.831984299900153,-0.745395082740569,0.739187300591302,-0.588297561945064,0.525180339820193,-0.85534945010494,-0.794015296702858,0.4505332764667,-0.788184218742662,-0.495614760728454,0.895274818833423,-1.05758031450463,0.143480204735978,-0.677053451143998,0.21932556514742,-0.792912836073741,0.58096265270885,0.489162482935223,-0.694758292889573,-0.55321502257966,-0.68177489093023,-0.392786433490695,-0.761647247973245,-0.319490115709795,-0.485816253127067,-0.276343418069813,-0.847748388510819,-0.608508425207776,0.467746058098192,-0.682642890579754,-0.716476224852673,-0.609571261310305,0.540809010541871,0.231922861672875,-0.527848653802147,-0.581450107692442,0.44829019076661,0.311467841845016,-0.456566211138298,-0.111703506841748,-0.286468271368059,-0.781460697748757,-0.441282341989839,0.406601333000433,0.400400899435848,-0.530801808172376,-0.569755773406841,-0.969526788505132,-0.773643467427534,-0.837555726474759,-0.909848144967057,-0.785445256160296,-0.384272493327475,0.55209864112878,-0.462010155105905,-0.911558242630226,-0.67319351540593,-0.620494342313918,-0.601887066668739,-0.600466657719567,0.45671358079703,0.123314404838354,-0.53376121912239,-0.855651382052597,-0.250884857414594,-0.593940441240411,-0.972611750108956,-0.571646636129868,-0.71593825275176,0.12718940983459,-0.877809728241419,-0.963894975231911,-0.367490929903791,0.0952698913762007,-0.573648085257991,-0.905751916506873,1.31114258106021,-0.800313237093241,-0.74633402219577,0.330703107740156,-0.513527807859149,-0.410458854850929,-0.702854463496712,-0.376085254966847,-0.65323427697639,-0.242668416339334,-0.487170846083124,-0.605815007708669,-0.303912650571622,-0.512995918425756,-0.6002692007909,-0.494007793907488,-0.829580232182152,-0.312379429723886,0.0607659558752705,-0.597600263298091,-0.561688757941423,-0.775810477487309,-0.505226462944271,-0.914483551563009,-0.755650546229756,-0.800938882071613,-0.292670505937771,-0.543856568710744,-0.799784033987206,-0.372844185748057,-0.547914033241979,-0.69252288453592,-0.518860584787243,-0.718638772768277,0.309983646190357,-0.766028616235394,-0.783162489495666,0.265622581616706,-0.60068195999903,0.146403119682551,0.262280641254693,0.0429166122900844,-0.569897592314005,0.169877442303484,-0.647904522193843,-0.664556936026652,-0.569034714136114,-0.507817813873977,-0.536494698185429,-0.768897864954003,-0.585376536065427,0.665275095531383,-0.454210725594474,-0.564900394388196,-0.574696478706447,-0.138147654878343,0.0810766481997735,-0.540641423031425,0.682479711095773,-0.539307094691963,-0.348425147702436,0.341186809963105,-0.523080667456721,-0.831156261607636,-0.622281704570721,-0.0142999669937767,-0.789447035739829,1.67392152110934,-0.505778909237946,-0.624275977269652,0.324033450357328,-0.743846574768942,-0.236467863028978,-0.397363968993432,-0.437310799978255,-1.07695751091064,-0.329205140069781,0.466155814505968,0.104131239171702,0.327864308766824,-0.56888790075037,0.203792412646887,-0.470465254505972,-0.726381607522248,-0.604395814203172,-0.64437704550372,-0.609921532378848,0.578270484512713,0.615645905046116,1.01736792160851,-0.421387307249072,-0.208246183887183,-0.530264405273805,0.734739034974663,0.586017049330098,-0.436105875668738,-0.631759280520507,-0.406700539566019,-0.673273035311341,-0.565998932195026,-0.685817859793634,-0.730817206313231,-0.520238954117215,-0.713193758009176,-0.415462838573757,-0.344789866784545,-0.495183843341153,-0.399916263505218,-0.74095518162433,-0.726611845001168,0.386031242120469,0.244827020183961,-0.536600271805562,-0.606291521024171,-0.553901067919841,-0.479383335875246,0.62425174037427,-0.0792908941874723,-0.48805352537329,-0.105461748223735,-0.543434400240448,-0.767155531633286,-0.617518100327603,-0.563722602978791,-0.524092166767868,-0.469274127030998,0.0254316905512489,-0.796606268568196,-0.598331963886002,-0.491698944574237,0.89972875866458,-0.0530894422764001,1.30312475972554,0.0368590841459044,-0.94583725016588,-0.472351838475484,0.305045012755893,-0.0974221017402443,-0.766724197739351,1.51237825733942,-0.296810280395,0.433193135066315,-0.379161949641383,-1.02737092254885,-0.774521049806427,-0.614835278634353,-0.623039723737013,-0.158792938825699,-0.441748500440315,-0.788012724473105,0.503793388210557,-0.617467122562226,-0.750713194799017,-0.807101569604255,1.18545516729759,-0.160397790559388,-0.575643008354943,-0.61899979002849,-0.46950194156598,-0.567597101091729,-0.623788878529261,-0.67680156571333,-0.514869524021752,-0.440109756196063,-0.797330693575754,0.456103727733775,0.256437669473202,-0.194931394863473,-0.559609290515974,-0.575080500923803,0.0595237748253749,-0.72921406656607,0.554648366388377,-0.216937287305647,0.562713385762586,-0.169424344737786,-0.528878550032712,-0.442246094950301,-0.590310521918287,-0.597626308220176,0.345456788232246,-0.833837582288746,-0.86340182998155,-0.882104756219481,0.26214728634998,-0.518950740640203,"Breast"
"Breast-454",-0.555592417576326,-0.665330012844802,-0.874316134855906,0.8163811132729,-0.432897843651916,-1.09500645017647,-0.489483674713921,-0.922554888253309,-0.468392425961602,2.01623562560693,-0.5360100599205,-0.427166054873635,-0.642142611977996,-0.906954785415906,-0.522805082503363,-0.377488915605477,-0.57729235363827,-0.951756607893985,-0.496697729346053,-0.533225338772386,-0.892044314129933,-0.756759621065685,-0.72953949609161,-0.57206332959034,-1.18728595031787,-1.45831178871341,1.26692131159709,-0.886090803404096,-0.59994073973799,-0.572265270403078,-0.449126948447106,0.311782551754362,-1.24614815954864,-0.309529644846314,-0.604147646220738,-0.964466112786827,-0.497006264132812,-0.559309350558077,0.213246392940086,0.340509827866524,-1.31380191096635,-0.985369683958035,-1.07616298942653,-0.536928301917431,1.93088046283284,-0.290536543038961,-0.800523516316676,-0.684422976084699,-0.894666522630992,-0.757778983174664,-0.804466674495576,-0.722133608031586,-1.00553084851786,-1.06642129487193,-0.559247717928647,-0.374389587264773,-0.457301332060047,-0.488378971130679,-0.535578881140264,0.0668132422354931,-0.940150463465516,-0.466862369479199,-0.78169417422122,-0.361091310062088,-0.742272368002153,-0.597562997079172,-1.01277899053072,-0.0681700070256503,-0.863343812018712,-0.780120515340166,-0.890457490909887,-0.253726774328399,-0.62582241159886,0.650785926118763,-0.594144064245794,-0.427209662751993,-0.884442638278434,-0.726511286645635,-0.518709942838152,-0.310167173709315,-0.824570369406007,-0.472497315307328,-0.0311231306542959,-0.572367111065056,-0.632421218362915,-0.539991255188735,-0.729222797826837,-0.510050775686776,-0.56503564513667,-1.15438649345439,-1.06249646629166,-1.04938131129347,-0.439395440768505,0.627391642541816,-0.824109659368058,-0.386236372075434,-0.370292957722169,-0.652696741503466,-0.580182792717566,-0.893144250525708,-0.504580611844278,-0.946777991831266,-1.00272583549808,-0.824988666868521,-0.908370117980451,-0.612012511430763,-0.949267944187187,-0.990333512637937,0.935909505569692,-0.494993550036878,-0.699577466702064,-0.848866007382096,-1.20970090202904,-0.592394335996418,-0.563564816816346,0.402946051711704,-0.415332247460931,-1.15053595143586,-0.556437840594048,0.513334359703747,-0.864139486256635,-1.27839469908618,-0.434538970011261,-0.540935274554197,-0.724438804025676,-0.466481924852692,0.300985917578747,-0.71314737154191,-0.467269611423203,-0.781783811545767,-0.612032059829267,-0.42618686188652,-0.515214523200561,-0.563237817945086,-0.652232400369068,-0.433250890230484,-1.24113329272812,-0.628682208598634,-0.215002179329368,-0.622774284236347,-0.0222297246778821,-0.521167552986871,-0.151025159374412,-0.74594206276323,-0.922939115191811,-1.11633127205757,-0.680795110743151,-0.630959826187288,-0.445041103063912,-0.360394763248112,-1.12185750843372,-2.22050692104642,-0.544945209809633,-0.51924571898524,-1.12931857316399,-0.946374554527438,-0.803191037428762,-1.15278844781279,-0.881133953461138,-0.938055876675319,-1.18738458930157,-1.23041210025291,-0.797373187578022,-0.596602832724409,-0.542533490060014,-0.440422043770802,-0.832999110597407,-0.533884030225674,-0.866575554810563,-0.517026089783175,-0.717586015732752,-1.01100613021998,-0.498030995684593,-1.02331441862592,-0.529739447900487,-0.991195534761472,-0.484444351416916,-0.724735509236815,0.0477478494601291,-0.399898634726296,-0.465400568692601,-0.659554194522494,-0.615241275955615,-0.59156966366512,-0.686166850667112,-0.567826653865324,-0.388287405092906,-1.49053808632399,-0.547273332987266,-0.551980064673498,-0.836461434415258,-0.697113880119278,-0.954138085945745,-1.64899986670709,-0.463604130750598,-0.872091461738152,-0.889556386155257,-0.938444320238906,-0.654078746223719,-0.578418903939853,-0.440845057560506,-0.402800957411009,-0.193600105554543,-0.574567391161672,0.357422262286922,-1.03292766190848,-0.660262121385938,-0.784182116331742,-0.19346522985797,-1.07295113119153,-0.490191614502914,-0.724722993416231,-0.387458469999575,-0.67265289501153,-0.558317994263874,-0.585345012796715,-0.749562816960677,-0.435530427968602,-0.826299878399175,0.844869846808063,-0.876317725753786,-0.875446007171464,-0.969552848986112,-0.752576497540583,-0.774127007600307,-0.657239406583379,-0.739571250856207,-0.769269638931583,-0.547342081550196,-0.66549608966086,1.92944495675663,-0.692915067226024,0.0379922658384127,-0.802317558831034,-0.431584442518366,-1.3076438001904,-0.631943764721935,-0.579507915169398,-0.620100662679788,-0.503796517211337,-1.0770163128063,-1.02984446404236,1.45058685467099,-0.0503998299579104,-0.557349591175902,-1.1375069142073,-0.271033395859066,-0.670603752641226,-0.362836635108256,-0.626993561630278,-0.902564283763228,-1.0669610666387,-1.35873215774737,-0.680703938055349,-0.679399709028993,-0.798624539569438,-0.58636397201414,-0.590419110099479,-0.479183249951239,-1.01923434500589,-0.654451544220782,-0.755865250545603,-0.942110585579901,-0.873831727472401,0.102957531365996,-0.453520463080941,-0.475498315316322,1.17424811493666,-0.632054548348183,-1.00035456820405,-0.605022983692602,-0.915536831645335,-0.338243366631465,-0.320495219509021,-0.704852117823712,-0.657270497541832,-0.49858944200454,-0.495454091056586,-0.625430816380737,-0.419839307586847,-0.73139551936346,-0.618696368735234,-0.513248218781385,-0.586212932084341,-0.418816240327903,-0.637586357654596,-0.419171849570317,0.521413936807239,-0.504768109875833,-0.503708930529297,-1.19847869296447,-0.924514780586802,-0.176714420387087,-0.813303292440974,-0.793665704950216,-0.816725390488356,-0.404812961836128,-0.831170933594364,-0.800640494297979,1.00437073643794,-0.763076391897337,-1.42603282070303,-0.60699609384901,-0.943549081967018,0.0453008821150792,-0.923566729405713,-0.492093429498443,-1.12976969199847,-0.356127764920938,-0.426152405790388,-1.21479747878706,-0.826222229547082,-0.627488378610812,-0.429499750025505,-0.464375891526999,-0.886517603314692,-1.06964048874916,-0.455236351660987,-0.742946755276486,-0.582032151080456,-0.594275123721388,-0.755829565716357,0.250316410605423,-0.271866472800488,0.688469148555056,-0.708710560777974,-1.12086668854464,-0.79167821863407,0.308166459992607,0.852910712913035,-0.504623527225731,-0.863563219649252,-1.41377333935745,-0.680117437351813,-0.466764426657629,0.177413056027698,-0.561253030076281,0.473249059875118,-0.444598034495984,-1.42991269894957,-0.869130914118606,-0.799233124164901,-0.940150205056253,-0.477833002749308,0.0845477220326273,-0.414352476826801,-0.867875810443468,-0.747265772882252,-0.618950848071241,-0.430499440370047,-0.796259557655844,-0.77458771809739,-0.493593930889384,-0.96499962340129,-0.558555906049502,-0.598213055580144,-0.710284973869927,-0.614764475187905,0.091993550870425,-0.0427621474014815,-0.437027143093445,-0.747997090271536,-1.01074181138039,-0.566010699037032,-0.603032598624489,-0.730318235371536,-0.598204255115836,-0.71157305436993,-0.606204342383374,-0.63129034137311,-0.386808567195655,-0.473937637058681,-1.55053340799246,-0.675677485964019,-0.799036810595303,-0.764417769029699,-0.735411990123146,-0.858462959667144,-0.889325548542612,-0.466187924118028,-0.388200013230897,-0.672522450531549,-0.689569785356508,-1.15140774083531,-0.538722496195877,-0.7995406586986,-0.574547412051676,-0.819944378140991,-0.380430093207073,-0.834709508043328,0.0846841178519217,-0.543996565944918,-0.760805550465173,-0.253137620458139,0.466151992710429,-0.658091677882378,-0.719112826150793,-1.08773769552895,-0.814187642569382,-0.775032802607551,-0.580755287411444,-0.836916634773705,-0.689391508662824,0.450024173942235,-0.591226315601407,-0.517699977761507,-0.508516510850491,-0.839734362004915,-0.521979735973987,-0.61052131080658,-0.545495229195593,-0.524254694445744,-0.831984299900153,0.358956057206462,1.19121142121508,-0.588297561945064,-1.14485071477297,-0.85534945010494,-0.794015296702858,0.171569877663017,-0.788184218742662,-0.495614760728454,-1.18836044397162,0.553119601412634,-0.997877754173032,-0.677053451143998,-0.593681714206644,-0.792912836073741,-0.598637045425795,-0.757800053491713,-0.694758292889573,-0.55321502257966,-1.1319511214443,-0.392786433490695,-0.00123169217547128,-0.998362605765605,-0.485816253127067,-0.0838182795762726,0.360977595211035,-0.608508425207776,-0.616708057714315,-0.682642890579754,-0.716476224852673,-0.609571261310305,0.711139220043095,-0.4791466881953,-0.527848653802147,-0.581450107692442,-0.623221682356157,0.413758509943378,-0.456566211138298,-0.890527068089323,-0.494210664124877,-0.781460697748757,-0.441282341989839,0.101420384675624,-0.693610145686299,-0.798826646342522,-0.569755773406841,-0.969526788505132,-0.773643467427534,-0.837555726474759,-0.909848144967057,-0.785445256160296,-0.384272493327475,-0.777454081363004,-1.21732527311908,-0.911558242630226,-0.67319351540593,1.97095412594603,-0.601887066668739,-0.600466657719567,0.549992679505803,-1.56744407700638,-0.418936751050326,-0.855651382052597,-1.13130195465131,-1.13339019479525,0.768722470362638,-0.571646636129868,-0.71593825275176,-0.777414105828957,-0.877809728241419,0.44620070785818,-0.367490929903791,-1.00723720358106,-0.573648085257991,-0.905751916506873,1.03716847199241,-1.17376531728267,-0.74633402219577,-0.77689632987442,-0.513527807859149,-0.410458854850929,-0.702854463496712,0.715460440411038,-0.65323427697639,0.462800369530191,-0.487170846083124,-0.605815007708669,-0.838746468088768,-0.512995918425756,0.3520872065505,-0.494007793907488,0.408021209941895,-0.44128668270564,0.578083747686793,-0.597600263298091,1.08809385551891,-0.775810477487309,-0.505226462944271,1.679054026488,-0.755650546229756,-0.800938882071613,-0.923820668091811,-0.543856568710744,0.680381032115805,-0.42724654525524,-0.547914033241979,-0.69252288453592,-0.518860584787243,-0.718638772768277,-0.574522884957265,-0.766028616235394,-0.783162489495666,-0.566224935388611,-0.60068195999903,-0.675382976552414,-0.653790722557568,-0.653851689833047,-0.569897592314005,-0.685835715519622,0.782513185477838,-0.664556936026652,-0.569034714136114,-0.507817813873977,-0.536494698185429,-0.768897864954003,-0.585376536065427,-0.622528035985135,-0.454210725594474,-0.564900394388196,-0.574696478706447,-1.57250043000024,0.679164004216462,-0.540641423031425,2.81728896904798,-0.539307094691963,-0.348425147702436,-0.498591251333388,-0.523080667456721,0.257292967266538,-0.622281704570721,-0.782401068500164,-0.789447035739829,-0.557501763870755,-0.505778909237946,-0.624275977269652,0.732752292718144,-0.743846574768942,-0.846638841230125,-0.397363968993432,-0.922357934814868,-1.07695751091064,-1.14934390124832,-1.14684228042207,-0.625888537038413,-0.641289533744246,-0.56888790075037,-0.680264025007797,-0.470465254505972,0.922949251821024,-0.604395814203172,-0.64437704550372,-0.609921532378848,1.40557851367705,-0.61712009938149,-0.363912718313512,-0.421387307249072,-0.485863065969174,-0.530264405273805,-0.73145250418656,-0.569578522132877,-0.436105875668738,-0.631759280520507,-0.406700539566019,0.8836795748477,-0.565998932195026,-0.685817859793634,-0.730817206313231,-0.520238954117215,-0.713193758009176,-0.991190188200663,-0.344789866784545,-0.495183843341153,1.24739713444796,-0.74095518162433,-0.726611845001168,-0.553693741254614,-0.612887431730709,-0.536600271805562,-0.606291521024171,-0.553901067919841,-0.479383335875246,-0.621606511720135,-0.974570951392448,-0.48805352537329,0.94673820141719,-0.543434400240448,-0.767155531633286,-0.617518100327603,-0.563722602978791,-0.524092166767868,-0.469274127030998,-0.71456688213729,-0.796606268568196,-0.598331963886002,-0.491698944574237,0.335183134092896,-0.629496255109245,0.704544359040305,-0.813165332182298,0.703067023289565,-0.472351838475484,-0.494377357867234,-0.112371985002803,-0.766724197739351,-0.823990033085211,-0.926108184691356,-0.558717666256494,-0.379161949641383,0.132493924877324,-0.593734089668704,-0.614835278634353,-0.623039723737013,-0.812575895131137,-0.441748500440315,-0.788012724473105,-0.515370748508433,-0.373774867379685,-0.750713194799017,-0.807101569604255,-0.557916730587529,0.915356595100669,-0.575643008354943,-0.61899979002849,-0.46950194156598,-0.567597101091729,-0.623788878529261,-0.67680156571333,-0.514869524021752,-0.440109756196063,-0.797330693575754,-0.628134209307874,-1.11711648863016,-0.864582352823089,-0.559609290515974,-0.575080500923803,-0.624478446322977,-0.72921406656607,-0.465167799440612,-0.735980601657659,-0.870570227459186,-0.978836790500469,-0.528878550032712,-0.442246094950301,-0.590310521918287,-0.597626308220176,-0.535005976446535,0.46973978135134,-0.86340182998155,-0.882104756219481,-0.599446075410806,1.09371238258409,"Breast"
"48-Breast-WT",-0.555592417576326,-0.665330012844802,0.236728752621005,-1.03790453368905,0.290534668305742,-1.61692665523069,-0.489483674713921,-0.171753218998538,-1.17378879185063,-0.587392633752342,-0.5360100599205,-0.427166054873635,-0.642142611977996,-0.906954785415906,-0.522805082503363,-1.16665646400082,-0.57729235363827,0.169159952009636,-0.496697729346053,-0.533225338772386,-0.155832400977975,-0.756759621065685,-0.72953949609161,-1.10737391109703,0.43878426625732,-0.302748048247362,-0.671018873252328,-0.886090803404096,-0.59994073973799,-0.572265270403078,-0.449126948447106,-0.823525490657949,-1.24614815954864,-0.309529644846314,-0.418687552643468,-0.964466112786827,-0.497006264132812,-0.559309350558077,-1.35148615893941,-0.97766678067334,-0.0831429410836817,-0.985369683958035,-1.07616298942653,-0.536928301917431,-0.535926408238852,-0.0944779725041105,-0.800523516316676,-0.684422976084699,-0.894666522630992,-0.757778983174664,-0.804466674495576,-0.722133608031586,1.11165821494687,0.017260359617775,-0.559247717928647,-0.374389587264773,3.16315941101559,-0.488378971130679,-0.535578881140264,-0.716839471293049,-0.940150463465516,2.5307047454644,1.40837460284101,-0.361091310062088,-0.742272368002153,-0.597562997079172,-1.01277899053072,-0.730448037146886,-0.316931286081153,-0.635106649818526,-0.890457490909887,-0.950184227790595,-0.62582241159886,-0.811355606421236,-0.594144064245794,-0.427209662751993,1.50002330846743,-0.726511286645635,-0.518709942838152,-0.310167173709315,-0.824570369406007,-0.472497315307328,-0.977400049761453,0.40816041570289,-0.632421218362915,-0.539991255188735,-0.729222797826837,-0.510050775686776,-0.56503564513667,0.259395168137669,-1.06249646629166,-0.278835447457423,-0.439395440768505,-0.806924516606813,-0.824109659368058,-0.386236372075434,-0.370292957722169,-0.652696741503466,-0.580182792717566,-0.893144250525708,-0.504580611844278,-0.946777991831266,-1.00272583549808,-0.824988666868521,-0.908370117980451,-0.612012511430763,-0.949267944187187,-0.438389875166294,-0.877494153250386,-0.179079014945875,-0.699577466702064,-0.848866007382096,-1.20970090202904,-0.592394335996418,-0.563564816816346,-0.852561903334732,-0.415332247460931,-1.15053595143586,0.81783460967014,0.332400387913527,-0.864139486256635,-1.27839469908618,-0.434538970011261,-0.540935274554197,-1.33738969127492,-0.466481924852692,0.20378320742976,-0.71314737154191,-0.467269611423203,-0.781783811545767,-0.612032059829267,-0.42618686188652,-0.515214523200561,-0.563237817945086,-0.652232400369068,-0.433250890230484,-0.889330844523119,-0.628682208598634,-0.96051637736292,-0.622774284236347,-0.561353041094874,-0.521167552986871,-0.883975706057403,-0.74594206276323,-0.259299770955228,0.114142698534065,-0.680795110743151,-0.630959826187288,1.88216898887168,-0.360394763248112,-1.12185750843372,-0.365323659027336,-0.544945209809633,-0.883356416790919,-1.12931857316399,-0.946374554527438,0.664915254201376,-0.574911707894277,-0.881133953461138,-0.938055876675319,-1.18738458930157,-0.882885169837888,0.781833340040192,-0.479523158328033,-1.06848924750139,1.31794180208171,-0.832999110597407,-0.533884030225674,-0.866575554810563,-0.517026089783175,-0.717586015732752,-1.01100613021998,-1.19702951435578,-1.02331441862592,-0.529739447900487,0.0207516572438103,-0.484444351416916,-0.724735509236815,-0.99337656170688,-0.399898634726296,-0.465400568692601,-0.518198153440803,-0.598325805644483,-0.59156966366512,-0.686166850667112,-0.567826653865324,-0.388287405092906,-0.705986209228824,-0.547273332987266,-0.551980064673498,-0.836461434415258,-0.697113880119278,0.786023506928476,-0.126347112824608,-0.831312653709557,-0.872091461738152,-0.889556386155257,-0.938444320238906,-0.654078746223719,-0.578418903939853,-0.440845057560506,-0.402800957411009,-1.27366017213239,-0.574567391161672,-1.48102885768089,-1.03292766190848,-0.660262121385938,-0.784182116331742,-1.33950734716597,-1.07295113119153,-0.490191614502914,-0.724722993416231,-0.387458469999575,0.420323326830728,-1.24706496093846,-0.163388311183778,-0.749562816960677,-1.36414126696315,-0.826299878399175,-0.721727210801833,0.677491824159742,-0.875446007171464,-0.565873767392539,0.298042361795051,0.624534904099726,-0.657239406583379,-0.739571250856207,-0.769269638931583,-0.547342081550196,-0.66549608966086,-0.400497512029309,-0.0271888988272149,-0.961280804736148,-0.802317558831034,-0.431584442518366,-1.3076438001904,-0.631943764721935,-0.579507915169398,-0.620100662679788,-0.503796517211337,0.392174523952766,-1.02984446404236,-0.939825400487642,-0.520415861728066,-0.557349591175902,-1.1375069142073,-1.23854677280815,-0.670603752641226,-0.362836635108256,-0.362225455063558,-0.902564283763228,-1.0669610666387,-0.133910010984206,-0.680703938055349,-0.679399709028993,-0.798624539569438,-0.58636397201414,-0.590419110099479,-0.479183249951239,-0.0231883436157858,-0.654451544220782,1.6466402980035,-0.942110585579901,-0.873831727472401,-1.09491872168078,-0.453520463080941,-0.475498315316322,-0.902316908801359,-0.632054548348183,-0.691702681133257,-0.605022983692602,-0.102056640756315,-0.0871889331355266,0.203169106376059,-0.704852117823712,-0.657270497541832,-0.49858944200454,-0.495454091056586,-0.625430816380737,-0.419839307586847,-0.73139551936346,-0.618696368735234,-0.513248218781385,-0.586212932084341,-0.418816240327903,-0.637586357654596,-0.419171849570317,0.625310471817985,-0.504768109875833,-0.503708930529297,-1.19847869296447,-0.924514780586802,-0.733380518984331,-0.813303292440974,-0.793665704950216,1.59704569008734,-0.404812961836128,-0.30161962284108,-0.800640494297979,0.834964285805337,-0.763076391897337,-1.42603282070303,-0.60699609384901,-0.943549081967018,-0.972280070282039,0.867889988298307,-0.492093429498443,-1.12976969199847,-0.356127764920938,-0.426152405790388,-0.198544237310351,-0.826222229547082,-0.627488378610812,-0.429499750025505,-0.464375891526999,0.422266772097601,-1.06964048874916,-0.455236351660987,-0.742946755276486,-0.582032151080456,-1.18959503173864,-0.755829565716357,-0.777985275064286,-0.294504543836239,0.475669346088642,-0.708710560777974,-0.439118486444054,-0.79167821863407,-0.809608919621213,-0.965937838928799,-0.504623527225731,-0.863563219649252,-0.468595099434209,-0.680117437351813,-0.466764426657629,-0.836854594027651,-0.561253030076281,-0.298371982961608,-0.444598034495984,-1.42991269894957,-0.869130914118606,-0.799233124164901,-0.0147976214247095,-0.477833002749308,-0.310725397759062,-0.414352476826801,1.16883458080207,-0.747265772882252,-0.618950848071241,-0.430499440370047,0.263775110784112,-0.77458771809739,0.43457840883115,-0.96499962340129,-0.558555906049502,0.732307325444082,-0.0982298189615065,-0.614764475187905,-0.374833505631686,-0.470672253826885,-1.10386469962424,-0.747997090271536,0.0686628820259148,0.20803088970087,-0.603032598624489,-0.730318235371536,-0.598204255115836,-0.71157305436993,-0.606204342383374,-0.63129034137311,-0.386808567195655,-0.473937637058681,-0.237343416793972,-0.675677485964019,-0.799036810595303,-0.764417769029699,-0.735411990123146,-0.858462959667144,-0.889325548542612,-1.13280417093144,-0.388200013230897,0.945656462297814,-0.689569785356508,0.432242402445807,-0.538722496195877,-0.7995406586986,-0.574547412051676,-0.819944378140991,-0.380430093207073,0.139645908977092,-0.593378521955322,-0.543996565944918,-0.760805550465173,-0.130061246573765,-0.653697914574418,-0.658091677882378,-0.719112826150793,-1.08773769552895,-0.814187642569382,-0.775032802607551,-0.580755287411444,-0.836916634773705,-0.689391508662824,-0.740417895485083,-0.591226315601407,-0.517699977761507,-0.508516510850491,-0.839734362004915,-0.521979735973987,-0.61052131080658,-0.545495229195593,-0.524254694445744,-0.831984299900153,-0.745395082740569,-0.719523549783808,0.395584235279298,-1.14485071477297,0.80413332042093,-0.794015296702858,-1.13331623537044,-0.788184218742662,-0.495614760728454,-1.18836044397162,-0.362745986076908,-0.997877754173032,-0.677053451143998,0.243268534756225,0.804958087648414,-0.598637045425795,-0.757800053491713,-0.694758292889573,-0.55321502257966,-1.1319511214443,-0.392786433490695,-0.761647247973245,-0.998362605765605,-0.485816253127067,0.243927336099131,-0.847748388510819,-0.608508425207776,0.499683105399505,-0.682642890579754,-0.716476224852673,0.992317927879565,-0.99456836848483,-0.4791466881953,-0.527848653802147,-0.581450107692442,-0.623221682356157,-0.856291093574691,-0.456566211138298,-0.998988423839869,-0.702136638612573,-0.781460697748757,-0.441282341989839,-1.20266300647864,-0.693610145686299,-1.21389605446545,-0.569755773406841,-0.969526788505132,1.13167908276174,-0.837555726474759,-0.909848144967057,-0.785445256160296,-0.384272493327475,0.104908021782759,-0.194760068305713,-0.911558242630226,-0.67319351540593,-0.620494342313918,-0.601887066668739,-0.600466657719567,-0.969725385594821,-0.535019367262544,-0.528903480947995,0.723932422301147,-1.13130195465131,-1.13339019479525,-0.734300078590107,-0.571646636129868,-0.71593825275176,-0.777414105828957,-0.877809728241419,-0.963894975231911,-0.367490929903791,-1.00723720358106,-0.573648085257991,-0.905751916506873,-0.548246753341323,-1.17376531728267,-0.74633402219577,-0.203699040267911,-0.513527807859149,-0.410458854850929,-0.702854463496712,-0.376085254966847,-0.65323427697639,-0.751527203204582,0.310394781471299,-0.605815007708669,-0.838746468088768,-0.512995918425756,-0.6002692007909,-0.494007793907488,-0.0760034787534137,-0.548181596165838,-0.682378934286747,-0.597600263298091,-0.561688757941423,-0.775810477487309,-0.505226462944271,-0.144971497758185,0.0939810659746741,0.181198890519229,-0.274083207232336,-0.543856568710744,-0.799784033987206,-0.389880129429308,0.358240288654863,0.133572923459327,-0.518860584787243,0.640006631220987,-0.574522884957265,-0.766028616235394,-0.783162489495666,-0.566224935388611,-0.60068195999903,-0.675382976552414,-0.653790722557568,-0.653851689833047,1.44290182489558,-0.685835715519622,-0.647904522193843,-0.664556936026652,0.616886565765211,-0.507817813873977,-0.536494698185429,-0.768897864954003,-0.585376536065427,-0.622528035985135,-0.454210725594474,0.805460289823741,-0.574696478706447,-0.843817220740605,-0.785105315526192,0.594886873329889,-0.665426753584578,-0.539307094691963,-0.348425147702436,-0.498591251333388,-0.523080667456721,-0.831156261607636,0.173115707319813,-0.782401068500164,-0.0896279745052975,-0.557501763870755,-0.505778909237946,-0.624275977269652,-0.743774131603622,-0.743846574768942,1.23666979121343,-0.397363968993432,-0.922357934814868,-0.401271163880467,-0.551254928530761,0.186062873366077,-0.625888537038413,-0.641289533744246,-0.56888790075037,-0.680264025007797,0.655731764452902,-0.726381607522248,-0.604395814203172,-0.64437704550372,0.325397577232289,0.253875015037768,-0.61712009938149,1.50610085189277,-0.421387307249072,-0.238016945944976,-0.530264405273805,-0.73145250418656,-0.0795565386518183,-0.436105875668738,-0.631759280520507,-0.406700539566019,-0.673273035311341,-0.565998932195026,-0.685817859793634,-0.730817206313231,-0.520238954117215,-0.713193758009176,0.18741413409058,-0.344789866784545,-0.495183843341153,-0.939394475450667,-0.74095518162433,-0.726611845001168,-0.553693741254614,-0.612887431730709,-0.536600271805562,-0.606291521024171,-0.553901067919841,-0.479383335875246,-0.621606511720135,-0.974570951392448,-0.48805352537329,-0.865980025698746,-0.543434400240448,-0.767155531633286,0.0963393065619534,-0.563722602978791,-0.524092166767868,-0.469274127030998,-0.71456688213729,-0.796606268568196,-0.598331963886002,-0.491698944574237,-0.703895512265653,-0.862146031182269,-0.683218747620856,-0.813165332182298,-0.94583725016588,-0.472351838475484,-0.494377357867234,-0.975604745971856,-0.766724197739351,-0.823990033085211,-0.926108184691356,-0.558717666256494,-0.379161949641383,-1.02737092254885,-1.02185294782864,-0.614835278634353,-0.623039723737013,-0.812575895131137,-0.441748500440315,-0.788012724473105,-0.515370748508433,-0.332633011580466,-0.750713194799017,-0.0406649840294912,-0.557916730587529,-1.05244496011756,-0.575643008354943,0.150621019245349,-0.46950194156598,-0.567597101091729,-0.623788878529261,-0.67680156571333,-0.514869524021752,-0.440109756196063,-0.797330693575754,-0.628134209307874,-1.11711648863016,0.665237395312981,-0.559609290515974,-0.575080500923803,-0.624478446322977,-0.72921406656607,-0.465167799440612,-0.735980601657659,-0.870570227459186,-0.978836790500469,-0.528878550032712,-0.442246094950301,-0.590310521918287,-0.597626308220176,-0.535005976446535,-1.25076450970611,-0.86340182998155,-0.882104756219481,0.287521110422228,0.866267157872876,"Breast"
"50-Breast-WT",-0.555592417576326,-0.665330012844802,-0.874316134855906,-1.03790453368905,-0.607018693868289,-0.774645915792704,-0.489483674713921,-1.16087829241411,-0.819836450651094,-0.587392633752342,-0.5360100599205,-0.427166054873635,-0.642142611977996,-0.419612165012752,-0.522805082503363,-1.16665646400082,-0.57729235363827,0.547000903604564,-0.496697729346053,0.218480790695924,-0.892044314129933,-0.756759621065685,-0.72953949609161,-1.10737391109703,-1.18728595031787,-1.45831178871341,-0.671018873252328,-0.886090803404096,-0.59994073973799,-0.572265270403078,-0.449126948447106,-0.823525490657949,-1.24614815954864,-0.309529644846314,-1.55698223891445,-0.964466112786827,0.317968187313768,-0.559309350558077,-0.549048702211839,-0.97766678067334,-1.31380191096635,-0.472856347378269,-1.07616298942653,-0.536928301917431,-0.535926408238852,-1.41298533276977,-0.800523516316676,-0.684422976084699,-0.894666522630992,-0.757778983174664,-0.804466674495576,-0.722133608031586,-1.00553084851786,-1.06642129487193,-0.559247717928647,-0.374389587264773,3.38254687415603,-0.488378971130679,2.86217838642228,-1.23558207417991,-0.940150463465516,-0.466862369479199,-0.78169417422122,-0.361091310062088,-0.742272368002153,-0.597562997079172,-1.01277899053072,-1.41989396139844,-1.52931067094053,-1.42105685090719,-0.890457490909887,-0.950184227790595,-0.62582241159886,-0.811355606421236,-0.594144064245794,-0.427209662751993,-0.884442638278434,-0.726511286645635,-0.518709942838152,-0.310167173709315,-0.824570369406007,0.849362189583064,-1.33974894891408,-0.572367111065056,-0.632421218362915,-0.539991255188735,-0.729222797826837,-0.510050775686776,-0.56503564513667,-1.15438649345439,-1.06249646629166,-1.04938131129347,-0.439395440768505,-0.806924516606813,-0.824109659368058,-0.386236372075434,-0.370292957722169,-0.652696741503466,-0.580182792717566,-0.893144250525708,-0.504580611844278,-0.946777991831266,-1.00272583549808,-0.824988666868521,-0.908370117980451,-0.612012511430763,-0.949267944187187,-1.62867629279179,-0.877494153250386,-1.16329464966875,-0.699577466702064,-0.848866007382096,0.0355661893246329,-0.592394335996418,-0.563564816816346,-0.852561903334732,-0.415332247460931,-0.790164451821733,-0.556437840594048,-0.749289324826282,-0.864139486256635,-0.660586754693478,-0.434538970011261,-0.540935274554197,-0.778762282725139,0.431735325945126,-1.07767110647549,-0.71314737154191,-0.467269611423203,-0.781783811545767,-0.612032059829267,-0.42618686188652,-0.515214523200561,-0.563237817945086,-0.652232400369068,-0.433250890230484,0.0252959269646618,-0.628682208598634,-0.96051637736292,-0.622774284236347,-1.08825786029738,-0.521167552986871,-1.52198170189138,-0.74594206276323,-0.475650134863438,-1.11633127205757,-0.680795110743151,-0.630959826187288,2.27577506714976,-0.360394763248112,-1.12185750843372,-1.82713969133831,-0.544945209809633,-1.0099929787697,-1.12931857316399,-0.946374554527438,-0.803191037428762,-1.15278844781279,-0.42595465854361,-0.938055876675319,-1.18738458930157,-1.23041210025291,-0.797373187578022,-1.16230080545647,-0.377819499693739,1.33306687776463,-0.832999110597407,-0.533884030225674,-0.866575554810563,-0.517026089783175,-0.717586015732752,-1.01100613021998,-0.627232987784967,-1.02331441862592,-0.529739447900487,-0.991195534761472,-0.484444351416916,-0.724735509236815,-1.57512717781599,-0.399898634726296,-0.465400568692601,-0.525076423493556,-0.68142673147843,-0.59156966366512,1.31976237382569,-0.567826653865324,0.367710720258618,-1.05796441924875,-0.547273332987266,-0.551980064673498,-0.345688322760326,-0.697113880119278,-0.353696680285182,-2.00021763227272,-2.08224322261199,-0.872091461738152,-0.889556386155257,-0.938444320238906,-0.654078746223719,-0.578418903939853,-0.440845057560506,-0.402800957411009,0.145610882379371,-0.574567391161672,-1.75108208490588,-1.03292766190848,-0.660262121385938,-0.784182116331742,-1.33950734716597,-1.07295113119153,-0.490191614502914,-0.724722993416231,-0.387458469999575,-0.67265289501153,-0.560631725553251,-1.07033346692759,-0.749562816960677,-1.36414126696315,-0.826299878399175,-0.721727210801833,-0.876317725753786,-0.875446007171464,-0.969552848986112,-0.752576497540583,-0.774127007600307,-0.657239406583379,-0.739571250856207,-0.769269638931583,-0.547342081550196,-0.66549608966086,-0.400497512029309,-0.761581316383625,-0.961280804736148,-0.802317558831034,-0.431584442518366,-1.3076438001904,-0.631943764721935,-0.579507915169398,-0.620100662679788,-0.503796517211337,-0.71792858423988,-1.02984446404236,-0.264970410943138,-1.67817441199401,-0.557349591175902,-1.1375069142073,-0.546060346781241,-0.670603752641226,-0.362836635108256,-0.921518248192491,-0.902564283763228,-1.0669610666387,-1.05008529932893,-0.680703938055349,-0.679399709028993,-0.798624539569438,-0.58636397201414,-0.590419110099479,-0.479183249951239,-0.0518343813189468,-0.654451544220782,-0.755865250545603,-0.942110585579901,-0.873831727472401,-1.09491872168078,-0.453520463080941,-0.475498315316322,-0.902316908801359,-0.632054548348183,-1.00035456820405,-0.605022983692602,-0.915536831645335,-0.340701036420529,-1.52152170269417,-0.704852117823712,-0.657270497541832,-0.49858944200454,-0.495454091056586,-0.625430816380737,-0.419839307586847,-0.73139551936346,-0.618696368735234,-0.513248218781385,-0.586212932084341,-0.418816240327903,-0.637586357654596,-0.419171849570317,-1.10378034554778,-0.504768109875833,-0.503708930529297,-0.974502389326459,-0.924514780586802,-0.122311234742532,-0.813303292440974,-0.793665704950216,-0.816725390488356,-0.404812961836128,-0.831170933594364,-0.800640494297979,-1.00352564046401,0.0507774319340721,-1.42603282070303,-0.60699609384901,-0.603141481755691,-0.972280070282039,-0.923566729405713,-0.492093429498443,-0.135859069836745,-0.356127764920938,-0.426152405790388,-0.816352185605769,-0.373926100289775,-0.627488378610812,-0.429499750025505,-0.464375891526999,-0.886517603314692,-1.06964048874916,-0.455236351660987,-0.742946755276486,-0.582032151080456,-1.18959503173864,-0.755829565716357,-0.127717040330123,-1.56799886993584,-0.796526001879866,-0.708710560777974,-0.661372445464373,-0.79167821863407,-0.809608919621213,-0.965937838928799,-0.504623527225731,-0.863563219649252,-1.14887437042352,-0.680117437351813,-0.466764426657629,-0.836854594027651,-0.561253030076281,-0.883773155823425,-0.444598034495984,-1.42991269894957,-0.317678070615773,-0.799233124164901,-0.940150205056253,-0.477833002749308,-1.02230441550121,-0.414352476826801,-0.867875810443468,-0.747265772882252,-0.618950848071241,-0.430499440370047,0.501673471828673,-0.77458771809739,-0.493593930889384,-0.255496072661688,-0.558555906049502,-0.598213055580144,-0.710284973869927,-0.614764475187905,-0.950522384998325,-1.13688436302446,-1.10386469962424,-0.747997090271536,-1.01074181138039,-0.566010699037032,-0.603032598624489,-0.730318235371536,-0.598204255115836,-0.71157305436993,0.361852055688251,2.08524393190454,-0.386808567195655,-0.473937637058681,-0.740920976876977,-0.675677485964019,-0.799036810595303,-0.764417769029699,2.59921744193769,-0.858462959667144,-0.889325548542612,-1.13280417093144,-0.388200013230897,-0.672522450531549,-0.689569785356508,-1.15140774083531,-0.538722496195877,-0.7995406586986,-0.574547412051676,-0.819944378140991,-0.380430093207073,-0.834709508043328,-0.1431162875071,-0.543996565944918,-0.760805550465173,-0.655954091729921,1.15352855191093,0.00533007306320244,-0.719112826150793,-1.08773769552895,-0.015245274516109,-0.775032802607551,-0.580755287411444,-0.836916634773705,-0.689391508662824,-0.740417895485083,-0.591226315601407,-0.517699977761507,-0.508516510850491,0.0259642485523737,-0.521979735973987,-0.61052131080658,-0.545495229195593,-0.524254694445744,-0.831984299900153,-0.745395082740569,-0.719523549783808,-0.588297561945064,-1.14485071477297,-0.626788998877513,-0.794015296702858,-1.42834670580536,-0.788184218742662,-0.495614760728454,-1.18836044397162,-0.396556059677423,-0.997877754173032,-0.677053451143998,-0.593681714206644,-0.792912836073741,-0.598637045425795,-0.757800053491713,-0.694758292889573,-0.55321502257966,-1.1319511214443,-0.392786433490695,-0.761647247973245,-0.998362605765605,-0.485816253127067,-1.26637581039537,-0.847748388510819,-0.608508425207776,-0.616708057714315,-0.682642890579754,-0.716476224852673,-0.609571261310305,-0.99456836848483,-0.4791466881953,-0.527848653802147,-0.581450107692442,-0.623221682356157,-1.24484993302374,-0.456566211138298,-1.43047874856489,-0.268179348161252,-0.781460697748757,-0.441282341989839,-0.167033668585363,-0.693610145686299,-0.800942881760719,-0.569755773406841,-0.969526788505132,-0.773643467427534,-0.837555726474759,-0.909848144967057,-0.785445256160296,-0.384272493327475,-0.777454081363004,-1.21732527311908,-0.911558242630226,0.58026147567607,-0.620494342313918,-0.601887066668739,-0.600466657719567,-0.601926069361352,-0.532482830458011,-0.69871053666764,-0.429569599386422,-1.13130195465131,-1.13339019479525,-0.854813367027341,-0.571646636129868,-0.71593825275176,-0.777414105828957,-0.877809728241419,-0.963894975231911,-0.367490929903791,-1.00723720358106,-0.573648085257991,-0.905751916506873,-0.548246753341323,-0.808022151101502,-0.74633402219577,-0.77689632987442,-0.513527807859149,-0.410458854850929,-0.702854463496712,-0.376085254966847,-0.65323427697639,-0.253172437707491,-0.487170846083124,-0.605815007708669,-0.838746468088768,-0.512995918425756,-0.6002692007909,-0.494007793907488,-0.829580232182152,-1.18723863498533,-0.682378934286747,-0.597600263298091,-0.561688757941423,-0.775810477487309,-0.505226462944271,-0.914483551563009,-0.755650546229756,-0.800938882071613,-0.923820668091811,-0.543856568710744,-0.799784033987206,-0.985810948081364,-0.547914033241979,-0.69252288453592,-0.518860584787243,-0.718638772768277,-0.574522884957265,-0.766028616235394,-0.783162489495666,-0.566224935388611,-0.60068195999903,-0.675382976552414,-0.653790722557568,-0.653851689833047,-0.569897592314005,-0.685835715519622,-0.647904522193843,-0.664556936026652,-0.569034714136114,-0.507817813873977,-0.536494698185429,-0.768897864954003,-0.585376536065427,-0.622528035985135,-0.454210725594474,-0.564900394388196,-0.574696478706447,-1.3075080052006,-0.785105315526192,-0.540641423031425,-0.665426753584578,-0.539307094691963,-0.348425147702436,-0.498591251333388,-0.523080667456721,-0.831156261607636,-0.622281704570721,-0.782401068500164,-0.789447035739829,-0.557501763870755,-0.505778909237946,-0.624275977269652,-0.743774131603622,-0.175807113643249,-0.846638841230125,-0.397363968993432,-0.922357934814868,-1.07695751091064,-1.14934390124832,-1.14684228042207,-0.625888537038413,-0.641289533744246,-0.56888790075037,-0.680264025007797,-0.470465254505972,-0.726381607522248,-0.604395814203172,-0.64437704550372,-0.609921532378848,-0.619881066592517,-0.61712009938149,-0.363912718313512,-0.421387307249072,-1.24650240424127,-0.530264405273805,-0.73145250418656,-0.569578522132877,-0.436105875668738,-0.631759280520507,-0.406700539566019,-0.673273035311341,-0.565998932195026,-0.685817859793634,-0.730817206313231,-0.520238954117215,-0.713193758009176,0.677532749667301,-0.344789866784545,-0.495183843341153,-0.939394475450667,-0.74095518162433,-0.726611845001168,-0.553693741254614,-0.612887431730709,-0.536600271805562,-0.606291521024171,-0.553901067919841,-0.479383335875246,-0.621606511720135,-0.0977070380974558,-0.48805352537329,-0.865980025698746,-0.543434400240448,-0.767155531633286,-0.617518100327603,-0.563722602978791,-0.524092166767868,-0.469274127030998,-0.71456688213729,-0.796606268568196,-0.598331963886002,-0.491698944574237,-0.703895512265653,-0.632522545966653,-0.683218747620856,-0.813165332182298,-0.26355585471556,-0.472351838475484,-0.494377357867234,-0.975604745971856,-0.766724197739351,-0.823990033085211,-0.4895211128669,-0.558717666256494,-0.379161949641383,-1.02737092254885,-0.886635697636419,-0.614835278634353,-0.623039723737013,-0.812575895131137,-0.441748500440315,-0.308287964815651,-0.515370748508433,-1.2541307915187,-0.750713194799017,-0.807101569604255,-0.557916730587529,-1.05244496011756,-0.575643008354943,-0.61899979002849,-0.46950194156598,-0.567597101091729,-0.623788878529261,-0.67680156571333,-0.514869524021752,-0.440109756196063,-0.797330693575754,-0.628134209307874,-1.11711648863016,-0.864582352823089,-0.559609290515974,-0.575080500923803,0.0454043882052285,-0.326002332783631,-0.465167799440612,-0.735980601657659,-0.870570227459186,-0.978836790500469,-0.528878550032712,-0.442246094950301,-0.590310521918287,-0.597626308220176,-0.535005976446535,-1.27267805418069,-0.188469497761178,-0.882104756219481,-0.599446075410806,3.01977702739644,"Breast"
"55-Breast-WT",-0.555592417576326,-0.665330012844802,-0.874316134855906,-1.03790453368905,-0.541205355665141,0.366766672656085,-0.489483674713921,-0.930989674474597,-0.420105295385649,-0.587392633752342,-0.5360100599205,-0.427166054873635,-0.642142611977996,-0.906954785415906,-0.522805082503363,-1.16665646400082,-0.57729235363827,-0.951756607893985,-0.496697729346053,-0.533225338772386,-0.892044314129933,-0.756759621065685,-0.72953949609161,-1.10737391109703,-1.18728595031787,-1.45831178871341,-0.671018873252328,-0.886090803404096,-0.59994073973799,-0.572265270403078,-0.449126948447106,-0.823525490657949,-1.24614815954864,-0.309529644846314,-1.55698223891445,-0.964466112786827,0.806485813492985,-0.559309350558077,-0.0350634325368849,-0.97766678067334,-1.31380191096635,-0.985369683958035,-1.07616298942653,-0.536928301917431,-0.535926408238852,-1.67071280794214,-0.800523516316676,0.0377602690368651,-0.894666522630992,-0.757778983174664,-0.804466674495576,-0.722133608031586,-1.00553084851786,-1.06642129487193,-0.559247717928647,-0.374389587264773,-0.457301332060047,-0.488378971130679,-0.535578881140264,-1.23558207417991,-0.940150463465516,-0.466862369479199,-0.78169417422122,-0.361091310062088,-0.742272368002153,-0.597562997079172,-1.01277899053072,-1.41989396139844,-1.21951576421574,-1.13725406316654,-0.890457490909887,-0.164171907039498,-0.62582241159886,-0.811355606421236,-0.594144064245794,-0.427209662751993,-0.884442638278434,-0.726511286645635,-0.518709942838152,-0.310167173709315,-0.824570369406007,3.17922513320125,-0.0712714999497863,0.719345160921537,-0.632421218362915,-0.539991255188735,-0.729222797826837,-0.510050775686776,-0.56503564513667,-1.15438649345439,-1.06249646629166,0.976804735130295,-0.439395440768505,-0.806924516606813,-0.824109659368058,-0.386236372075434,-0.370292957722169,-0.652696741503466,-0.580182792717566,-0.893144250525708,-0.504580611844278,-0.946777991831266,-0.601254429722573,-0.824988666868521,-0.908370117980451,-0.612012511430763,-0.949267944187187,-1.62867629279179,-0.877494153250386,-0.409059203309683,-0.699577466702064,-0.848866007382096,-1.20970090202904,-0.592394335996418,-0.563564816816346,-0.852561903334732,-0.415332247460931,-1.15053595143586,-0.556437840594048,-0.749289324826282,-0.864139486256635,0.875359680515167,-0.434538970011261,-0.540935274554197,-1.33738969127492,-0.466481924852692,-1.07767110647549,-0.71314737154191,0.440072930006941,-0.781783811545767,-0.612032059829267,-0.42618686188652,-0.515214523200561,-0.563237817945086,-0.652232400369068,-0.433250890230484,-1.24113329272812,-0.628682208598634,-0.96051637736292,-0.622774284236347,-0.923173250517086,-0.521167552986871,-1.52198170189138,-0.74594206276323,-0.922939115191811,-1.11633127205757,-0.680795110743151,0.13027597603279,2.52621810354919,-0.360394763248112,-1.12185750843372,-0.52356011840162,-0.544945209809633,0.277007836069663,-1.12931857316399,-0.946374554527438,-0.803191037428762,-1.15278844781279,-0.881133953461138,-0.938055876675319,-1.18738458930157,0.707756618873069,-0.797373187578022,-0.792056523530025,-1.47320437666668,1.66635005168769,-0.832999110597407,-0.533884030225674,-0.866575554810563,0.377008034166396,-0.717586015732752,-1.01100613021998,-1.19702951435578,-1.02331441862592,-0.529739447900487,-0.991195534761472,-0.484444351416916,-0.724735509236815,-1.57512717781599,-0.399898634726296,-0.465400568692601,-0.659554194522494,-0.453872071781949,-0.59156966366512,-0.686166850667112,-0.567826653865324,-0.388287405092906,-0.302585834160971,-0.547273332987266,-0.551980064673498,-0.836461434415258,-0.697113880119278,-0.954138085945745,-1.35985059037912,-0.785136462441333,-0.40377256812421,-0.889556386155257,-0.938444320238906,-0.654078746223719,-0.578418903939853,-0.440845057560506,-0.402800957411009,-1.27366017213239,-0.574567391161672,-0.442522917670581,-1.03292766190848,-0.660262121385938,-0.784182116331742,-1.33950734716597,-1.07295113119153,-0.490191614502914,-0.724722993416231,-0.387458469999575,-0.67265289501153,-1.24706496093846,-1.49858573859642,-0.749562816960677,-0.655691190620282,0.826527716895993,-0.721727210801833,-0.876317725753786,-0.875446007171464,-0.969552848986112,-0.752576497540583,-0.774127007600307,-0.657239406583379,-0.739571250856207,-0.769269638931583,-0.547342081550196,-0.66549608966086,-0.400497512029309,-0.692535065067334,0.860670141330658,-0.802317558831034,-0.431584442518366,-1.3076438001904,-0.631943764721935,-0.579507915169398,-0.620100662679788,-0.503796517211337,-1.0770163128063,-1.02984446404236,-0.939825400487642,-1.67817441199401,-0.557349591175902,-1.1375069142073,0.268937141047355,-0.670603752641226,-0.362836635108256,-2.12661168559366,-0.902564283763228,-1.0669610666387,-1.35873215774737,-0.680703938055349,-0.679399709028993,-0.798624539569438,-0.58636397201414,-0.590419110099479,-0.479183249951239,0.145124839729244,-0.654451544220782,-0.755865250545603,-0.942110585579901,-0.873831727472401,-1.09491872168078,-0.453520463080941,-0.475498315316322,-0.902316908801359,-0.632054548348183,-1.00035456820405,-0.605022983692602,-0.0386017248010594,-0.244535190699046,-1.52152170269417,-0.704852117823712,-0.657270497541832,-0.49858944200454,-0.495454091056586,-0.625430816380737,1.19077671250639,-0.73139551936346,-0.618696368735234,-0.513248218781385,-0.586212932084341,-0.418816240327903,-0.637586357654596,-0.419171849570317,-1.10378034554778,-0.504768109875833,-0.503708930529297,-1.19847869296447,-0.924514780586802,-1.28931703069017,-0.813303292440974,-0.793665704950216,-0.816725390488356,-0.404812961836128,-0.831170933594364,-0.800640494297979,-1.00352564046401,-0.763076391897337,-0.943238689281297,-0.60699609384901,-0.557699401908528,-0.972280070282039,-0.923566729405713,-0.492093429498443,-1.12976969199847,-0.356127764920938,-0.426152405790388,-1.21479747878706,-0.826222229547082,-0.627488378610812,-0.429499750025505,-0.464375891526999,-0.886517603314692,-1.06964048874916,-0.455236351660987,-0.742946755276486,-0.582032151080456,-1.18959503173864,-0.755829565716357,-1.41625945874523,-1.24790703680379,-0.796526001879866,-0.708710560777974,-0.385939226086575,0.487726688216434,-0.809608919621213,-0.965937838928799,-0.504623527225731,-0.863563219649252,-1.11351217495475,-0.680117437351813,-0.466764426657629,-0.836854594027651,-0.561253030076281,-0.883773155823425,-0.444598034495984,-1.42991269894957,-0.869130914118606,-0.799233124164901,-0.940150205056253,-0.477833002749308,-0.747214552552296,-0.414352476826801,-0.867875810443468,-0.747265772882252,-0.618950848071241,-0.430499440370047,-0.796259557655844,-0.77458771809739,-0.493593930889384,-0.96499962340129,-0.558555906049502,-0.598213055580144,-0.710284973869927,-0.614764475187905,-1.36658458060918,-1.13688436302446,-1.10386469962424,-0.747997090271536,-1.01074181138039,-0.566010699037032,-0.603032598624489,-0.730318235371536,-0.598204255115836,-0.71157305436993,-0.606204342383374,-0.63129034137311,-0.386808567195655,-0.473937637058681,-0.417464425115243,-0.675677485964019,-0.799036810595303,-0.764417769029699,-0.735411990123146,-0.858462959667144,-0.889325548542612,-1.13280417093144,-0.388200013230897,-0.672522450531549,-0.689569785356508,-1.15140774083531,-0.538722496195877,-0.7995406586986,-0.574547412051676,-0.819944378140991,-0.380430093207073,-0.834709508043328,-0.895298276157752,-0.543996565944918,-0.760805550465173,-1.21080455522408,-0.653697914574418,-0.658091677882378,-0.719112826150793,-1.08773769552895,1.19304116080004,-0.775032802607551,-0.580755287411444,0.0633089943438222,-0.689391508662824,-0.740417895485083,-0.591226315601407,-0.517699977761507,-0.508516510850491,-0.839734362004915,-0.521979735973987,-0.61052131080658,-0.545495229195593,-0.524254694445744,-0.831984299900153,-0.745395082740569,-0.719523549783808,-0.588297561945064,-1.14485071477297,-0.85534945010494,-0.794015296702858,-1.42834670580536,-0.788184218742662,-0.495614760728454,-0.4346212815259,-1.05758031450463,-0.997877754173032,-0.677053451143998,-0.593681714206644,-0.792912836073741,-0.598637045425795,-0.757800053491713,-0.694758292889573,-0.55321502257966,-0.632212638350245,-0.392786433490695,-0.761647247973245,-0.998362605765605,-0.485816253127067,-1.26637581039537,-0.847748388510819,-0.608508425207776,-0.616708057714315,-0.682642890579754,-0.716476224852673,-0.609571261310305,-0.99456836848483,-0.4791466881953,-0.527848653802147,-0.581450107692442,-0.623221682356157,-1.97645946566837,-0.456566211138298,-0.92942312929121,-1.46393408399269,-0.781460697748757,-0.441282341989839,-1.20266300647864,-0.693610145686299,-0.579235723439178,-0.569755773406841,-0.969526788505132,-0.773643467427534,-0.837555726474759,-0.909848144967057,-0.785445256160296,-0.384272493327475,-0.777454081363004,-1.21732527311908,-0.911558242630226,-0.67319351540593,-0.620494342313918,-0.601887066668739,-0.600466657719567,-0.969725385594821,-0.43107861280279,-0.515601087189751,-0.372690603801958,-1.13130195465131,-1.13339019479525,-0.491675814453289,0.447969475638431,-0.71593825275176,-0.777414105828957,-0.877809728241419,-0.963894975231911,-0.367490929903791,-0.137922273267343,-0.573648085257991,-0.905751916506873,-0.548246753341323,-0.759197946968453,-0.74633402219577,-0.77689632987442,-0.513527807859149,-0.410458854850929,-0.702854463496712,-0.376085254966847,-0.65323427697639,-0.186645494619633,-0.487170846083124,-0.605815007708669,0.477210309316772,-0.512995918425756,-0.6002692007909,-0.494007793907488,-0.829580232182152,-0.699019729781235,-0.682378934286747,-0.597600263298091,-0.561688757941423,-0.775810477487309,-0.505226462944271,-0.914483551563009,-0.755650546229756,-0.800938882071613,-0.923820668091811,-0.543856568710744,-0.799784033987206,-1.7159826720475,-0.547914033241979,0.198287853433328,-0.518860584787243,-0.718638772768277,-0.574522884957265,-0.766028616235394,-0.783162489495666,-0.566224935388611,-0.60068195999903,-0.675382976552414,-0.653790722557568,-0.653851689833047,-0.569897592314005,-0.685835715519622,-0.647904522193843,-0.664556936026652,-0.569034714136114,-0.507817813873977,-0.536494698185429,-0.768897864954003,-0.585376536065427,-0.622528035985135,-0.454210725594474,-0.564900394388196,-0.574696478706447,-1.57250043000024,-0.785105315526192,-0.540641423031425,-0.665426753584578,-0.539307094691963,-0.348425147702436,-0.498591251333388,-0.523080667456721,-0.831156261607636,-0.622281704570721,-0.782401068500164,-0.789447035739829,-0.557501763870755,-0.505778909237946,-0.624275977269652,-0.743774131603622,-0.743846574768942,-0.846638841230125,-0.397363968993432,-0.922357934814868,-1.07695751091064,-0.504401663312569,-1.14684228042207,-0.625888537038413,-0.641289533744246,-0.56888790075037,-0.680264025007797,-0.470465254505972,-0.726381607522248,-0.604395814203172,-0.64437704550372,-0.609921532378848,-0.619881066592517,-0.61712009938149,-0.363912718313512,-0.421387307249072,-1.3162317317338,-0.530264405273805,-0.73145250418656,-0.569578522132877,-0.436105875668738,-0.631759280520507,-0.406700539566019,-0.673273035311341,-0.565998932195026,-0.685817859793634,-0.730817206313231,-0.520238954117215,-0.713193758009176,-0.991190188200663,-0.344789866784545,-0.495183843341153,-0.939394475450667,-0.74095518162433,-0.726611845001168,-0.553693741254614,-0.612887431730709,-0.536600271805562,-0.606291521024171,-0.553901067919841,-0.479383335875246,-0.621606511720135,-0.974570951392448,-0.48805352537329,-0.865980025698746,-0.543434400240448,-0.767155531633286,-0.617518100327603,-0.563722602978791,-0.524092166767868,-0.469274127030998,-0.71456688213729,-0.796606268568196,-0.598331963886002,-0.491698944574237,-0.023827797990247,-0.698460781035649,-0.683218747620856,-0.813165332182298,0.268351643166499,-0.472351838475484,-0.494377357867234,-0.975604745971856,-0.766724197739351,-0.823990033085211,-0.926108184691356,-0.558717666256494,-0.379161949641383,-1.02737092254885,0.0106204229072369,-0.614835278634353,-0.623039723737013,-0.812575895131137,-0.441748500440315,-0.788012724473105,-0.515370748508433,-1.2541307915187,-0.750713194799017,-0.807101569604255,-0.557916730587529,-1.05244496011756,-0.575643008354943,-0.61899979002849,-0.46950194156598,-0.567597101091729,-0.623788878529261,-0.67680156571333,-0.514869524021752,-0.440109756196063,-0.797330693575754,-0.628134209307874,-1.11711648863016,-0.864582352823089,-0.559609290515974,-0.575080500923803,-0.624478446322977,-0.72921406656607,-0.465167799440612,-0.159793097759054,-0.870570227459186,-0.978836790500469,-0.528878550032712,-0.442246094950301,-0.590310521918287,-0.597626308220176,-0.535005976446535,-0.325820500694094,-0.86340182998155,-0.882104756219481,-0.599446075410806,0.0966565408124153,"Breast"
"Type-Unknown-6",-0.555592417576326,-0.665330012844802,-0.874316134855906,-1.03790453368905,-1.40910500646145,-0.134521026150447,-0.489483674713921,-2.27474420143844,-0.68269538070421,-0.587392633752342,-0.5360100599205,-0.427166054873635,-0.642142611977996,-0.465582051978245,-0.522805082503363,-0.79171302210712,-0.57729235363827,-0.951756607893985,-0.496697729346053,-0.533225338772386,-0.892044314129933,-0.756759621065685,-0.72953949609161,0.517842380428605,-0.827343760650729,-1.45831178871341,-0.671018873252328,-0.886090803404096,-0.59994073973799,-0.572265270403078,-0.449126948447106,-0.823525490657949,-1.24614815954864,3.43633873830177,-1.55698223891445,-0.964466112786827,-0.497006264132812,-0.559309350558077,-1.35148615893941,-0.97766678067334,-1.31380191096635,-0.985369683958035,-1.07616298942653,-0.536928301917431,-0.535926408238852,-1.0734358367171,-0.800523516316676,-0.684422976084699,-0.894666522630992,-0.757778983174664,-0.804466674495576,-0.722133608031586,-1.00553084851786,-1.06642129487193,-0.559247717928647,-0.374389587264773,-0.457301332060047,-0.488378971130679,-0.535578881140264,-0.735851102774117,-0.940150463465516,-0.466862369479199,-0.78169417422122,-0.361091310062088,-0.742272368002153,-0.597562997079172,-1.01277899053072,-1.41989396139844,-0.92725851478485,-1.35067941710444,-0.890457490909887,-0.950184227790595,-0.62582241159886,-0.811355606421236,-0.594144064245794,-0.427209662751993,-0.884442638278434,-0.726511286645635,-0.518709942838152,-0.310167173709315,-0.824570369406007,-0.472497315307328,-0.898861291839932,0.0261643311242494,-0.632421218362915,-0.539991255188735,-0.729222797826837,-0.510050775686776,-0.56503564513667,-1.15438649345439,-1.06249646629166,0.472823549172355,-0.439395440768505,-0.806924516606813,-0.824109659368058,-0.386236372075434,-0.370292957722169,-0.652696741503466,-0.580182792717566,-0.893144250525708,-0.504580611844278,-0.946777991831266,-1.00272583549808,-0.824988666868521,-0.908370117980451,-0.612012511430763,-0.344101917194333,-1.62867629279179,-0.877494153250386,-1.16329464966875,-0.699577466702064,-0.848866007382096,-1.20970090202904,-0.592394335996418,-0.563564816816346,-0.852561903334732,-0.415332247460931,-1.15053595143586,1.5986360473034,-0.749289324826282,-0.864139486256635,-1.27839469908618,-0.434538970011261,-0.540935274554197,-1.33738969127492,-0.466481924852692,-1.07767110647549,-0.71314737154191,-0.467269611423203,-0.781783811545767,-0.612032059829267,-0.42618686188652,-0.515214523200561,-0.563237817945086,-0.652232400369068,-0.433250890230484,-1.24113329272812,-0.628682208598634,-0.287177190196626,-0.622774284236347,-1.21851669340187,-0.521167552986871,-1.29543245468699,0.857411485739223,-0.922939115191811,-1.11633127205757,-0.680795110743151,-0.630959826187288,-0.445041103063912,-0.360394763248112,-1.12185750843372,-1.34257280812775,-0.544945209809633,-1.45479463840887,-1.12931857316399,-0.946374554527438,-0.803191037428762,-1.15278844781279,-0.881133953461138,-0.938055876675319,-1.18738458930157,-1.23041210025291,-0.797373187578022,-1.16230080545647,-1.22615906348349,-0.440422043770802,-0.832999110597407,-0.533884030225674,-0.866575554810563,-0.517026089783175,-0.717586015732752,-1.01100613021998,0.0500487271552931,-0.310528171295727,-0.529739447900487,-0.991195534761472,-0.484444351416916,-0.724735509236815,-0.466187468138742,-0.399898634726296,-0.465400568692601,-0.659554194522494,-0.973312654081767,-0.59156966366512,-0.686166850667112,-0.567826653865324,-0.388287405092906,-0.813905033624702,-0.547273332987266,-0.551980064673498,-0.836461434415258,-0.697113880119278,-0.954138085945745,-1.00265672609286,-2.08224322261199,-0.872091461738152,-0.889556386155257,-0.938444320238906,-0.654078746223719,0.0200290891926513,-0.440845057560506,-0.402800957411009,-1.27366017213239,-0.574567391161672,-1.75108208490588,-1.03292766190848,-0.660262121385938,-0.784182116331742,-1.33950734716597,-1.07295113119153,-0.490191614502914,-0.724722993416231,-0.387458469999575,-0.67265289501153,-0.738426254481083,-1.49858573859642,-0.749562816960677,-1.36414126696315,-0.826299878399175,-0.721727210801833,-0.876317725753786,-0.875446007171464,-0.969552848986112,-0.752576497540583,-0.774127007600307,-0.657239406583379,-0.739571250856207,-0.769269638931583,-0.547342081550196,-0.66549608966086,-0.400497512029309,-0.428406859458655,-0.961280804736148,-0.802317558831034,-0.431584442518366,-0.491048751828561,-0.631943764721935,-0.579507915169398,-0.620100662679788,-0.503796517211337,-1.0770163128063,-1.02984446404236,-0.939825400487642,-1.67817441199401,-0.557349591175902,-1.1375069142073,-1.00276805313498,-0.670603752641226,-0.362836635108256,-1.66956690073306,-0.902564283763228,-1.0669610666387,-1.35873215774737,-0.680703938055349,-0.679399709028993,-0.798624539569438,-0.58636397201414,-0.590419110099479,-0.479183249951239,-1.21462363337517,-0.654451544220782,-0.755865250545603,-0.942110585579901,-0.873831727472401,-1.09491872168078,-0.453520463080941,-0.475498315316322,-0.902316908801359,-0.632054548348183,-1.00035456820405,-0.605022983692602,-0.915536831645335,-0.446995794086861,-0.589571574247707,-0.704852117823712,-0.657270497541832,-0.49858944200454,-0.495454091056586,-0.625430816380737,-0.419839307586847,-0.73139551936346,-0.618696368735234,-0.513248218781385,-0.586212932084341,-0.418816240327903,-0.637586357654596,-0.419171849570317,-1.10378034554778,-0.504768109875833,-0.503708930529297,-1.19847869296447,-0.924514780586802,-1.28931703069017,-0.813303292440974,-0.793665704950216,-0.816725390488356,-0.404812961836128,-0.831170933594364,-0.800640494297979,-1.00352564046401,-0.763076391897337,-1.42603282070303,-0.60699609384901,-0.943549081967018,0.714689754308107,-0.923566729405713,-0.492093429498443,-1.12976969199847,-0.356127764920938,-0.426152405790388,-1.21479747878706,-0.826222229547082,-0.627488378610812,-0.429499750025505,-0.464375891526999,-0.886517603314692,-1.06964048874916,-0.455236351660987,-0.742946755276486,-0.582032151080456,-1.18959503173864,-0.755829565716357,-1.41625945874523,-0.975164577656246,-0.796526001879866,-0.708710560777974,-0.704715460278511,0.352342342101873,0.200890429376027,-0.965937838928799,-0.504623527225731,-0.863563219649252,-1.41377333935745,-0.680117437351813,-0.466764426657629,-0.836854594027651,-0.561253030076281,-0.883773155823425,-0.444598034495984,-0.434027746750564,-0.869130914118606,-0.799233124164901,-0.940150205056253,-0.477833002749308,-0.763379538505757,-0.414352476826801,-0.867875810443468,-0.747265772882252,-0.618950848071241,-0.430499440370047,-0.796259557655844,-0.77458771809739,-0.493593930889384,-0.96499962340129,-0.558555906049502,-0.598213055580144,-0.710284973869927,-0.614764475187905,-1.36005629164645,-1.13688436302446,-1.10386469962424,-0.747997090271536,-1.01074181138039,-0.566010699037032,-0.603032598624489,-0.730318235371536,-0.598204255115836,-0.71157305436993,-0.606204342383374,-0.63129034137311,-0.386808567195655,-0.473937637058681,-0.912115872904277,-0.675677485964019,-0.799036810595303,-0.764417769029699,-0.735411990123146,-0.858462959667144,0.0308337708580287,-1.13280417093144,-0.388200013230897,-0.672522450531549,-0.689569785356508,-1.15140774083531,-0.538722496195877,-0.7995406586986,-0.574547412051676,-0.819944378140991,-0.380430093207073,-0.348160128993071,-0.895298276157752,-0.543996565944918,-0.760805550465173,-1.21080455522408,-0.653697914574418,-0.658091677882378,-0.719112826150793,-1.08773769552895,-0.814187642569382,-0.775032802607551,-0.580755287411444,-0.836916634773705,-0.689391508662824,-0.740417895485083,-0.591226315601407,-0.517699977761507,-0.508516510850491,-0.839734362004915,-0.521979735973987,-0.61052131080658,-0.545495229195593,-0.524254694445744,-0.831984299900153,-0.745395082740569,-0.719523549783808,-0.588297561945064,-1.14485071477297,-0.85534945010494,-0.794015296702858,-1.42834670580536,-0.788184218742662,-0.495614760728454,-0.58563219739006,-1.05758031450463,-0.997877754173032,-0.677053451143998,-0.593681714206644,-0.792912836073741,-0.598637045425795,-0.757800053491713,-0.694758292889573,-0.55321502257966,-1.1319511214443,-0.392786433490695,-0.200081385057746,-0.998362605765605,-0.485816253127067,-1.26637581039537,-0.847748388510819,-0.608508425207776,-0.616708057714315,-0.682642890579754,-0.716476224852673,-0.609571261310305,-0.99456836848483,-0.4791466881953,-0.527848653802147,-0.581450107692442,-0.623221682356157,-1.21327378636555,-0.456566211138298,-1.09413758466316,-0.874903243650566,0.241142415259089,-0.441282341989839,-0.937250524964872,-0.693610145686299,-0.829358894753649,-0.569755773406841,-0.969526788505132,-0.773643467427534,-0.837555726474759,-0.909848144967057,-0.785445256160296,-0.384272493327475,-0.777454081363004,-1.21732527311908,-0.911558242630226,-0.67319351540593,-0.620494342313918,-0.601887066668739,-0.600466657719567,0.078453143457778,-0.581690358631447,-0.69871053666764,-0.855651382052597,-1.13130195465131,-1.13339019479525,-0.809013230885526,0.243036823808801,-0.71593825275176,-0.777414105828957,-0.877809728241419,-0.963894975231911,-0.367490929903791,-1.00723720358106,-0.573648085257991,-0.905751916506873,-0.548246753341323,-0.246032023410086,-0.74633402219577,-0.77689632987442,-0.513527807859149,-0.410458854850929,-0.702854463496712,-0.376085254966847,-0.65323427697639,-0.751527203204582,-0.487170846083124,-0.605815007708669,-0.838746468088768,-0.512995918425756,-0.6002692007909,-0.494007793907488,-0.829580232182152,-1.18723863498533,-0.682378934286747,-0.597600263298091,-0.561688757941423,-0.775810477487309,-0.505226462944271,-0.914483551563009,-0.755650546229756,-0.800938882071613,-0.36400488094378,-0.543856568710744,-0.799784033987206,-1.49305558426196,-0.547914033241979,-0.69252288453592,-0.518860584787243,-0.718638772768277,-0.574522884957265,-0.766028616235394,-0.783162489495666,-0.566224935388611,-0.60068195999903,-0.675382976552414,-0.653790722557568,-0.653851689833047,-0.569897592314005,-0.685835715519622,-0.647904522193843,-0.664556936026652,-0.569034714136114,-0.507817813873977,-0.536494698185429,-0.768897864954003,-0.585376536065427,-0.622528035985135,-0.454210725594474,-0.564900394388196,-0.574696478706447,-1.57250043000024,-0.785105315526192,-0.540641423031425,-0.0644074892175806,-0.539307094691963,-0.348425147702436,-0.498591251333388,-0.523080667456721,-0.831156261607636,-0.622281704570721,-0.782401068500164,-0.789447035739829,-0.557501763870755,-0.505778909237946,-0.624275977269652,-0.743774131603622,-0.743846574768942,-0.846638841230125,-0.397363968993432,-0.922357934814868,-1.07695751091064,-1.14934390124832,-0.707841744706417,-0.625888537038413,-0.641289533744246,-0.56888790075037,-0.680264025007797,-0.470465254505972,-0.726381607522248,-0.604395814203172,-0.64437704550372,-0.609921532378848,-0.619881066592517,-0.61712009938149,-0.363912718313512,-0.421387307249072,-1.83619677068091,-0.530264405273805,-0.73145250418656,-0.569578522132877,-0.436105875668738,-0.631759280520507,-0.406700539566019,-0.673273035311341,-0.565998932195026,-0.685817859793634,-0.730817206313231,-0.520238954117215,-0.713193758009176,-0.991190188200663,-0.344789866784545,-0.495183843341153,-0.939394475450667,-0.74095518162433,-0.726611845001168,-0.553693741254614,-0.612887431730709,-0.536600271805562,-0.606291521024171,-0.553901067919841,-0.479383335875246,-0.621606511720135,-0.974570951392448,-0.48805352537329,-0.865980025698746,-0.543434400240448,-0.767155531633286,-0.617518100327603,-0.563722602978791,-0.524092166767868,-0.469274127030998,-0.71456688213729,-0.796606268568196,-0.598331963886002,-0.491698944574237,-0.703895512265653,-0.385585776595508,-0.683218747620856,-0.813165332182298,-0.94583725016588,-0.472351838475484,0.506964798657445,-0.654754941044559,-0.766724197739351,0.12908092702577,-0.926108184691356,0.960804666246097,-0.379161949641383,0.61043892588189,-0.54955231689282,-0.614835278634353,-0.623039723737013,-0.812575895131137,-0.441748500440315,-0.788012724473105,-0.515370748508433,0.47081938024331,-0.750713194799017,-0.807101569604255,-0.557916730587529,-1.05244496011756,-0.575643008354943,-0.61899979002849,-0.46950194156598,-0.567597101091729,-0.623788878529261,-0.67680156571333,-0.514869524021752,-0.440109756196063,-0.797330693575754,-0.628134209307874,-1.11711648863016,-0.864582352823089,-0.559609290515974,-0.575080500923803,-0.624478446322977,-0.72921406656607,-0.465167799440612,-0.735980601657659,-0.870570227459186,-0.978836790500469,-0.528878550032712,-0.442246094950301,-0.590310521918287,-0.597626308220176,-0.535005976446535,-0.978953142244931,-0.86340182998155,-0.882104756219481,-0.599446075410806,2.07403635492079,"Breast"
"Breast-564",-0.555592417576326,-0.665330012844802,0.558215551084461,-0.143331633401182,-0.340278743996835,-1.22551449139384,-0.489483674713921,-0.123825744803117,-0.973280464028635,-0.587392633752342,-0.5360100599205,-0.427166054873635,-0.642142611977996,-0.906954785415906,-0.522805082503363,-1.16665646400082,-0.57729235363827,-0.255276333355343,-0.496697729346053,-0.533225338772386,-0.892044314129933,-0.756759621065685,0.161420925287646,-1.10737391109703,-1.18728595031787,-0.955638587885471,-0.671018873252328,-0.886090803404096,-0.59994073973799,-0.572265270403078,-0.449126948447106,-0.823525490657949,-1.24614815954864,-0.309529644846314,-1.25798255405955,-0.964466112786827,-0.497006264132812,-0.559309350558077,-0.235205652425866,-0.401085996965631,-0.0713595796574959,-0.319712630842658,0.0287838405730427,1.14960009756282,-0.535926408238852,-0.971147496577926,-0.800523516316676,1.31387785803176,-0.894666522630992,0.505141705294695,-0.804466674495576,-0.722133608031586,0.119026842102608,-1.06642129487193,-0.559247717928647,-0.374389587264773,-0.457301332060047,-0.488378971130679,-0.535578881140264,-1.23558207417991,-0.940150463465516,-0.466862369479199,-0.78169417422122,-0.361091310062088,-0.742272368002153,-0.597562997079172,-1.01277899053072,-0.389965536827553,-0.672099672630854,-0.799891547904779,-0.890457490909887,0.0854247060106012,-0.62582241159886,-0.811355606421236,0.265861251971926,-0.427209662751993,-0.884442638278434,-0.726511286645635,-0.518709942838152,-0.310167173709315,-0.824570369406007,-0.472497315307328,-0.175151870942236,-0.572367111065056,-0.632421218362915,0.625683911181205,-0.729222797826837,-0.510050775686776,-0.56503564513667,0.360246926466641,-1.06249646629166,0.495204468665191,-0.439395440768505,-0.806924516606813,-0.824109659368058,-0.386236372075434,-0.370292957722169,-0.652696741503466,-0.580182792717566,-0.893144250525708,-0.504580611844278,-0.946777991831266,-1.00272583549808,-0.824988666868521,-0.908370117980451,-0.612012511430763,-0.949267944187187,-1.04275268435294,-0.877494153250386,0.140381253168469,1.37671032931595,-0.848866007382096,-0.767972982898605,-0.592394335996418,-0.563564816816346,-0.852561903334732,-0.415332247460931,-0.3445365407645,1.04541612201149,0.197610725579346,-0.273475163676458,-0.947988351443619,-0.434538970011261,-0.540935274554197,0.0204407630423594,-0.466481924852692,-0.146246269177963,-0.71314737154191,-0.467269611423203,0.509146244533026,-0.612032059829267,-0.42618686188652,-0.515214523200561,-0.563237817945086,-0.652232400369068,-0.433250890230484,-0.379244283540719,-0.628682208598634,-0.96051637736292,-0.622774284236347,-0.0416188039408747,-0.521167552986871,-1.19709129789212,-0.74594206276323,0.0774581274605365,-0.232782151812802,0.846803701957888,-0.630959826187288,-0.445041103063912,-0.360394763248112,0.389398275256045,-0.757701120525929,-0.544945209809633,-1.45479463840887,-0.546632799409191,-0.10915958529357,-0.803191037428762,-1.15278844781279,-0.0475026594392407,-0.938055876675319,-1.18738458930157,-1.23041210025291,-0.797373187578022,0.0822411503396198,-0.330250032118415,1.10276581961542,-0.832999110597407,-0.533884030225674,-0.866575554810563,-0.517026089783175,-0.717586015732752,-1.01100613021998,-0.672818111803506,-0.00264299314990855,-0.529739447900487,-0.105347369772844,-0.484444351416916,-0.724735509236815,-0.345353245714866,-0.399898634726296,-0.465400568692601,-0.484893224000188,-0.379699331473383,-0.59156966366512,-0.686166850667112,-0.567826653865324,-0.388287405092906,-0.523052807638189,-0.547273332987266,-0.551980064673498,-0.836461434415258,-0.169018483641298,0.141149810766964,-1.1878964322969,-1.41616980144237,-0.872091461738152,-0.889556386155257,-0.938444320238906,-0.654078746223719,-0.578418903939853,-0.440845057560506,-0.402800957411009,-0.229328868532453,-0.574567391161672,-1.17647657330335,-1.03292766190848,-0.660262121385938,-0.784182116331742,-0.632647543953077,-1.07295113119153,-0.490191614502914,-0.724722993416231,-0.387458469999575,0.110045589959734,-0.518721792819462,-0.944910549005669,-0.749562816960677,-0.509307488255012,-0.826299878399175,-0.721727210801833,-0.0111651158607062,-0.875446007171464,0.234941401898245,0.167124447328543,-0.774127007600307,-0.657239406583379,-0.739571250856207,-0.769269638931583,-0.547342081550196,-0.66549608966086,1.12685354279197,-0.81866497527994,-0.961280804736148,-0.802317558831034,-0.431584442518366,-0.141709320722035,-0.631943764721935,-0.579507915169398,0.410070592209016,-0.503796517211337,-1.0770163128063,-0.103648401575922,0.129318221236746,-0.677605262183687,-0.557349591175902,-0.424535352935055,-0.374068364123641,-0.670603752641226,-0.362836635108256,-0.984051684157871,0.296101083023386,-1.0669610666387,-0.793465497220164,-0.680703938055349,-0.679399709028993,-0.798624539569438,2.14814520962165,-0.590419110099479,-0.479183249951239,-0.0107913651645174,-0.654451544220782,-0.755865250545603,-0.942110585579901,-0.873831727472401,-1.09491872168078,0.973796349044749,-0.475498315316322,-0.902316908801359,-0.632054548348183,0.175819326740392,-0.605022983692602,-0.203424638393777,-0.758043357732681,-0.541189987378579,-0.704852117823712,-0.657270497541832,-0.49858944200454,-0.495454091056586,-0.625430816380737,1.70222455235113,-0.73139551936346,-0.618696368735234,-0.513248218781385,-0.586212932084341,-0.418816240327903,-0.637586357654596,-0.419171849570317,-1.10378034554778,-0.504768109875833,-0.503708930529297,-1.19847869296447,-0.924514780586802,0.684034894270699,-0.813303292440974,-0.131668636923118,-0.816725390488356,-0.404812961836128,-0.831170933594364,-0.800640494297979,-0.215697945638727,-0.763076391897337,-1.42603282070303,-0.60699609384901,-0.943549081967018,-0.0382604149434797,-0.923566729405713,-0.492093429498443,-1.12976969199847,-0.356127764920938,-0.426152405790388,-1.21479747878706,-0.826222229547082,-0.627488378610812,-0.429499750025505,-0.464375891526999,0.339168197911233,-1.06964048874916,-0.455236351660987,-0.742946755276486,-0.582032151080456,-1.18959503173864,0.309688706713706,-0.50998018506873,-1.20147547326089,-0.796526001879866,-0.708710560777974,-0.279332847415031,-0.79167821863407,0.371727669523498,-0.965937838928799,-0.504623527225731,-0.244815914131967,-1.06972011293683,-0.680117437351813,-0.466764426657629,-0.836854594027651,-0.561253030076281,-0.883773155823425,-0.444598034495984,-0.972572341237583,-0.869130914118606,-0.799233124164901,-0.940150205056253,-0.477833002749308,-0.885174453845226,-0.414352476826801,0.0336296114080059,-0.747265772882252,-0.618950848071241,-0.430499440370047,-0.796259557655844,1.2964940495849,0.653265307859809,-0.96499962340129,-0.558555906049502,-0.598213055580144,-0.710284973869927,-0.614764475187905,-0.190528526433956,-1.13688436302446,-0.112299561647099,0.756937947015878,0.23202778600654,1.08095559597349,-0.603032598624489,-0.730318235371536,-0.598204255115836,0.141744710834571,-0.606204342383374,-0.63129034137311,-0.386808567195655,-0.473937637058681,-0.944204448780458,0.549165422720099,-0.799036810595303,-0.764417769029699,1.09071947258066,-0.194451278709981,-0.889325548542612,-1.13280417093144,-0.388200013230897,-0.672522450531549,-0.689569785356508,-1.15140774083531,-0.538722496195877,-0.0926447756715527,-0.574547412051676,0.23710920739037,-0.380430093207073,-0.834709508043328,-0.522243139035051,0.290124423480183,-0.760805550465173,-0.491009659268699,-0.653697914574418,-0.658091677882378,0.177933506218399,-0.378753026940669,0.223486080960331,-0.186619074833535,-0.580755287411444,-0.238716071121349,-0.689391508662824,-0.740417895485083,-0.591226315601407,-0.517699977761507,-0.508516510850491,0.739419243002182,-0.521979735973987,-0.61052131080658,-0.545495229195593,-0.524254694445744,-0.831984299900153,0.422445426043666,-0.719523549783808,-0.588297561945064,-0.49674292675966,-0.55849302596174,-0.794015296702858,-1.06380403818752,-0.788184218742662,-0.495614760728454,-0.134359581276124,-1.05758031450463,0.629141118143152,-0.677053451143998,-0.593681714206644,-0.792912836073741,-0.598637045425795,0.823183283320973,-0.694758292889573,-0.55321502257966,-0.324501550082486,-0.392786433490695,-0.761647247973245,-0.998362605765605,-0.485816253127067,-0.464169220597832,-0.847748388510819,-0.608508425207776,-0.616708057714315,-0.682642890579754,-0.716476224852673,-0.609571261310305,-0.99456836848483,-0.4791466881953,2.04325144874536,-0.581450107692442,-0.623221682356157,-0.795935802646997,-0.456566211138298,-0.574281590376813,-0.733512886822491,0.256903410265415,-0.441282341989839,-0.0288019166104011,-0.693610145686299,-1.04505239223071,-0.569755773406841,-0.969526788505132,-0.773643467427534,-0.837555726474759,-0.909848144967057,-0.785445256160296,-0.384272493327475,-0.777454081363004,-1.21732527311908,-0.911558242630226,-0.67319351540593,-0.620494342313918,1.15588494276856,-0.600466657719567,-0.35792979086668,-0.447668429026941,-0.69871053666764,-0.855651382052597,-1.13130195465131,-1.13339019479525,0.687669423759854,-0.571646636129868,-0.71593825275176,-0.777414105828957,-0.877809728241419,0.526384427061638,-0.367490929903791,0.387715793507569,-0.573648085257991,-0.905751916506873,-0.548246753341323,-0.698734716475362,0.623833320771065,-0.77689632987442,-0.513527807859149,-0.410458854850929,0.554922695977415,-0.376085254966847,-0.65323427697639,0.161177158971189,0.498309402924291,-0.605815007708669,-0.158438489784389,-0.512995918425756,-0.6002692007909,-0.494007793907488,-0.169906892034724,-1.18723863498533,-0.682378934286747,-0.597600263298091,-0.561688757941423,-0.775810477487309,-0.505226462944271,-0.240860613345424,-0.755650546229756,-0.800938882071613,-0.120998414228383,-0.543856568710744,-0.799784033987206,-0.865965893070982,-0.547914033241979,-0.69252288453592,-0.518860584787243,-0.718638772768277,-0.574522884957265,0.109190114588913,-0.783162489495666,0.49188411459356,0.932938468108863,-0.675382976552414,0.171656404284479,0.59589280743942,-0.569897592314005,-0.685835715519622,0.42483204697607,-0.664556936026652,-0.569034714136114,-0.507817813873977,-0.536494698185429,0.654029038213923,-0.585376536065427,-0.622528035985135,-0.454210725594474,-0.564900394388196,-0.574696478706447,-0.142123269295995,0.31545850723168,-0.540641423031425,-0.665426753584578,-0.539307094691963,-0.348425147702436,-0.498591251333388,-0.523080667456721,-0.831156261607636,-0.622281704570721,-0.782401068500164,-0.789447035739829,-0.557501763870755,-0.505778909237946,-0.624275977269652,-0.743774131603622,-0.743846574768942,-0.0722005515340908,-0.397363968993432,-0.922357934814868,-1.07695751091064,-0.410339047729768,-1.14684228042207,-0.625888537038413,-0.641289533744246,-0.56888790075037,-0.680264025007797,-0.470465254505972,-0.726381607522248,-0.604395814203172,-0.64437704550372,-0.609921532378848,-0.619881066592517,-0.61712009938149,-0.363912718313512,-0.421387307249072,-0.620913566069884,-0.530264405273805,-0.73145250418656,-0.569578522132877,-0.436105875668738,-0.631759280520507,-0.406700539566019,-0.673273035311341,-0.565998932195026,-0.685817859793634,0.311787013389896,-0.520238954117215,-0.713193758009176,0.627662716131638,-0.344789866784545,0.644203581393824,-0.939394475450667,-0.74095518162433,-0.726611845001168,-0.553693741254614,-0.612887431730709,-0.536600271805562,-0.606291521024171,-0.553901067919841,0.2751445682181,-0.621606511720135,-0.974570951392448,-0.48805352537329,0.170517096898327,0.710428987400854,0.978403436356514,-0.617518100327603,-0.563722602978791,-0.524092166767868,-0.469274127030998,-0.71456688213729,-0.075780688034207,-0.598331963886002,-0.491698944574237,-0.703895512265653,-1.05442141638705,-0.683218747620856,-0.813165332182298,-0.94583725016588,-0.472351838475484,-0.494377357867234,0.0415332169637984,-0.766724197739351,-0.823990033085211,-0.926108184691356,-0.558717666256494,-0.379161949641383,-1.02737092254885,-0.786742675441719,-0.614835278634353,-0.623039723737013,-0.812575895131137,-0.441748500440315,-0.788012724473105,-0.515370748508433,-1.2541307915187,-0.750713194799017,0.528275352958209,0.191793137304496,-1.05244496011756,-0.575643008354943,-0.61899979002849,0.654392598279148,-0.567597101091729,-0.623788878529261,-0.67680156571333,-0.514869524021752,-0.440109756196063,-0.797330693575754,-0.628134209307874,-0.150508145214557,-0.864582352823089,-0.559609290515974,-0.575080500923803,-0.624478446322977,-0.72921406656607,-0.465167799440612,-0.735980601657659,-0.870570227459186,-0.978836790500469,-0.528878550032712,-0.442246094950301,0.37422627528875,-0.597626308220176,-0.535005976446535,-0.0197927507570585,-0.86340182998155,-0.882104756219481,-0.599446075410806,-0.518950740640203,"Breast"
"59-Breast-WT",-0.555592417576326,1.22793463630906,-0.874316134855906,-1.03790453368905,-1.40910500646145,-0.418982764077831,-0.489483674713921,0.0659540370403371,-0.54058528505415,-0.587392633752342,-0.5360100599205,-0.427166054873635,-0.642142611977996,-0.906954785415906,-0.522805082503363,-0.376887472644083,-0.57729235363827,-0.951756607893985,-0.496697729346053,-0.533225338772386,-0.892044314129933,-0.756759621065685,-0.72953949609161,-1.10737391109703,-1.18728595031787,-1.45831178871341,-0.671018873252328,-0.886090803404096,-0.59994073973799,-0.572265270403078,-0.449126948447106,-0.823525490657949,0.545600520300218,-0.309529644846314,-1.55698223891445,-0.964466112786827,-0.497006264132812,-0.559309350558077,-1.06401077168861,-0.97766678067334,-0.969147508538794,-0.985369683958035,-1.07616298942653,-0.536928301917431,-0.535926408238852,0.047060571793131,-0.800523516316676,-0.684422976084699,-0.894666522630992,-0.757778983174664,-0.804466674495576,-0.722133608031586,-1.00553084851786,-1.06642129487193,-0.559247717928647,-0.374389587264773,-0.457301332060047,-0.488378971130679,-0.535578881140264,-1.01966746234329,-0.506456368326968,3.27726908456593,0.084559823186922,-0.361091310062088,-0.742272368002153,-0.597562997079172,-1.01277899053072,-0.257223768617278,-1.00037171902638,-0.893805747627296,-0.890457490909887,0.143450753059499,-0.62582241159886,-0.289281539424836,-0.594144064245794,-0.427209662751993,-0.884442638278434,-0.726511286645635,-0.518709942838152,-0.310167173709315,-0.824570369406007,4.75674606998052,-1.33974894891408,-0.572367111065056,-0.632421218362915,-0.539991255188735,-0.729222797826837,-0.510050775686776,-0.56503564513667,-1.15438649345439,-1.06249646629166,2.14565683723521,-0.439395440768505,-0.806924516606813,-0.824109659368058,-0.386236372075434,-0.370292957722169,-0.652696741503466,-0.580182792717566,-0.893144250525708,-0.504580611844278,-0.946777991831266,-0.69456625772028,-0.824988666868521,0.553123509819831,-0.612012511430763,-0.949267944187187,-1.62867629279179,-0.877494153250386,-1.16329464966875,-0.699577466702064,-0.848866007382096,-1.20970090202904,-0.592394335996418,-0.563564816816346,-0.852561903334732,-0.415332247460931,-1.15053595143586,-0.556437840594048,-0.749289324826282,-0.864139486256635,-1.27839469908618,-0.434538970011261,-0.540935274554197,-1.33738969127492,-0.466481924852692,-1.07767110647549,-0.71314737154191,-0.467269611423203,-0.781783811545767,-0.612032059829267,-0.42618686188652,-0.515214523200561,-0.563237817945086,-0.652232400369068,-0.433250890230484,0.030372243343923,-0.628682208598634,-0.585991467539219,-0.622774284236347,-0.564111819384085,-0.521167552986871,-0.721069832523834,-0.74594206276323,-0.922939115191811,-1.11633127205757,0.506926256960775,-0.630959826187288,-0.445041103063912,-0.360394763248112,-1.12185750843372,-0.99668208558557,-0.544945209809633,-0.640896167654895,-1.12931857316399,-0.946374554527438,-0.803191037428762,-1.15278844781279,-0.881133953461138,-0.938055876675319,-0.804754205324627,-1.23041210025291,-0.797373187578022,-0.7609253597062,-1.47320437666668,-0.440422043770802,-0.832999110597407,-0.533884030225674,-0.866575554810563,-0.517026089783175,-0.717586015732752,-1.01100613021998,-1.19702951435578,-0.18568656838726,-0.529739447900487,-0.153096654618982,-0.484444351416916,-0.724735509236815,-1.57512717781599,-0.399898634726296,-0.465400568692601,-0.542552958351609,-0.793427883333095,-0.59156966366512,-0.686166850667112,-0.567826653865324,-0.388287405092906,0.370047496020739,-0.547273332987266,-0.551980064673498,-0.836461434415258,-0.697113880119278,-0.954138085945745,-1.22976740765133,0.0528851525647574,-0.872091461738152,-0.889556386155257,-0.938444320238906,-0.654078746223719,-0.578418903939853,-0.440845057560506,-0.402800957411009,0.0748498682779906,-0.574567391161672,-0.646049528880113,-1.03292766190848,-0.660262121385938,-0.784182116331742,-1.33950734716597,0.130173498506318,-0.490191614502914,-0.724722993416231,-0.387458469999575,-0.148341768050163,-1.24706496093846,-1.49858573859642,-0.749562816960677,-1.36414126696315,-0.826299878399175,-0.721727210801833,-0.0577988619561156,-0.875446007171464,-0.969552848986112,-0.752576497540583,-0.774127007600307,-0.657239406583379,-0.739571250856207,-0.769269638931583,-0.547342081550196,-0.66549608966086,-0.400497512029309,-1.12868616523207,-0.961280804736148,-0.802317558831034,-0.431584442518366,-1.3076438001904,-0.631943764721935,-0.579507915169398,-0.620100662679788,-0.503796517211337,-1.0770163128063,-1.02984446404236,-0.939825400487642,-1.67817441199401,-0.557349591175902,-1.1375069142073,-0.96151095018914,-0.670603752641226,-0.362836635108256,-0.625978272645348,-0.902564283763228,-1.0669610666387,-1.35873215774737,-0.680703938055349,-0.679399709028993,-0.798624539569438,-0.58636397201414,-0.590419110099479,-0.479183249951239,-0.324437676812638,-0.654451544220782,-0.755865250545603,-0.942110585579901,-0.873831727472401,-1.09491872168078,2.96009039364442,-0.475498315316322,-0.902316908801359,-0.632054548348183,0.735807153941817,-0.605022983692602,-0.915536831645335,-0.510466438860385,-1.52152170269417,-0.704852117823712,-0.657270497541832,-0.49858944200454,-0.495454091056586,-0.625430816380737,-0.419839307586847,-0.73139551936346,-0.618696368735234,-0.513248218781385,-0.586212932084341,-0.418816240327903,-0.637586357654596,-0.419171849570317,-1.10378034554778,-0.504768109875833,-0.503708930529297,-1.19847869296447,-0.924514780586802,-1.28931703069017,-0.813303292440974,-0.793665704950216,-0.816725390488356,-0.404812961836128,-0.831170933594364,-0.800640494297979,-1.00352564046401,-0.763076391897337,-1.42603282070303,-0.60699609384901,-0.943549081967018,-0.459119752112529,-0.923566729405713,-0.492093429498443,-1.12976969199847,-0.356127764920938,-0.426152405790388,-1.21479747878706,-0.826222229547082,-0.627488378610812,-0.429499750025505,-0.464375891526999,-0.886517603314692,-1.06964048874916,-0.455236351660987,-0.742946755276486,0.174639038296179,-1.18959503173864,-0.755829565716357,-1.41625945874523,-1.56799886993584,-0.796526001879866,-0.708710560777974,-0.430250526815868,-0.79167821863407,-0.809608919621213,-0.965937838928799,-0.504623527225731,-0.863563219649252,-1.41377333935745,-0.680117437351813,-0.466764426657629,-0.836854594027651,-0.561253030076281,-0.883773155823425,-0.444598034495984,-1.42991269894957,-0.869130914118606,-0.799233124164901,-0.940150205056253,-0.477833002749308,-0.917303016119303,-0.414352476826801,-0.867875810443468,-0.747265772882252,-0.618950848071241,-0.430499440370047,-0.796259557655844,-0.77458771809739,-0.493593930889384,-0.96499962340129,-0.558555906049502,-0.598213055580144,-0.710284973869927,-0.614764475187905,-0.583627928104029,-1.13688436302446,-1.10386469962424,-0.747997090271536,-1.01074181138039,-0.566010699037032,-0.603032598624489,-0.730318235371536,-0.598204255115836,-0.71157305436993,-0.606204342383374,-0.63129034137311,-0.386808567195655,-0.473937637058681,-1.55025233444112,-0.675677485964019,-0.799036810595303,-0.764417769029699,0.0888497780170807,-0.858462959667144,-0.889325548542612,-1.13280417093144,-0.388200013230897,-0.672522450531549,-0.689569785356508,-1.15140774083531,-0.538722496195877,-0.7995406586986,-0.574547412051676,-0.819944378140991,-0.380430093207073,-0.834709508043328,-0.895298276157752,-0.543996565944918,-0.760805550465173,-1.21080455522408,-0.0911175014203528,-0.658091677882378,-0.719112826150793,-1.08773769552895,-0.814187642569382,-0.775032802607551,-0.580755287411444,-0.836916634773705,-0.689391508662824,-0.740417895485083,-0.591226315601407,-0.517699977761507,-0.508516510850491,-0.839734362004915,-0.521979735973987,-0.61052131080658,-0.545495229195593,-0.524254694445744,-0.831984299900153,-0.745395082740569,-0.719523549783808,-0.588297561945064,-1.14485071477297,-0.85534945010494,-0.794015296702858,-1.18414823020562,-0.788184218742662,-0.495614760728454,-1.18836044397162,-1.05758031450463,-0.997877754173032,-0.677053451143998,-0.593681714206644,-0.127836016972099,-0.598637045425795,-0.757800053491713,-0.694758292889573,-0.55321502257966,-1.1319511214443,-0.392786433490695,-0.761647247973245,-0.998362605765605,-0.485816253127067,-1.26637581039537,-0.847748388510819,-0.608508425207776,-0.616708057714315,-0.682642890579754,-0.716476224852673,-0.609571261310305,0.64183268496734,-0.4791466881953,-0.527848653802147,-0.581450107692442,-0.623221682356157,-0.749486581596762,-0.456566211138298,-0.510786281430686,-0.831901811683291,-0.781460697748757,-0.441282341989839,-0.635509776401102,-0.693610145686299,0.316110100959822,-0.569755773406841,-0.969526788505132,-0.773643467427534,-0.837555726474759,-0.909848144967057,0.484009098473144,-0.384272493327475,-0.777454081363004,-1.21732527311908,-0.911558242630226,-0.67319351540593,-0.620494342313918,-0.601887066668739,-0.600466657719567,-0.969725385594821,-0.887414261842796,-0.69871053666764,-0.855651382052597,-1.13130195465131,-1.13339019479525,-0.594372668172812,0.210985616075056,-0.71593825275176,-0.777414105828957,-0.877809728241419,-0.963894975231911,-0.367490929903791,-1.00723720358106,-0.573648085257991,-0.905751916506873,-0.548246753341323,-1.17376531728267,-0.0954223644688187,-0.77689632987442,-0.513527807859149,-0.410458854850929,-0.702854463496712,-0.376085254966847,0.137836276990162,-0.751527203204582,-0.487170846083124,0.524371916129603,-0.383024309895663,-0.512995918425756,0.075449108157029,-0.494007793907488,-0.0662011966123613,-0.136890396844995,-0.682378934286747,-0.597600263298091,-0.561688757941423,-0.775810477487309,-0.505226462944271,-0.914483551563009,-0.755650546229756,-0.800938882071613,-0.923820668091811,-0.543856568710744,-0.799784033987206,-0.115952567499374,-0.547914033241979,-0.00875846957772225,-0.518860584787243,-0.718638772768277,-0.574522884957265,-0.766028616235394,0.618090128098037,-0.566224935388611,-0.60068195999903,-0.675382976552414,-0.653790722557568,-0.653851689833047,-0.569897592314005,-0.685835715519622,-0.647904522193843,-0.664556936026652,-0.569034714136114,-0.507817813873977,-0.536494698185429,-0.768897864954003,-0.585376536065427,-0.622528035985135,-0.454210725594474,-0.564900394388196,-0.574696478706447,-0.817621277690011,-0.785105315526192,-0.540641423031425,-0.665426753584578,-0.539307094691963,-0.348425147702436,-0.498591251333388,-0.523080667456721,-0.831156261607636,-0.622281704570721,-0.782401068500164,-0.789447035739829,-0.557501763870755,-0.505778909237946,-0.624275977269652,-0.743774131603622,-0.743846574768942,-0.846638841230125,-0.397363968993432,-0.922357934814868,-0.0368044242108069,-1.14934390124832,-1.14684228042207,-0.625888537038413,-0.641289533744246,-0.56888790075037,-0.680264025007797,-0.470465254505972,-0.726381607522248,-0.604395814203172,-0.64437704550372,-0.609921532378848,-0.619881066592517,-0.61712009938149,-0.363912718313512,-0.421387307249072,-0.442818344303813,-0.530264405273805,-0.73145250418656,0.332619490273939,-0.436105875668738,-0.631759280520507,-0.406700539566019,-0.673273035311341,-0.565998932195026,-0.685817859793634,-0.730817206313231,-0.520238954117215,-0.298481230181977,-0.991190188200663,-0.344789866784545,-0.495183843341153,-0.939394475450667,-0.74095518162433,-0.726611845001168,-0.553693741254614,-0.612887431730709,-0.536600271805562,-0.606291521024171,-0.553901067919841,-0.479383335875246,-0.621606511720135,-0.974570951392448,-0.48805352537329,-0.488983960908541,-0.543434400240448,-0.767155531633286,-0.617518100327603,-0.563722602978791,-0.524092166767868,-0.469274127030998,0.940700909886168,-0.796606268568196,-0.598331963886002,-0.491698944574237,-0.703895512265653,-1.08056560389932,-0.683218747620856,0.435442746133584,-0.94583725016588,-0.472351838475484,-0.494377357867234,-0.975604745971856,-0.766724197739351,-0.823990033085211,-0.926108184691356,-0.558717666256494,-0.379161949641383,-1.02737092254885,-1.19719092597957,4.1402434969758,-0.623039723737013,-0.812575895131137,-0.441748500440315,-0.788012724473105,-0.515370748508433,0.686021843050386,-0.750713194799017,-0.807101569604255,-0.557916730587529,-1.05244496011756,-0.575643008354943,-0.61899979002849,-0.46950194156598,-0.567597101091729,-0.623788878529261,-0.67680156571333,-0.514869524021752,-0.440109756196063,-0.797330693575754,-0.628134209307874,-1.11711648863016,-0.864582352823089,-0.559609290515974,-0.575080500923803,-0.624478446322977,-0.72921406656607,-0.465167799440612,-0.735980601657659,-0.870570227459186,0.819113484343283,-0.528878550032712,-0.442246094950301,-0.590310521918287,-0.597626308220176,-0.535005976446535,-0.218016517984451,-0.86340182998155,-0.882104756219481,-0.599446075410806,-0.518950740640203,"Breast"
"Breast-590",-0.555592417576326,1.23988459129624,-0.0300721236654623,0.577577389196592,-0.462292855448823,-0.20925687801827,-0.489483674713921,-0.242299802543779,-0.460203624203995,0.671086939326086,-0.5360100599205,-0.427166054873635,0.242488949311946,0.321245886105144,-0.522805082503363,-0.554799367610882,-0.57729235363827,0.479728617283669,-0.496697729346053,-0.533225338772386,-0.261573113967078,-0.203166718953245,0.335139076831412,-0.120987090132509,0.295434586568018,-0.407615838491793,-0.671018873252328,0.175009929745263,-0.59994073973799,-0.572265270403078,-0.449126948447106,-0.823525490657949,-0.605590759893686,-0.309529644846314,-0.745149223134885,0.183893780221563,2.62279429173371,-0.559309350558077,0.263930050766806,1.12884671368152,0.379846804683618,0.0399623294868524,0.0692139619444451,-0.536928301917431,-0.535926408238852,-0.568253154053889,-0.800523516316676,0.709953747008355,-0.274129668581986,0.427380818732947,-0.804466674495576,-0.722133608031586,0.160174526938219,-0.303008394828294,-0.559247717928647,-0.374389587264773,1.13011411231956,-0.488378971130679,4.03085510363899,0.077294031502428,-0.306791531293349,2.97606421899546,-0.78169417422122,-0.361091310062088,-0.742272368002153,3.62627190337605,0.555158699494254,-0.287114603217658,0.0316540420395159,-0.422419720980853,-0.890457490909887,0.333138906835384,-0.62582241159886,-0.271476329621922,-0.594144064245794,-0.427209662751993,0.455731903499816,-0.726511286645635,-0.518709942838152,0.160744768050216,-0.824570369406007,0.981483632533231,0.74236100930783,2.13960448506875,0.75872019029651,0.267497832448252,-0.729222797826837,0.392692271619254,0.18336400935172,0.768054381600397,0.362252124782999,-0.581004914655218,-0.439395440768505,-0.277319445230764,-0.824109659368058,-0.386236372075434,0.46451972728323,-0.122835028355217,-0.580182792717566,-0.893144250525708,-0.504580611844278,0.160578052969158,0.450740559995391,-0.824988666868521,0.0465783315053489,-0.612012511430763,-0.213988759200783,-0.762244089666759,-0.51085077584639,-0.318777196771625,0.59624253265373,-0.848866007382096,-0.465378492072899,-0.592394335996418,-0.563564816816346,-0.197882667457986,-0.415332247460931,-0.242327846310623,6.13346087126664,-0.749289324826282,0.131144427251601,0.145064958644414,-0.434538970011261,0.940370917315232,1.16167346861384,-0.466481924852692,-0.82962085141283,-0.71314737154191,-0.467269611423203,0.115151295720372,-0.612032059829267,0.642088418915645,-0.515214523200561,-0.563237817945086,-0.652232400369068,-0.433250890230484,-0.94001338365208,-0.628682208598634,0.306475856042734,-0.622774284236347,0.981603191875829,-0.521167552986871,-0.974533379058635,-0.74594206276323,-0.922939115191811,-0.25187007116689,0.38513459828222,-0.630959826187288,5.17358987291168,-0.360394763248112,-0.0673316575507736,-0.142659906701536,-0.544945209809633,-0.310989646543724,0.302360377543657,1.22328444719211,-0.803191037428762,0.726800962697913,0.0294958187332411,-0.148565728577342,-0.157529803091798,0.155076490938125,-0.0676805471094959,0.479906361526085,-0.159027500253414,5.77757575347726,0.684195770977322,0.884912968822159,0.315163652902676,-0.517026089783175,-0.717586015732752,-0.425804777337702,0.459237564081235,-0.521897561372938,0.879063332960324,1.5533579141099,-0.484444351416916,0.228520049984276,-0.47330696045526,1.00354540138525,-0.465400568692601,-0.659554194522494,-0.652022773665967,0.847978949221418,1.60931007423219,-0.567826653865324,2.90649543362273,0.654572266342287,-0.547273332987266,-0.551980064673498,-0.836461434415258,-0.697113880119278,0.241032080267893,-0.0455202975995591,0.0329111398591208,-0.872091461738152,0.458242872050822,-0.401746952833529,-0.654078746223719,-0.578418903939853,-0.440845057560506,-0.402800957411009,-0.0706564222253918,-0.574567391161672,-0.47706556104519,-1.03292766190848,0.504938223864475,0.471456586564971,-0.254932354311942,-0.513625233115231,-0.490191614502914,-0.724722993416231,-0.387458469999575,-0.67265289501153,-0.534456691238358,-0.674095862104166,-0.162155818661593,-0.675343941975662,0.781690404008512,-0.721727210801833,0.15880049504981,-0.875446007171464,-0.481599040005943,1.13769715742283,0.910796265749757,-0.657239406583379,0.465083853331144,-0.209439008393674,0.7112223185521,0.867024810772108,4.15698946472189,-0.450336088339171,-0.961280804736148,-0.0646951993648159,-0.431584442518366,0.589656825467521,0.172881159066081,0.752859687396469,0.612455332978934,-0.503796517211337,0.458236914088164,-0.657261384710547,-0.939825400487642,-0.888402627611179,-0.557349591175902,-0.358681628882345,-0.531611703644307,-0.670603752641226,-0.362836635108256,-0.416856586392492,0.211915468505155,0.0562840679528761,0.213815709963782,0.207124459761362,-0.679399709028993,0.56758927578985,-0.58636397201414,-0.590419110099479,-0.479183249951239,-0.620254789387605,0.23371725010657,-0.755865250545603,0.819842820002266,-0.873831727472401,-1.09491872168078,3.06287323530605,1.25640804521073,-0.902316908801359,-0.632054548348183,-0.0292121125994806,0.452980332443378,-0.915536831645335,-0.634138099504182,0.333594063902264,0.315099658799013,-0.657270497541832,-0.49858944200454,-0.495454091056586,1.04208018502629,3.23804436898292,0.195099886435404,-0.618696368735234,-0.513248218781385,0.153017935317373,-0.418816240327903,1.19678622907996,-0.419171849570317,-0.417209695489916,1.09437431340313,-0.503708930529297,-0.996964073993738,-0.222891712424848,0.248308367721273,-0.345083570590649,-0.793665704950216,-0.0269829069524346,-0.404812961836128,0.271372706232567,-0.800640494297979,0.0779003722167416,0.501627940916047,-0.620244447500255,0.0492227176084815,-0.198558366493002,0.201237347971959,-0.682412667961919,-0.492093429498443,-0.656171685781288,1.78574834889076,0.428796346321772,-0.500835608375777,-0.826222229547082,4.486857312174,-0.429499750025505,-0.464375891526999,0.237033993030911,0.520263089601662,-0.455236351660987,-0.742946755276486,-0.582032151080456,-0.0143541401179034,-0.755829565716357,0.200942448450848,-0.782982192063935,-0.0250643176158155,0.834169565847268,-0.406826472587137,-0.280533198621687,-0.809608919621213,-0.41482285398957,-0.504623527225731,0.408156394453522,-0.479612594240676,0.63125068638757,0.413065849490746,0.145765307454992,-0.561253030076281,0.430906490941109,-0.444598034495984,-0.725457292659208,0.68049258041213,0.0907930913098839,0.029033074954237,-0.477833002749308,0.137151116264843,-0.414352476826801,0.0140444398950496,-0.747265772882252,-0.164711205809641,-0.430499440370047,-0.0536426714849754,0.621908106758116,-0.493593930889384,-0.0635096265560662,0.472284642316273,0.208617039917112,1.21548567909506,-0.614764475187905,0.766554016496742,0.241652712913936,-0.614636782700334,-0.222214887734131,-0.543346514770103,1.17231298331611,-0.603032598624489,0.143221138631699,0.0547696987221566,0.83936925286923,0.265056703978905,0.37737853045762,-0.386808567195655,-0.473937637058681,-0.918181576543303,-0.675677485964019,0.522866920524442,-0.764417769029699,3.27258960308369,-0.398487314731565,0.399827502772532,-0.362752120761924,-0.388200013230897,0.208896624826762,0.746866316185124,-0.344238068475464,-0.538722496195877,-0.309858174154102,0.80449412423888,0.214144757849402,-0.380430093207073,-0.152115997327025,-0.049900987559383,-0.543996565944918,0.45119584711475,-0.424525696895488,-0.653697914574418,-0.658091677882378,0.158445208257376,-0.239467759873523,-0.0953679984250859,-0.775032802607551,-0.580755287411444,0.787295671224527,-0.689391508662824,-0.121977866485522,-0.591226315601407,-0.517699977761507,-0.508516510850491,-0.288022268118072,0.298446347884813,-0.61052131080658,-0.545495229195593,0.542323447948568,0.316899382531715,-0.745395082740569,0.280440177953892,0.253840970158418,-0.436880354748961,-0.85534945010494,-0.794015296702858,-0.720990876851563,-0.788184218742662,-0.495614760728454,-0.76436502555479,0.706997485555256,-0.997877754173032,0.967536443018853,-0.593681714206644,-0.792912836073741,0.441176755646648,-0.757800053491713,0.803192535546134,-0.55321502257966,-0.249921350608533,-0.392786433490695,-0.203765474944616,-0.266891201601758,-0.485816253127067,-0.708193349211924,-0.847748388510819,0.0633967366664851,0.338849833498078,-0.682642890579754,1.27347921611794,-0.609571261310305,-0.477735336394074,-0.4791466881953,0.654781539063494,-0.581450107692442,0.321688585864275,-0.749791884443885,-0.456566211138298,-0.24242050171622,0.0615262391054376,-0.0610759717651382,-0.441282341989839,0.121376900193908,0.485838104974857,-0.613001646085509,0.562813163691331,-0.969526788505132,0.106735265991654,0.819549153655409,-0.00503068226776643,-0.126479896436473,1.12637886900584,-0.777454081363004,-0.339484133035481,0.0173786813698431,-0.67319351540593,-0.620494342313918,0.26163913259589,0.710577745520761,-0.969725385594821,-0.217770126709944,-0.69871053666764,0.398431266278558,-1.13130195465131,-0.0817107232920683,1.16062119570006,0.237677099774306,-0.0776791491283001,-0.777414105828957,-0.877809728241419,0.302598494086213,-0.367490929903791,-0.442126471190319,-0.573648085257991,0.888530866394302,-0.548246753341323,-0.145999824809537,1.35599126133645,-0.77689632987442,-0.513527807859149,0.613545164520768,-0.0849566222458176,0.753276509103672,0.969206369276028,0.0229010942938772,0.872422014356735,1.40707736023954,0.30758921049075,-0.512995918425756,0.0984307101089905,-0.494007793907488,0.0805213800929914,-0.517911712520623,-0.682378934286747,0.265731525903894,0.64868054932959,-0.775810477487309,-0.505226462944271,-0.447849975172622,-0.755650546229756,-0.205368664469285,-0.367687855100998,-0.543856568710744,-0.799784033987206,-0.593879499282616,-0.547914033241979,-0.69252288453592,-0.518860584787243,-0.718638772768277,-0.574522884957265,-0.766028616235394,-0.231180539683775,-0.566224935388611,0.15272713531507,-0.675382976552414,-0.653790722557568,-0.653851689833047,-0.569897592314005,0.0681689478860865,-0.647904522193843,-0.664556936026652,-0.569034714136114,-0.507817813873977,-0.536494698185429,-0.768897864954003,-0.585376536065427,-0.622528035985135,-0.454210725594474,-0.564900394388196,-0.574696478706447,0.171745530182543,0.41711224803021,0.431296603830574,-0.0683615370838087,0.571114920417339,-0.348425147702436,-0.498591251333388,-0.523080667456721,-0.265701973694811,-0.622281704570721,-0.782401068500164,0.542482477383272,-0.557501763870755,0.713127133550474,-0.624275977269652,-0.19858339568825,0.499322274277878,-0.846638841230125,-0.397363968993432,-0.0711579668387789,0.0707630271222415,0.193829696341456,-0.278281406645474,-0.625888537038413,-0.641289533744246,-0.56888790075037,-0.680264025007797,-0.470465254505972,0.483656268617622,0.134767172072037,-0.64437704550372,-0.609921532378848,0.127997048518929,-0.61712009938149,-0.363912718313512,-0.421387307249072,-1.1113969559744,-0.530264405273805,-0.163118556286392,-0.569578522132877,-0.436105875668738,-0.631759280520507,-0.406700539566019,0.13557087411208,-0.565998932195026,0.518696365097435,-0.218625605614278,-0.520238954117215,-0.284337559709429,-0.114995136246232,-0.344789866784545,-0.495183843341153,-0.464037653022643,-0.0958595746719918,0.236535489206602,-0.553693741254614,0.142880655626227,0.365334341445701,1.14684084537765,0.544205025827628,0.258752477771622,0.156049804305092,-0.00937366016735625,0.856828885023547,0.567089678173515,0.683188852282934,-0.767155531633286,-0.617518100327603,0.157844715735563,-0.111751483254901,-0.469274127030998,0.206261206041748,-0.796606268568196,0.341237524362606,0.708903375729419,-0.164089464839974,-1.20346000405104,-0.683218747620856,-0.813165332182298,-0.94583725016588,-0.472351838475484,-0.494377357867234,-0.656865781015535,-0.766724197739351,-0.00284686898844737,0.702694686165722,-0.558717666256494,-0.379161949641383,-0.422564374743918,-0.70409676549598,-0.614835278634353,0.953407689391547,-0.812575895131137,-0.441748500440315,-0.788012724473105,-0.515370748508433,0.196226609584792,0.398369519023897,-0.807101569604255,-0.557916730587529,0.155675141260061,0.200315527266998,-0.61899979002849,-0.46950194156598,-0.567597101091729,-0.623788878529261,-0.67680156571333,-0.514869524021752,-0.440109756196063,1.29862382380327,-0.628134209307874,-0.567989750370144,-0.0312923518371657,-0.559609290515974,-0.575080500923803,-0.0217754730068476,-0.366438819462175,-0.465167799440612,-0.735980601657659,-0.870570227459186,-0.978836790500469,-0.528878550032712,-0.442246094950301,-0.590310521918287,-0.597626308220176,-0.535005976446535,0.840003772072046,-0.256155752832994,0.195352595632896,-0.599446075410806,-0.518950740640203,"Breast"
"Breast-60",-0.555592417576326,-0.665330012844802,-0.874316134855906,0.368144155322193,-1.40910500646145,-1.61692665523069,-0.489483674713921,-1.27185152251567,-0.593723020975672,-0.587392633752342,-0.5360100599205,-0.427166054873635,-0.642142611977996,-0.906954785415906,-0.522805082503363,-1.16665646400082,-0.57729235363827,-0.951756607893985,-0.496697729346053,-0.533225338772386,-0.892044314129933,-0.756759621065685,-0.72953949609161,-1.10737391109703,-1.18728595031787,-0.447651133967324,-0.671018873252328,-0.886090803404096,-0.59994073973799,-0.572265270403078,-0.449126948447106,-0.823525490657949,-1.24614815954864,4.48588303471143,0.00560089037305968,-0.964466112786827,2.77571178931706,-0.559309350558077,-1.35148615893941,-0.232789046092429,-0.649119666439991,0.901823278655424,-1.07616298942653,-0.536928301917431,-0.535926408238852,-1.22695214749254,-0.20172449516451,-0.684422976084699,-0.894666522630992,-0.757778983174664,-0.804466674495576,-0.722133608031586,-1.00553084851786,-1.06642129487193,-0.559247717928647,-0.374389587264773,2.70848384776303,-0.488378971130679,1.16411197719019,-1.23558207417991,-0.940150463465516,-0.466862369479199,-0.78169417422122,-0.361091310062088,-0.742272368002153,-0.597562997079172,-1.01277899053072,-1.41989396139844,-0.883891887722986,-0.717832753983865,-0.890457490909887,-0.950184227790595,-0.62582241159886,-0.811355606421236,-0.594144064245794,-0.427209662751993,-0.884442638278434,-0.726511286645635,-0.518709942838152,-0.310167173709315,-0.824570369406007,3.20688761878321,-1.33974894891408,-0.572367111065056,-0.632421218362915,-0.539991255188735,-0.729222797826837,-0.510050775686776,-0.56503564513667,-1.15438649345439,-1.06249646629166,-1.04938131129347,-0.439395440768505,-0.806924516606813,-0.824109659368058,-0.386236372075434,-0.370292957722169,-0.652696741503466,-0.580182792717566,-0.893144250525708,-0.504580611844278,-0.946777991831266,-1.00272583549808,-0.824988666868521,-0.908370117980451,2.04000961427403,-0.949267944187187,-1.62867629279179,-0.877494153250386,-1.16329464966875,-0.699577466702064,-0.848866007382096,0.156058127114166,-0.592394335996418,-0.563564816816346,-0.852561903334732,-0.415332247460931,0.845271130423302,0.148990716810896,0.473999387442442,0.20980441434169,-1.27839469908618,-0.434538970011261,-0.540935274554197,-1.33738969127492,-0.466481924852692,-1.07767110647549,-0.71314737154191,0.875874377199792,-0.781783811545767,-0.612032059829267,-0.42618686188652,-0.515214523200561,2.35851428591516,-0.652232400369068,-0.433250890230484,-1.24113329272812,-0.628682208598634,-0.96051637736292,-0.622774284236347,-0.511557580263397,-0.521167552986871,-1.52198170189138,-0.74594206276323,-0.922939115191811,-1.11633127205757,-0.680795110743151,-0.630959826187288,1.25576502589673,-0.360394763248112,0.016010380525813,-1.17286907764073,-0.544945209809633,-0.710758686155026,-1.12931857316399,-0.946374554527438,-0.803191037428762,-1.15278844781279,-0.881133953461138,0.529270077895379,-1.18738458930157,-1.23041210025291,-0.797373187578022,-0.390943340414267,-1.47320437666668,1.54217073142023,-0.832999110597407,-0.533884030225674,-0.866575554810563,-0.517026089783175,-0.717586015732752,-1.01100613021998,-0.0352138459295497,-1.02331441862592,-0.529739447900487,0.153220985810412,-0.484444351416916,-0.724735509236815,-0.917222278046613,-0.399898634726296,-0.465400568692601,-0.659554194522494,-0.626396403091855,-0.59156966366512,-0.686166850667112,-0.567826653865324,-0.388287405092906,-1.49053808632399,-0.547273332987266,-0.551980064673498,-0.836461434415258,-0.697113880119278,-0.954138085945745,-0.00989145859606127,-0.438363544720877,0.317229066971794,-0.889556386155257,-0.938444320238906,-0.654078746223719,-0.578418903939853,-0.440845057560506,-0.402800957411009,-1.27366017213239,-0.574567391161672,-0.719390001449682,-1.03292766190848,-0.660262121385938,-0.784182116331742,-1.33950734716597,-1.07295113119153,1.83969442133987,-0.724722993416231,-0.387458469999575,0.338505802640904,-1.24706496093846,-1.49858573859642,-0.749562816960677,-0.332785836796773,-0.826299878399175,-0.721727210801833,-0.876317725753786,-0.875446007171464,-0.969552848986112,-0.752576497540583,-0.774127007600307,-0.657239406583379,-0.739571250856207,2.25181079389233,-0.547342081550196,-0.66549608966086,-0.400497512029309,-1.33115357169128,-0.961280804736148,-0.802317558831034,-0.431584442518366,-1.3076438001904,-0.631943764721935,-0.579507915169398,-0.620100662679788,-0.503796517211337,-1.0770163128063,-1.02984446404236,-0.939825400487642,-1.67817441199401,-0.557349591175902,-1.1375069142073,-0.827974370659819,-0.670603752641226,-0.362836635108256,-0.667299377438883,-0.902564283763228,0.0836614458837511,-1.35873215774737,-0.680703938055349,-0.679399709028993,-0.798624539569438,-0.58636397201414,-0.590419110099479,-0.479183249951239,-0.223480742411064,-0.654451544220782,-0.755865250545603,-0.942110585579901,-0.873831727472401,0.51330894677697,0.476460846384371,-0.475498315316322,-0.902316908801359,-0.632054548348183,-1.00035456820405,-0.605022983692602,-0.915536831645335,0.253407871682038,0.0855252069746957,-0.704852117823712,-0.657270497541832,-0.49858944200454,-0.495454091056586,-0.625430816380737,-0.419839307586847,-0.73139551936346,-0.618696368735234,-0.513248218781385,-0.586212932084341,-0.418816240327903,-0.637586357654596,-0.419171849570317,-1.10378034554778,-0.504768109875833,-0.503708930529297,-1.19847869296447,-0.924514780586802,0.328831197634579,-0.813303292440974,-0.793665704950216,-0.816725390488356,-0.404812961836128,-0.831170933594364,-0.800640494297979,-1.00352564046401,-0.763076391897337,-0.427347520277385,1.11538962035436,-0.943549081967018,-0.972280070282039,-0.923566729405713,-0.492093429498443,-1.12976969199847,-0.356127764920938,-0.426152405790388,-1.21479747878706,0.990077293828728,-0.627488378610812,-0.429499750025505,-0.464375891526999,-0.886517603314692,-1.06964048874916,-0.455236351660987,-0.742946755276486,-0.582032151080456,0.479362796679663,1.58049937650748,-1.41625945874523,-1.56799886993584,-0.796526001879866,-0.708710560777974,-0.349873981101051,-0.79167821863407,-0.809608919621213,-0.965937838928799,-0.504623527225731,-0.863563219649252,-1.41377333935745,-0.680117437351813,-0.466764426657629,0.146118332906679,-0.561253030076281,0.0506851153002739,-0.444598034495984,-0.264914545615025,-0.869130914118606,-0.799233124164901,-0.940150205056253,-0.477833002749308,-0.711194266681556,-0.414352476826801,-0.867875810443468,-0.747265772882252,-0.618950848071241,-0.430499440370047,-0.796259557655844,-0.77458771809739,-0.493593930889384,0.225487682508241,-0.558555906049502,-0.598213055580144,-0.710284973869927,-0.614764475187905,-0.690272942519082,-1.13688436302446,-1.10386469962424,-0.747997090271536,-1.01074181138039,-0.566010699037032,-0.603032598624489,-0.730318235371536,-0.598204255115836,-0.71157305436993,-0.606204342383374,-0.63129034137311,-0.386808567195655,-0.473937637058681,-1.4215147116135,0.446493607110306,-0.799036810595303,-0.764417769029699,1.64720520926503,-0.858462959667144,-0.889325548542612,-1.13280417093144,-0.388200013230897,-0.672522450531549,-0.689569785356508,-1.15140774083531,-0.538722496195877,-0.7995406586986,-0.574547412051676,1.10198692427469,-0.380430093207073,-0.834709508043328,0.425067992808267,-0.543996565944918,-0.760805550465173,-1.21080455522408,-0.653697914574418,-0.658091677882378,-0.719112826150793,-1.08773769552895,-0.814187642569382,-0.775032802607551,-0.580755287411444,1.15210030566173,-0.689391508662824,-0.740417895485083,1.03279107257726,-0.517699977761507,-0.508516510850491,-0.839734362004915,1.00806866898126,-0.61052131080658,-0.545495229195593,-0.524254694445744,-0.831984299900153,-0.745395082740569,-0.719523549783808,-0.588297561945064,-1.14485071477297,-0.85534945010494,-0.794015296702858,-1.42834670580536,-0.788184218742662,-0.495614760728454,-1.18836044397162,-1.05758031450463,-0.997877754173032,-0.677053451143998,0.742316775237799,-0.792912836073741,-0.598637045425795,-0.757800053491713,-0.694758292889573,-0.55321502257966,-1.1319511214443,-0.392786433490695,-0.761647247973245,-0.998362605765605,-0.485816253127067,-1.26637581039537,-0.847748388510819,-0.608508425207776,-0.616708057714315,-0.682642890579754,-0.716476224852673,-0.609571261310305,-0.99456836848483,-0.4791466881953,-0.527848653802147,-0.581450107692442,-0.623221682356157,-1.14149027591574,-0.456566211138298,-1.33706641822928,-1.46393408399269,-0.781460697748757,-0.441282341989839,-1.20266300647864,-0.693610145686299,-1.44135041402852,-0.569755773406841,-0.969526788505132,-0.773643467427534,-0.837555726474759,0.285033337110792,0.443487998647969,-0.384272493327475,-0.777454081363004,-1.21732527311908,-0.911558242630226,-0.67319351540593,-0.620494342313918,-0.601887066668739,-0.600466657719567,-0.612183150587993,-0.880280527014513,-0.317224994096591,-0.855651382052597,-1.13130195465131,-1.13339019479525,-0.239112758405951,-0.571646636129868,-0.71593825275176,-0.777414105828957,-0.877809728241419,0.00711018510812693,-0.367490929903791,-1.00723720358106,-0.573648085257991,-0.905751916506873,-0.548246753341323,-1.17376531728267,-0.74633402219577,-0.77689632987442,-0.513527807859149,-0.410458854850929,-0.702854463496712,-0.376085254966847,-0.65323427697639,-0.751527203204582,-0.487170846083124,-0.605815007708669,0.0401351735054042,-0.512995918425756,-0.6002692007909,-0.494007793907488,-0.829580232182152,-1.18723863498533,-0.682378934286747,-0.597600263298091,-0.561688757941423,-0.775810477487309,-0.505226462944271,-0.914483551563009,-0.755650546229756,-0.800938882071613,-0.923820668091811,-0.543856568710744,-0.799784033987206,-0.866686272579808,-0.547914033241979,-0.69252288453592,-0.518860584787243,-0.718638772768277,-0.574522884957265,-0.766028616235394,-0.783162489495666,-0.566224935388611,-0.60068195999903,-0.675382976552414,-0.653790722557568,-0.653851689833047,-0.569897592314005,-0.685835715519622,-0.647904522193843,-0.664556936026652,-0.569034714136114,-0.507817813873977,-0.536494698185429,-0.768897864954003,1.84304988871288,-0.622528035985135,-0.454210725594474,-0.564900394388196,-0.574696478706447,-0.695773118041423,-0.785105315526192,-0.540641423031425,-0.665426753584578,-0.539307094691963,-0.348425147702436,-0.498591251333388,-0.523080667456721,-0.831156261607636,-0.622281704570721,-0.782401068500164,0.327653066509189,-0.557501763870755,-0.505778909237946,-0.624275977269652,-0.743774131603622,-0.743846574768942,-0.0289487154040709,-0.397363968993432,-0.922357934814868,-0.312820187960135,-0.194632477129388,-0.333517247090325,-0.625888537038413,-0.641289533744246,-0.56888790075037,-0.680264025007797,-0.470465254505972,-0.726381607522248,-0.604395814203172,-0.64437704550372,-0.609921532378848,-0.619881066592517,-0.61712009938149,-0.363912718313512,-0.421387307249072,-0.91692197540894,-0.530264405273805,0.0175504040134666,-0.569578522132877,-0.436105875668738,-0.631759280520507,-0.406700539566019,-0.673273035311341,-0.565998932195026,-0.685817859793634,-0.730817206313231,-0.520238954117215,0.0865988803202354,-0.991190188200663,-0.344789866784545,-0.495183843341153,-0.939394475450667,-0.74095518162433,-0.726611845001168,-0.553693741254614,-0.612887431730709,-0.536600271805562,-0.606291521024171,-0.553901067919841,-0.479383335875246,-0.621606511720135,0.067611346114366,-0.48805352537329,-0.865980025698746,-0.543434400240448,-0.767155531633286,-0.617518100327603,-0.563722602978791,-0.524092166767868,-0.469274127030998,-0.71456688213729,-0.796606268568196,-0.598331963886002,-0.491698944574237,-0.703895512265653,-0.65757243274678,-0.683218747620856,0.579453327465424,-0.94583725016588,-0.472351838475484,-0.494377357867234,-0.975604745971856,-0.766724197739351,-0.823990033085211,-0.926108184691356,-0.558717666256494,-0.379161949641383,-1.02737092254885,-1.01341794569329,-0.614835278634353,-0.623039723737013,-0.812575895131137,-0.441748500440315,0.799156415673387,-0.515370748508433,-1.2541307915187,-0.750713194799017,0.416338081500106,-0.557916730587529,-0.123165199682797,-0.575643008354943,0.609522741518632,-0.46950194156598,-0.567597101091729,-0.623788878529261,-0.67680156571333,-0.514869524021752,-0.440109756196063,-0.797330693575754,1.53715203813652,-1.11711648863016,-0.864582352823089,-0.559609290515974,-0.575080500923803,-0.624478446322977,-0.72921406656607,-0.465167799440612,-0.735980601657659,-0.870570227459186,-0.978836790500469,-0.528878550032712,-0.442246094950301,-0.590310521918287,-0.597626308220176,-0.535005976446535,-0.694909841810942,-0.86340182998155,-0.882104756219481,-0.599446075410806,-0.518950740640203,"Breast"
"Breast-603",-0.555592417576326,-0.665330012844802,-0.874316134855906,-0.259494808968318,0.00929194049930611,-1.13667045889001,-0.489483674713921,-0.522962783697718,-0.867292964805488,-0.587392633752342,-0.5360100599205,-0.427166054873635,-0.642142611977996,-0.906954785415906,-0.522805082503363,-0.835372179343055,-0.57729235363827,-0.0971869282054766,-0.496697729346053,-0.533225338772386,-0.892044314129933,-0.756759621065685,-0.72953949609161,-0.614796269446588,-1.18728595031787,-0.496742916483253,-0.671018873252328,-0.886090803404096,-0.59994073973799,-0.160861406283732,-0.449126948447106,-0.823525490657949,-1.24614815954864,0.904022480424351,-0.83262648692289,-0.964466112786827,0.801751091291175,-0.559309350558077,-0.447324862960742,-0.270211776331636,-0.68251336741522,-0.985369683958035,-0.392394552812578,-0.536928301917431,-0.535926408238852,-1.09787726625308,-0.800523516316676,-0.684422976084699,-0.894666522630992,-0.757778983174664,0.534450670628873,0.139313932830444,-1.00553084851786,-1.06642129487193,-0.559247717928647,-0.374389587264773,-0.457301332060047,-0.488378971130679,1.98598450395411,-1.23558207417991,0.178373079960899,-0.466862369479199,-0.78169417422122,-0.361091310062088,-0.742272368002153,-0.597562997079172,-0.0937112301943249,-0.236279241364183,-0.484667080787835,-0.780681723558117,-0.890457490909887,-0.950184227790595,-0.62582241159886,-0.811355606421236,0.461068114013556,-0.427209662751993,-0.884442638278434,-0.726511286645635,-0.518709942838152,-0.310167173709315,-0.824570369406007,-0.472497315307328,-0.790401514432779,0.480806307958418,-0.632421218362915,-0.539991255188735,-0.729222797826837,-0.510050775686776,0.760566259886166,-0.0818719391797745,-1.06249646629166,-1.04938131129347,-0.439395440768505,-0.806924516606813,-0.824109659368058,-0.386236372075434,-0.370292957722169,-0.652696741503466,-0.580182792717566,-0.893144250525708,-0.504580611844278,-0.199226549263102,-1.00272583549808,-0.824988666868521,-0.908370117980451,-0.612012511430763,0.11245509734668,-1.04083745103247,-0.877494153250386,-0.297412900698262,-0.699577466702064,-0.848866007382096,-0.139572151917932,-0.592394335996418,-0.563564816816346,-0.852561903334732,-0.415332247460931,-1.15053595143586,-0.556437840594048,-0.749289324826282,0.380319434791003,-0.477953258736329,-0.434538970011261,-0.540935274554197,-0.375907589177554,-0.466481924852692,-1.07767110647549,-0.71314737154191,-0.467269611423203,-0.781783811545767,-0.612032059829267,-0.42618686188652,-0.515214523200561,-0.563237817945086,-0.652232400369068,-0.433250890230484,-0.707775049284818,-0.628682208598634,-0.96051637736292,-0.622774284236347,0.318508884671067,1.56421104380938,-0.493388148766964,0.413995423222762,-0.210131674209537,-1.11633127205757,-0.680795110743151,-0.630959826187288,-0.445041103063912,-0.360394763248112,-1.12185750843372,-1.01662539597944,-0.544945209809633,-0.952692901384529,-1.12931857316399,0.477146910534524,-0.803191037428762,-0.276685042329729,-0.881133953461138,-0.938055876675319,-1.18738458930157,-0.0721395413925422,-0.797373187578022,-1.16230080545647,0.254939277546821,-0.440422043770802,-0.832999110597407,-0.533884030225674,0.396749186322062,-0.517026089783175,-0.717586015732752,-1.01100613021998,-0.553830867179584,0.227221052176146,-0.529739447900487,-0.991195534761472,-0.484444351416916,-0.724735509236815,-1.57512717781599,-0.399898634726296,-0.465400568692601,-0.659554194522494,-0.407543010279005,-0.59156966366512,0.109879587909567,-0.567826653865324,-0.388287405092906,0.403564382991859,-0.547273332987266,-0.551980064673498,-0.836461434415258,-0.697113880119278,-0.954138085945745,-0.815263823858986,-0.904591624025143,0.575376490553799,-0.889556386155257,-0.938444320238906,-0.654078746223719,-0.578418903939853,-0.440845057560506,-0.402800957411009,-0.457471290386259,0.633334288395462,-0.694659247784282,-1.03292766190848,0.646639290858178,-0.784182116331742,-0.283354029003543,-1.07295113119153,-0.490191614502914,-0.724722993416231,-0.387458469999575,-0.67265289501153,-0.613299501672597,-0.654183716763212,1.15145005858555,-0.658200689505934,-0.826299878399175,-0.721727210801833,-0.876317725753786,-0.875446007171464,-0.969552848986112,0.375881221361291,-0.774127007600307,1.71444254536546,-0.739571250856207,-0.769269638931583,-0.547342081550196,-0.66549608966086,-0.400497512029309,-0.683975333963883,-0.0417780161250818,-0.802317558831034,-0.431584442518366,-0.291724156491422,-0.631943764721935,-0.579507915169398,-0.620100662679788,-0.503796517211337,-1.0770163128063,-1.02984446404236,-0.178034487286654,-1.29762788370138,-0.557349591175902,-1.1375069142073,-0.582008423081582,-0.670603752641226,-0.362836635108256,-0.536474382059259,-0.902564283763228,0.333409289255556,-0.0895786874051342,-0.680703938055349,-0.679399709028993,-0.798624539569438,-0.58636397201414,-0.590419110099479,-0.479183249951239,0.0694663214212272,-0.654451544220782,-0.755865250545603,-0.942110585579901,-0.283681119038156,-0.592062796591056,-0.453520463080941,-0.475498315316322,0.325107326509875,-0.632054548348183,-1.00035456820405,-0.605022983692602,-0.915536831645335,-0.520545943592238,-1.05909334619584,-0.704852117823712,-0.657270497541832,-0.49858944200454,-0.495454091056586,-0.625430816380737,-0.419839307586847,-0.73139551936346,-0.618696368735234,-0.513248218781385,-0.586212932084341,-0.418816240327903,-0.637586357654596,-0.419171849570317,-1.10378034554778,-0.504768109875833,-0.503708930529297,-1.19847869296447,-0.924514780586802,-0.110333277222402,-0.813303292440974,0.343676367524814,-0.00683372648595164,-0.404812961836128,-0.831170933594364,-0.800640494297979,-0.442179188134247,-0.763076391897337,-0.368524592445972,-0.60699609384901,-0.943549081967018,-0.306768279601913,-0.322127620605883,-0.492093429498443,-0.29579578987486,-0.356127764920938,-0.426152405790388,-0.320730057906727,-0.826222229547082,-0.627488378610812,-0.429499750025505,-0.464375891526999,-0.886517603314692,-0.0877674766817123,-0.455236351660987,-0.742946755276486,-0.582032151080456,0.480367691826992,0.171327723376904,-0.308941761796573,-0.691697311583208,-0.796526001879866,-0.708710560777974,-1.12086668854464,-0.79167821863407,0.219731122951071,-0.965937838928799,-0.504623527225731,-0.863563219649252,-0.991625769287608,-0.680117437351813,-0.466764426657629,-0.836854594027651,-0.561253030076281,-0.883773155823425,-0.444598034495984,-0.868763708394954,-0.869130914118606,-0.799233124164901,-0.940150205056253,-0.477833002749308,-0.451456617617718,-0.414352476826801,-0.867875810443468,-0.747265772882252,-0.618950848071241,-0.430499440370047,-0.796259557655844,0.523761862005287,-0.493593930889384,0.627048320371436,-0.558555906049502,-0.598213055580144,0.217635408657225,-0.614764475187905,0.239509358924601,-0.421313544578176,-0.490259659284163,-0.747997090271536,0.146714343069925,-0.566010699037032,-0.603032598624489,-0.730318235371536,-0.598204255115836,-0.71157305436993,-0.606204342383374,-0.63129034137311,-0.386808567195655,-0.473937637058681,-0.488783100788725,-0.675677485964019,-0.799036810595303,-0.764417769029699,1.06564621016327,-0.858462959667144,-0.889325548542612,-0.0795191011041477,-0.388200013230897,1.51022080945045,-0.689569785356508,-0.274982064361744,-0.538722496195877,-0.7995406586986,0.839678449971345,-0.819944378140991,-0.380430093207073,0.0214207416621461,-0.895298276157752,-0.543996565944918,-0.760805550465173,-1.21080455522408,-0.653697914574418,-0.658091677882378,-0.719112826150793,-0.217825332912665,-0.814187642569382,-0.775032802607551,-0.580755287411444,0.196565610022905,-0.689391508662824,-0.740417895485083,-0.591226315601407,-0.517699977761507,-0.508516510850491,-0.839734362004915,-0.521979735973987,-0.61052131080658,-0.545495229195593,-0.524254694445744,0.346211550909275,-0.745395082740569,-0.719523549783808,-0.588297561945064,-0.580901812794764,0.0844893395872149,-0.794015296702858,-0.445039606340185,-0.788184218742662,-0.495614760728454,-0.437359115999973,-0.00416065018676324,-0.997877754173032,-0.677053451143998,-0.593681714206644,-0.792912836073741,-0.598637045425795,-0.757800053491713,-0.694758292889573,-0.55321502257966,0.0744982199476072,-0.392786433490695,-0.761647247973245,-0.998362605765605,-0.485816253127067,-0.413953002250572,-0.847748388510819,-0.608508425207776,-0.616708057714315,-0.682642890579754,1.05530454763863,-0.609571261310305,-0.99456836848483,-0.4791466881953,-0.527848653802147,-0.581450107692442,-0.623221682356157,-0.452888186461585,-0.456566211138298,-0.830306179319554,-0.319804394754512,0.122068482734023,-0.441282341989839,0.00237991806269968,-0.693610145686299,-0.551570342468396,-0.569755773406841,-0.969526788505132,-0.773643467427534,-0.837555726474759,-0.909848144967057,1.21876506216941,-0.384272493327475,-0.298245518317548,-1.21732527311908,-0.911558242630226,-0.67319351540593,-0.620494342313918,-0.601887066668739,0.744027219027855,0.34666386320105,-0.259678911713596,-0.336222707544126,-0.176640097382734,-0.565299496691011,-0.536973748465077,0.657100645922181,-0.571646636129868,-0.71593825275176,-0.777414105828957,-0.877809728241419,-0.0416732091179451,-0.367490929903791,-1.00723720358106,-0.573648085257991,-0.905751916506873,-0.548246753341323,-0.353077873138558,0.932406873793894,0.0921126866655713,-0.513527807859149,-0.410458854850929,0.838185006236175,-0.376085254966847,-0.65323427697639,-0.751527203204582,0.721996981809025,0.85991158270633,-0.838746468088768,-0.512995918425756,-0.6002692007909,-0.494007793907488,0.310105561902533,-1.18723863498533,-0.682378934286747,-0.597600263298091,-0.561688757941423,-0.775810477487309,-0.505226462944271,-0.914483551563009,-0.755650546229756,-0.800938882071613,-0.923820668091811,-0.543856568710744,-0.799784033987206,-0.59398223427958,-0.547914033241979,0.559898783693838,-0.518860584787243,-0.718638772768277,-0.574522884957265,-0.766028616235394,0.194534814104857,-0.566224935388611,-0.60068195999903,-0.675382976552414,-0.653790722557568,-0.653851689833047,-0.569897592314005,-0.685835715519622,-0.647904522193843,-0.664556936026652,-0.569034714136114,-0.507817813873977,-0.536494698185429,-0.768897864954003,-0.585376536065427,-0.622528035985135,1.30466922481892,-0.564900394388196,-0.574696478706447,-0.285125672952459,0.859300163427273,-0.540641423031425,-0.665426753584578,-0.539307094691963,-0.348425147702436,-0.498591251333388,-0.523080667456721,0.170403903158848,-0.622281704570721,-0.782401068500164,0.704459629157447,-0.557501763870755,-0.505778909237946,-0.624275977269652,-0.743774131603622,-0.743846574768942,-0.846638841230125,-0.397363968993432,-0.922357934814868,-1.07695751091064,-1.14934390124832,-0.0591763804942912,-0.625888537038413,-0.641289533744246,-0.56888790075037,-0.680264025007797,-0.470465254505972,-0.726381607522248,-0.604395814203172,-0.64437704550372,-0.609921532378848,0.704797062493925,-0.61712009938149,-0.363912718313512,-0.421387307249072,-0.666529309334038,-0.530264405273805,-0.225998889876253,-0.569578522132877,-0.436105875668738,-0.631759280520507,-0.406700539566019,0.759390676874322,-0.565998932195026,-0.685817859793634,-0.730817206313231,-0.520238954117215,0.0464172199456699,-0.09264023880343,-0.344789866784545,0.902825522023668,-0.939394475450667,-0.74095518162433,-0.726611845001168,-0.553693741254614,-0.612887431730709,-0.536600271805562,-0.606291521024171,-0.553901067919841,-0.479383335875246,-0.621606511720135,0.419147549885,-0.48805352537329,-0.865980025698746,-0.543434400240448,0.119768030785938,-0.617518100327603,-0.563722602978791,-0.524092166767868,-0.469274127030998,-0.71456688213729,-0.796606268568196,-0.598331963886002,-0.491698944574237,-0.703895512265653,-0.944327958510762,-0.683218747620856,-0.813165332182298,0.138604918680228,0.987461534211656,-0.494377357867234,-0.975604745971856,-0.766724197739351,-0.823990033085211,-0.926108184691356,-0.558717666256494,-0.379161949641383,0.275181882619759,-0.501368344600186,-0.614835278634353,0.63271311262479,-0.812575895131137,-0.441748500440315,-0.788012724473105,-0.515370748508433,-0.443426225145898,-0.750713194799017,0.829013801976815,-0.557916730587529,-1.05244496011756,-0.575643008354943,-0.61899979002849,0.909497912457634,-0.567597101091729,-0.623788878529261,-0.67680156571333,-0.514869524021752,-0.440109756196063,-0.797330693575754,-0.628134209307874,-1.11711648863016,-0.864582352823089,-0.559609290515974,-0.575080500923803,-0.624478446322977,-0.72921406656607,-0.465167799440612,-0.735980601657659,-0.870570227459186,-0.0839491919131825,-0.528878550032712,-0.442246094950301,-0.590310521918287,-0.597626308220176,-0.535005976446535,-0.293465425866129,0.212181986577062,0.469276142084659,-0.599446075410806,-0.518950740640203,"Breast"
"ALK61-Breast-Her2-unknown",-0.555592417576326,-0.665330012844802,-0.874316134855906,-1.03790453368905,-1.16339335733415,-0.509251673874477,-0.489483674713921,-1.38903587626159,-0.611169779875587,-0.587392633752342,-0.5360100599205,-0.427166054873635,-0.642142611977996,-0.906954785415906,-0.522805082503363,-0.860962079370759,-0.57729235363827,-0.951756607893985,-0.496697729346053,-0.533225338772386,-0.892044314129933,-0.756759621065685,0.846956812860631,-0.466967185645679,-1.18728595031787,-1.45831178871341,-0.671018873252328,-0.886090803404096,-0.59994073973799,-0.572265270403078,-0.449126948447106,-0.823525490657949,-1.24614815954864,-0.309529644846314,-1.55698223891445,0.0673954371547199,-0.497006264132812,-0.559309350558077,-1.35148615893941,-0.97766678067334,-1.31380191096635,-0.985369683958035,-1.07616298942653,-0.536928301917431,-0.535926408238852,-1.88545047222541,-0.800523516316676,-0.684422976084699,-0.894666522630992,-0.757778983174664,-0.804466674495576,-0.722133608031586,-1.00553084851786,-1.06642129487193,-0.559247717928647,-0.374389587264773,-0.457301332060047,-0.488378971130679,1.12861343560764,-0.977047878266291,-0.940150463465516,-0.466862369479199,-0.78169417422122,-0.361091310062088,-0.742272368002153,-0.597562997079172,-0.164163064565694,-1.41989396139844,-1.52931067094053,-1.21089525596596,-0.890457490909887,-0.950184227790595,-0.62582241159886,-0.811355606421236,-0.594144064245794,-0.427209662751993,-0.884442638278434,-0.726511286645635,-0.518709942838152,-0.310167173709315,0.949781627170182,-0.472497315307328,-1.33974894891408,-0.572367111065056,-0.632421218362915,-0.539991255188735,-0.729222797826837,-0.510050775686776,-0.56503564513667,-1.15438649345439,-1.06249646629166,-0.117404660526021,-0.439395440768505,-0.806924516606813,-0.824109659368058,-0.386236372075434,-0.370292957722169,-0.652696741503466,-0.580182792717566,-0.893144250525708,-0.504580611844278,-0.946777991831266,-1.00272583549808,-0.824988666868521,-0.908370117980451,-0.612012511430763,0.427072841811005,-0.966348347228025,-0.877494153250386,-1.16329464966875,-0.699577466702064,-0.848866007382096,-1.20970090202904,-0.592394335996418,-0.563564816816346,-0.852561903334732,-0.415332247460931,-1.15053595143586,2.72597659494768,-0.749289324826282,-0.864139486256635,-0.821089883040852,-0.434538970011261,-0.540935274554197,-1.33738969127492,-0.466481924852692,-1.07767110647549,-0.71314737154191,-0.467269611423203,-0.781783811545767,-0.612032059829267,-0.42618686188652,-0.515214523200561,-0.563237817945086,-0.652232400369068,-0.433250890230484,-1.24113329272812,-0.628682208598634,0.36522169893593,-0.622774284236347,-1.62498785545372,-0.521167552986871,-1.52198170189138,-0.74594206276323,-0.265192152470928,-1.11633127205757,-0.680795110743151,-0.630959826187288,-0.445041103063912,-0.360394763248112,-0.255677056983691,-1.17004879994507,-0.544945209809633,-1.45479463840887,-0.469598496900658,-0.946374554527438,-0.803191037428762,-1.15278844781279,-0.881133953461138,-0.0243403000432639,-1.18738458930157,-1.23041210025291,-0.797373187578022,-1.16230080545647,-1.47320437666668,-0.440422043770802,-0.832999110597407,-0.533884030225674,-0.866575554810563,-0.517026089783175,0.393930365302414,-1.01100613021998,-1.19702951435578,-1.02331441862592,-0.529739447900487,-0.991195534761472,-0.484444351416916,-0.724735509236815,-1.57512717781599,-0.399898634726296,-0.465400568692601,-0.659554194522494,-0.601642909965258,0.373502182786123,-0.686166850667112,-0.567826653865324,-0.388287405092906,-1.49053808632399,-0.547273332987266,-0.551980064673498,-0.836461434415258,-0.697113880119278,-0.954138085945745,-1.58004618986791,-1.49571450206527,-0.872091461738152,-0.889556386155257,-0.938444320238906,-0.654078746223719,-0.578418903939853,-0.440845057560506,-0.402800957411009,-1.27366017213239,-0.574567391161672,-1.75108208490588,-1.03292766190848,-0.660262121385938,-0.784182116331742,-0.937422521155005,-1.07295113119153,-0.490191614502914,-0.724722993416231,-0.387458469999575,-0.67265289501153,-1.24706496093846,-0.375793586044774,-0.749562816960677,-1.36414126696315,-0.826299878399175,-0.721727210801833,-0.876317725753786,-0.875446007171464,-0.969552848986112,-0.752576497540583,-0.774127007600307,-0.657239406583379,-0.739571250856207,-0.769269638931583,-0.547342081550196,-0.66549608966086,-0.400497512029309,-1.20958345454615,-0.961280804736148,-0.802317558831034,-0.431584442518366,-1.3076438001904,-0.631943764721935,-0.579507915169398,-0.620100662679788,-0.503796517211337,-1.0770163128063,-1.02984446404236,-0.939825400487642,-1.07444809442658,-0.557349591175902,-1.1375069142073,-1.56790518709751,-0.670603752641226,-0.362836635108256,-1.67705154915287,-0.902564283763228,-1.0669610666387,-1.35873215774737,-0.680703938055349,-0.679399709028993,-0.798624539569438,-0.58636397201414,-0.590419110099479,-0.479183249951239,0.360592958869167,-0.654451544220782,-0.755865250545603,-0.942110585579901,-0.873831727472401,-1.09491872168078,-0.453520463080941,-0.475498315316322,-0.902316908801359,-0.632054548348183,-0.472507850952835,-0.605022983692602,-0.915536831645335,-1.08443220697467,-1.52152170269417,-0.704852117823712,0.0969791749001843,-0.49858944200454,-0.495454091056586,-0.625430816380737,-0.419839307586847,-0.73139551936346,-0.618696368735234,-0.513248218781385,-0.586212932084341,-0.418816240327903,-0.637586357654596,-0.419171849570317,-1.10378034554778,-0.504768109875833,-0.503708930529297,-1.19847869296447,-0.924514780586802,-1.28931703069017,-0.813303292440974,-0.793665704950216,-0.816725390488356,-0.404812961836128,-0.831170933594364,-0.800640494297979,-1.00352564046401,-0.763076391897337,-0.883407143780803,-0.60699609384901,-0.943549081967018,-0.972280070282039,-0.923566729405713,-0.492093429498443,-1.12976969199847,-0.356127764920938,-0.426152405790388,-0.293524149937878,-0.826222229547082,-0.627488378610812,-0.429499750025505,-0.464375891526999,-0.886517603314692,-1.06964048874916,-0.455236351660987,-0.742946755276486,-0.582032151080456,-1.18959503173864,-0.755829565716357,-1.41625945874523,-1.10526638458864,-0.796526001879866,-0.708710560777974,-1.12086668854464,-0.79167821863407,-0.809608919621213,-0.965937838928799,-0.504623527225731,-0.863563219649252,-1.02423436141019,-0.680117437351813,1.29114776357594,-0.836854594027651,-0.561253030076281,-0.883773155823425,-0.444598034495984,-1.42991269894957,-0.869130914118606,-0.799233124164901,-0.290410773392394,-0.477833002749308,-1.48122585075984,-0.414352476826801,-0.867875810443468,-0.747265772882252,-0.618950848071241,-0.430499440370047,0.0632072995291918,-0.77458771809739,-0.493593930889384,-0.96499962340129,-0.558555906049502,-0.598213055580144,-0.710284973869927,-0.614764475187905,-2.17633116028341,-1.13688436302446,-1.10386469962424,-0.747997090271536,-1.01074181138039,-0.566010699037032,-0.603032598624489,-0.730318235371536,-0.598204255115836,-0.71157305436993,-0.606204342383374,-0.63129034137311,-0.386808567195655,-0.473937637058681,-1.09914561266244,0.0210529626914276,-0.799036810595303,-0.764417769029699,0.746948575722983,-0.858462959667144,-0.889325548542612,-1.13280417093144,-0.388200013230897,-0.672522450531549,-0.689569785356508,-1.15140774083531,-0.538722496195877,0.576484755103423,-0.574547412051676,-0.819944378140991,-0.380430093207073,0.131026837195672,-0.895298276157752,-0.543996565944918,-0.760805550465173,-1.21080455522408,-0.653697914574418,-0.658091677882378,-0.719112826150793,-1.08773769552895,-0.814187642569382,-0.775032802607551,-0.580755287411444,-0.836916634773705,-0.689391508662824,-0.740417895485083,-0.591226315601407,-0.517699977761507,-0.508516510850491,-0.839734362004915,-0.521979735973987,-0.61052131080658,-0.545495229195593,-0.524254694445744,-0.831984299900153,-0.745395082740569,-0.719523549783808,-0.588297561945064,-1.14485071477297,-0.85534945010494,-0.794015296702858,-1.42834670580536,-0.788184218742662,-0.495614760728454,-1.18836044397162,-1.05758031450463,0.317254659217673,-0.677053451143998,-0.593681714206644,-0.792912836073741,-0.598637045425795,-0.757800053491713,-0.694758292889573,-0.55321502257966,-1.1319511214443,-0.392786433490695,-0.761647247973245,-0.998362605765605,-0.485816253127067,-0.941852589565068,-0.847748388510819,-0.608508425207776,-0.616708057714315,-0.682642890579754,-0.716476224852673,-0.609571261310305,-0.99456836848483,-0.4791466881953,0.264985359360693,-0.581450107692442,-0.623221682356157,-0.975590418163691,-0.456566211138298,-1.24553175875782,-1.46393408399269,-0.781460697748757,-0.441282341989839,-1.20266300647864,-0.693610145686299,-0.993022676770832,-0.569755773406841,-0.969526788505132,-0.773643467427534,-0.837555726474759,-0.909848144967057,-0.785445256160296,-0.384272493327475,-0.777454081363004,-0.135637268218802,-0.0325068216811158,-0.67319351540593,-0.620494342313918,0.397990772428974,-0.600466657719567,-0.186511189796949,-1.56744407700638,-0.530416871237641,-0.855651382052597,-1.13130195465131,-1.13339019479525,-0.966355843270183,-0.571646636129868,-0.71593825275176,-0.777414105828957,-0.877809728241419,-0.963894975231911,-0.367490929903791,-1.00723720358106,-0.573648085257991,-0.905751916506873,-0.548246753341323,0.067129010811188,-0.74633402219577,-0.77689632987442,-0.513527807859149,-0.410458854850929,-0.702854463496712,-0.376085254966847,-0.65323427697639,-0.751527203204582,-0.487170846083124,-0.605815007708669,-0.838746468088768,-0.512995918425756,-0.6002692007909,-0.494007793907488,-0.829580232182152,-1.18723863498533,-0.682378934286747,-0.597600263298091,-0.561688757941423,-0.775810477487309,-0.505226462944271,-0.151803911540348,-0.755650546229756,-0.111327538820775,-0.923820668091811,-0.543856568710744,-0.799784033987206,-1.67878766266944,-0.547914033241979,-0.69252288453592,-0.518860584787243,-0.718638772768277,-0.574522884957265,-0.766028616235394,-0.783162489495666,-0.566224935388611,0.271691175663494,-0.675382976552414,-0.653790722557568,-0.653851689833047,-0.569897592314005,-0.685835715519622,-0.647904522193843,-0.664556936026652,-0.569034714136114,-0.507817813873977,-0.536494698185429,-0.768897864954003,-0.585376536065427,-0.622528035985135,-0.454210725594474,-0.564900394388196,-0.574696478706447,-1.1828240234229,-0.785105315526192,-0.540641423031425,-0.665426753584578,-0.539307094691963,-0.348425147702436,-0.498591251333388,-0.523080667456721,-0.831156261607636,-0.622281704570721,-0.782401068500164,-0.789447035739829,-0.557501763870755,-0.505778909237946,-0.624275977269652,-0.743774131603622,-0.743846574768942,-0.129228314577652,-0.397363968993432,-0.922357934814868,-1.07695751091064,-1.14934390124832,-1.14684228042207,-0.625888537038413,-0.641289533744246,-0.56888790075037,-0.680264025007797,-0.470465254505972,-0.726381607522248,-0.604395814203172,-0.64437704550372,-0.609921532378848,-0.619881066592517,-0.61712009938149,-0.363912718313512,-0.421387307249072,-1.28545052793869,-0.530264405273805,-0.401027282855308,-0.569578522132877,-0.436105875668738,0.258949663390669,-0.406700539566019,-0.673273035311341,-0.565998932195026,-0.685817859793634,-0.730817206313231,-0.520238954117215,-0.713193758009176,-0.991190188200663,-0.344789866784545,-0.495183843341153,-0.939394475450667,-0.74095518162433,-0.726611845001168,-0.553693741254614,-0.612887431730709,-0.536600271805562,-0.606291521024171,-0.553901067919841,-0.479383335875246,-0.621606511720135,-0.974570951392448,-0.48805352537329,-0.865980025698746,-0.543434400240448,-0.767155531633286,-0.617518100327603,-0.563722602978791,-0.524092166767868,-0.469274127030998,-0.71456688213729,-0.796606268568196,-0.598331963886002,-0.491698944574237,-0.703895512265653,-1.53945026252568,0.151569041568195,-0.813165332182298,-0.94583725016588,-0.472351838475484,-0.494377357867234,-0.975604745971856,-0.766724197739351,-0.823990033085211,-0.926108184691356,-0.558717666256494,-0.379161949641383,-0.327398712750172,-0.906836982774522,-0.614835278634353,0.197871230591353,-0.812575895131137,-0.441748500440315,-0.788012724473105,-0.515370748508433,-1.2541307915187,-0.750713194799017,-0.807101569604255,-0.557916730587529,-1.05244496011756,-0.575643008354943,-0.61899979002849,-0.46950194156598,-0.567597101091729,-0.623788878529261,-0.67680156571333,-0.514869524021752,-0.440109756196063,-0.797330693575754,-0.628134209307874,-1.11711648863016,-0.864582352823089,-0.559609290515974,-0.575080500923803,-0.624478446322977,-0.72921406656607,-0.465167799440612,-0.206413682623439,-0.870570227459186,-0.978836790500469,-0.528878550032712,-0.442246094950301,-0.590310521918287,-0.597626308220176,-0.535005976446535,-0.998401844669617,-0.86340182998155,-0.882104756219481,-0.599446075410806,1.54906434410477,"Breast"
"Breast-85",-0.555592417576326,0.000654228538282621,-0.874316134855906,-1.03790453368905,-1.1015183129067,-1.22391388974646,-0.489483674713921,-1.48606229958294,-0.363009376956252,-0.587392633752342,-0.5360100599205,-0.427166054873635,-0.642142611977996,-0.906954785415906,-0.522805082503363,-1.16665646400082,-0.57729235363827,-0.951756607893985,-0.496697729346053,-0.533225338772386,-0.892044314129933,-0.756759621065685,-0.72953949609161,-0.134074319316562,-1.18728595031787,-1.45831178871341,-0.671018873252328,-0.886090803404096,-0.59994073973799,-0.235597109533069,-0.449126948447106,-0.823525490657949,-1.24614815954864,-0.309529644846314,-1.13365232863091,-0.964466112786827,-0.497006264132812,-0.559309350558077,-1.35148615893941,-0.97766678067334,-0.424231665239566,-0.985369683958035,-0.516608055472385,-0.536928301917431,1.32569557881859,-1.77703234192988,-0.335121144757225,-0.684422976084699,-0.443040489770205,-0.757778983174664,-0.804466674495576,-0.722133608031586,-1.00553084851786,-1.06642129487193,-0.559247717928647,-0.374389587264773,1.5596445589728,-0.488378971130679,-0.535578881140264,-1.23558207417991,-0.940150463465516,-0.466862369479199,-0.78169417422122,-0.361091310062088,-0.742272368002153,-0.597562997079172,0.553910590397604,-1.41989396139844,-0.74147185711001,-1.04233014881627,-0.890457490909887,-0.950184227790595,-0.62582241159886,-0.811355606421236,-0.594144064245794,-0.427209662751993,-0.884442638278434,0.00629785057232646,-0.518709942838152,0.247083621114704,-0.824570369406007,0.74919177131703,-1.33974894891408,2.08511762667858,-0.632421218362915,-0.539991255188735,-0.729222797826837,-0.510050775686776,-0.56503564513667,-1.15438649345439,-1.06249646629166,0.283598742728797,-0.439395440768505,-0.806924516606813,-0.824109659368058,-0.386236372075434,-0.370292957722169,-0.652696741503466,-0.580182792717566,-0.893144250525708,-0.504580611844278,-0.946777991831266,-1.00272583549808,-0.824988666868521,-0.908370117980451,-0.612012511430763,0.113273894267849,-0.112221376571324,-0.877494153250386,-0.296745135864667,-0.699577466702064,-0.848866007382096,-1.20970090202904,-0.592394335996418,-0.563564816816346,-0.852561903334732,-0.415332247460931,-1.15053595143586,2.78885804801784,0.201482883679209,-0.864139486256635,-0.810598588958128,-0.434538970011261,-0.540935274554197,-1.00933508269351,-0.466481924852692,-1.07767110647549,0.04575029369159,-0.467269611423203,-0.781783811545767,-0.612032059829267,-0.42618686188652,-0.0435879577330165,-0.563237817945086,-0.652232400369068,-0.433250890230484,-0.804665007994596,-0.628682208598634,-0.39913440011893,-0.622774284236347,-1.20614992241091,-0.521167552986871,-1.52198170189138,0.888565461532901,-0.922939115191811,-0.487177370604525,-0.680795110743151,-0.630959826187288,1.12160440145777,-0.360394763248112,-1.12185750843372,-1.44752119080494,-0.544945209809633,-1.45479463840887,-1.12931857316399,-0.946374554527438,-0.803191037428762,-1.15278844781279,-0.881133953461138,-0.127733033333892,-1.18738458930157,-0.79924829229509,-0.797373187578022,-0.736322806254168,-1.47320437666668,0.34106205983647,-0.832999110597407,-0.533884030225674,-0.34296769398763,0.511589032527562,-0.717586015732752,-1.01100613021998,-0.670674454267989,-0.296519048989905,-0.529739447900487,-0.991195534761472,-0.484444351416916,-0.724735509236815,-1.06378616055096,-0.399898634726296,-0.465400568692601,-0.412265596151146,-0.593116219560164,0.61652632749779,-0.686166850667112,-0.567826653865324,-0.388287405092906,-1.49053808632399,-0.547273332987266,-0.551980064673498,-0.836461434415258,-0.697113880119278,-0.954138085945745,-1.22450956354815,-1.65563766944559,-0.872091461738152,-0.889556386155257,-0.938444320238906,-0.654078746223719,-0.578418903939853,-0.440845057560506,-0.402800957411009,-0.225153733335885,-0.574567391161672,-1.75108208490588,-1.03292766190848,-0.660262121385938,0.0343261187425388,-0.341576481174091,-0.262217572957252,-0.490191614502914,-0.724722993416231,-0.387458469999575,-0.67265289501153,-1.24706496093846,-0.801251705816346,-0.749562816960677,-1.07155138599629,-0.826299878399175,-0.721727210801833,-0.876317725753786,-0.875446007171464,-0.969552848986112,-0.752576497540583,-0.774127007600307,-0.657239406583379,-0.739571250856207,-0.769269638931583,-0.547342081550196,-0.66549608966086,-0.400497512029309,-1.33003485092036,-0.961280804736148,-0.802317558831034,-0.431584442518366,-0.475091778241404,-0.631943764721935,-0.579507915169398,-0.620100662679788,-0.503796517211337,-1.0770163128063,-1.02984446404236,-0.939825400487642,-1.67817441199401,-0.557349591175902,-0.629817155798357,-0.664699033361462,-0.670603752641226,-0.362836635108256,-2.31715905997187,0.0349656285433011,-1.0669610666387,-1.35873215774737,-0.680703938055349,-0.679399709028993,-0.798624539569438,-0.58636397201414,-0.590419110099479,-0.479183249951239,0.185689944911923,-0.008043282607471,-0.755865250545603,-0.942110585579901,-0.873831727472401,-0.683411698418031,0.979534030868778,-0.475498315316322,-0.902316908801359,-0.632054548348183,-1.00035456820405,-0.605022983692602,-0.915536831645335,-0.360043047641229,-1.14309816831709,-0.704852117823712,-0.657270497541832,-0.49858944200454,-0.495454091056586,-0.625430816380737,1.43061539574782,-0.73139551936346,-0.618696368735234,-0.513248218781385,-0.586212932084341,-0.418816240327903,-0.637586357654596,-0.419171849570317,-1.10378034554778,-0.504768109875833,-0.503708930529297,-0.906386614560332,-0.204377612419919,-0.600292217662832,-0.813303292440974,-0.793665704950216,-0.816725390488356,-0.404812961836128,-0.831170933594364,-0.800640494297979,-1.00352564046401,-0.763076391897337,-1.42603282070303,-0.60699609384901,-0.499616568414202,-0.972280070282039,-0.923566729405713,-0.492093429498443,-0.44537972626872,-0.356127764920938,-0.426152405790388,-1.21479747878706,-0.826222229547082,0.306897169947946,-0.429499750025505,-0.464375891526999,-0.886517603314692,-0.662685403718943,-0.455236351660987,-0.742946755276486,-0.582032151080456,-0.741311326428987,-0.755829565716357,-0.769117912597732,-1.30700644777375,-0.796526001879866,-0.708710560777974,-0.521630848431092,-0.79167821863407,-0.809608919621213,-0.965937838928799,-0.504623527225731,-0.863563219649252,-0.818910781694739,-0.680117437351813,-0.466764426657629,-0.836854594027651,-0.561253030076281,-0.883773155823425,-0.444598034495984,-1.42991269894957,-0.869130914118606,-0.799233124164901,-0.940150205056253,-0.477833002749308,-1.48122585075984,-0.414352476826801,-0.867875810443468,-0.747265772882252,-0.618950848071241,-0.430499440370047,-0.796259557655844,-0.77458771809739,-0.493593930889384,-0.96499962340129,-0.558555906049502,-0.598213055580144,-0.710284973869927,-0.614764475187905,-1.52773594789532,-0.551304273896588,-0.601727266194753,-0.747997090271536,-0.184676538529664,-0.566010699037032,-0.603032598624489,-0.730318235371536,-0.598204255115836,-0.71157305436993,-0.606204342383374,-0.63129034137311,-0.386808567195655,-0.473937637058681,-1.00750208735402,-0.675677485964019,-0.799036810595303,-0.764417769029699,-0.735411990123146,0.0816584503712217,0.0489186097485219,-1.13280417093144,-0.388200013230897,-0.672522450531549,-0.689569785356508,-1.15140774083531,-0.538722496195877,-0.7995406586986,-0.574547412051676,-0.819944378140991,-0.380430093207073,-0.834709508043328,-0.895298276157752,-0.543996565944918,-0.760805550465173,-0.698256065660918,-0.653697914574418,-0.658091677882378,-0.719112826150793,-1.08773769552895,-0.814187642569382,-0.775032802607551,-0.580755287411444,-0.836916634773705,-0.689391508662824,-0.740417895485083,0.671002774983681,-0.517699977761507,-0.508516510850491,-0.839734362004915,-0.521979735973987,-0.61052131080658,-0.545495229195593,-0.524254694445744,-0.831984299900153,-0.745395082740569,-0.719523549783808,-0.588297561945064,-1.14485071477297,-0.5572790910731,-0.794015296702858,-1.06231331396319,-0.788184218742662,-0.495614760728454,-0.573786158335348,-1.05758031450463,-0.997877754173032,0.302941212299211,-0.593681714206644,-0.792912836073741,-0.598637045425795,-0.757800053491713,0.197855618443366,-0.55321502257966,-1.1319511214443,-0.392786433490695,-0.761647247973245,-0.998362605765605,-0.485816253127067,-1.26637581039537,-0.847748388510819,-0.608508425207776,-0.616708057714315,0.259273976007322,-0.716476224852673,-0.609571261310305,-0.99456836848483,-0.4791466881953,-0.527848653802147,-0.581450107692442,-0.623221682356157,-1.7243140217362,-0.456566211138298,-1.36617538889292,-1.03803492076387,-0.781460697748757,-0.441282341989839,-0.820483018691087,-0.693610145686299,-1.15915620338504,-0.569755773406841,-0.969526788505132,-0.773643467427534,-0.837555726474759,0.0188452159898355,-0.785445256160296,-0.384272493327475,-0.777454081363004,-1.21732527311908,-0.911558242630226,-0.67319351540593,-0.620494342313918,-0.601887066668739,-0.600466657719567,-0.691834142912648,-0.521407580649821,-0.69871053666764,-0.855651382052597,-1.13130195465131,-0.445183051983942,-0.37853639822383,0.601454617414348,-0.71593825275176,-0.777414105828957,-0.877809728241419,-0.963894975231911,-0.367490929903791,-1.00723720358106,-0.573648085257991,-0.905751916506873,-0.548246753341323,-1.17376531728267,-0.74633402219577,-0.77689632987442,-0.513527807859149,-0.410458854850929,0.192778149235053,-0.376085254966847,-0.65323427697639,-0.751527203204582,-0.487170846083124,-0.605815007708669,-0.155656506567191,-0.512995918425756,-0.6002692007909,-0.494007793907488,-0.829580232182152,-1.18723863498533,-0.682378934286747,-0.597600263298091,-0.561688757941423,-0.775810477487309,-0.505226462944271,-0.238105967260702,0.298455968168784,-0.800938882071613,-0.923820668091811,-0.543856568710744,-0.799784033987206,-2.05539425536405,-0.547914033241979,-0.69252288453592,-0.518860584787243,-0.718638772768277,-0.574522884957265,-0.766028616235394,-0.783162489495666,-0.566224935388611,-0.60068195999903,-0.675382976552414,-0.653790722557568,-0.653851689833047,-0.569897592314005,-0.685835715519622,-0.647904522193843,-0.664556936026652,-0.569034714136114,-0.507817813873977,-0.536494698185429,-0.768897864954003,-0.585376536065427,-0.622528035985135,-0.454210725594474,-0.564900394388196,-0.574696478706447,-1.57250043000024,-0.785105315526192,-0.540641423031425,-0.665426753584578,-0.539307094691963,-0.348425147702436,-0.498591251333388,-0.523080667456721,-0.831156261607636,-0.622281704570721,-0.782401068500164,-0.789447035739829,-0.557501763870755,-0.505778909237946,-0.624275977269652,-0.743774131603622,-0.743846574768942,0.151485222653202,-0.397363968993432,-0.922357934814868,-1.07695751091064,-1.14934390124832,-1.14684228042207,-0.625888537038413,-0.641289533744246,-0.56888790075037,-0.680264025007797,-0.470465254505972,-0.726381607522248,0.467008603219725,-0.64437704550372,-0.609921532378848,-0.619881066592517,-0.61712009938149,-0.363912718313512,-0.421387307249072,-1.58927866142416,-0.530264405273805,-0.73145250418656,-0.569578522132877,-0.436105875668738,-0.631759280520507,-0.406700539566019,-0.673273035311341,-0.565998932195026,-0.685817859793634,-0.730817206313231,-0.520238954117215,-0.0915738530232108,-0.991190188200663,-0.344789866784545,-0.495183843341153,-0.939394475450667,-0.74095518162433,-0.726611845001168,-0.553693741254614,-0.612887431730709,-0.536600271805562,-0.606291521024171,-0.553901067919841,-0.479383335875246,-0.621606511720135,-0.974570951392448,-0.48805352537329,-0.865980025698746,-0.543434400240448,-0.767155531633286,0.631305764827941,-0.563722602978791,0.0735887750568922,-0.469274127030998,-0.71456688213729,-0.0728330161980325,-0.598331963886002,-0.491698944574237,-0.703895512265653,-1.53945026252568,-0.683218747620856,-0.813165332182298,-0.315573202997449,-0.472351838475484,-0.494377357867234,-0.975604745971856,-0.766724197739351,-0.823990033085211,-0.123276577411899,-0.558717666256494,-0.379161949641383,-0.406605023608228,-1.16628962683087,-0.614835278634353,-0.623039723737013,-0.812575895131137,-0.441748500440315,-0.788012724473105,-0.515370748508433,-0.442801012753441,0.305485280086164,-0.807101569604255,-0.557916730587529,-1.05244496011756,-0.575643008354943,-0.61899979002849,1.12173108917009,-0.567597101091729,-0.623788878529261,-0.67680156571333,-0.514869524021752,-0.440109756196063,-0.797330693575754,-0.628134209307874,-1.11711648863016,-0.864582352823089,-0.559609290515974,-0.575080500923803,-0.624478446322977,-0.72921406656607,-0.465167799440612,-0.0730582769724193,-0.870570227459186,-0.246514641201549,-0.528878550032712,-0.442246094950301,0.378170555332162,-0.597626308220176,-0.535005976446535,-1.70271229229294,-0.86340182998155,-0.882104756219481,-0.599446075410806,4.292759012381,"Breast"
"Breast-86",-0.555592417576326,-0.665330012844802,-0.874316134855906,-0.067719865711259,-0.388217504895998,-0.886298578905397,-0.489483674713921,-0.391125202005582,-0.93350243963952,-0.587392633752342,-0.5360100599205,-0.427166054873635,-0.642142611977996,-0.906954785415906,-0.522805082503363,-0.873686971828583,-0.57729235363827,-0.951756607893985,-0.496697729346053,-0.533225338772386,-0.892044314129933,-0.756759621065685,-0.0439368405604069,-1.10737391109703,-0.627183802890179,-0.270295840572601,-0.671018873252328,-0.0515340295333463,-0.59994073973799,-0.572265270403078,-0.449126948447106,-0.823525490657949,-0.794911582790847,-0.309529644846314,-0.471982080006066,-0.155511306728577,-0.497006264132812,0.641256638179984,-1.35148615893941,-0.97766678067334,-0.0821101591421881,-0.985369683958035,-1.07616298942653,-0.536928301917431,-0.535926408238852,-0.919199193959663,-0.800523516316676,-0.684422976084699,-0.894666522630992,-0.757778983174664,-0.804466674495576,-0.722133608031586,-1.00553084851786,-1.06642129487193,-0.559247717928647,-0.374389587264773,-0.457301332060047,-0.488378971130679,2.42901782998481,-0.885840165945559,0.0499374090816526,-0.466862369479199,-0.78169417422122,-0.361091310062088,-0.742272368002153,-0.597562997079172,-1.01277899053072,0.187986188734621,-0.530268604564541,-0.804276160937198,-0.890457490909887,-0.950184227790595,-0.62582241159886,-0.811355606421236,-0.594144064245794,-0.427209662751993,-0.884442638278434,-0.726511286645635,-0.518709942838152,-0.310167173709315,-0.824570369406007,0.463797660738308,-0.504010311187925,1.48245397939023,-0.632421218362915,-0.539991255188735,-0.729222797826837,-0.510050775686776,-0.56503564513667,0.00138594765486186,-0.380298165964614,-0.529870904204576,-0.439395440768505,-0.806924516606813,-0.824109659368058,-0.386236372075434,-0.370292957722169,-0.652696741503466,-0.580182792717566,-0.893144250525708,-0.504580611844278,0.190494315323573,-1.00272583549808,-0.824988666868521,-0.908370117980451,-0.612012511430763,-0.949267944187187,-0.180119661103679,0.389566810706676,-0.6194653446804,-0.699577466702064,-0.848866007382096,-1.20970090202904,-0.592394335996418,-0.563564816816346,-0.126409435396305,-0.415332247460931,-0.0300443954309851,1.17523062615033,-0.749289324826282,-0.864139486256635,-1.27839469908618,0.853298356805405,-0.540935274554197,-0.727521695505967,-0.466481924852692,-1.07767110647549,-0.71314737154191,-0.467269611423203,-0.781783811545767,0.540489771227251,-0.42618686188652,-0.515214523200561,-0.563237817945086,-0.652232400369068,-0.433250890230484,-0.20051097203598,-0.628682208598634,0.240559423708142,0.0846321806872666,0.179536695692194,-0.521167552986871,-0.439253207354584,-0.74594206276323,-0.292571652343692,-0.436431684380806,-0.680795110743151,-0.630959826187288,-0.445041103063912,1.53008939678299,-1.12185750843372,-0.472797427086042,-0.544945209809633,-0.690932289444094,-0.497060129972124,-0.300644785898517,0.337587920677817,-0.378011068741227,-0.881133953461138,0.29610153616242,-0.748547116048807,-1.23041210025291,-0.797373187578022,-1.16230080545647,-0.625071957808053,-0.440422043770802,-0.832999110597407,-0.533884030225674,-0.866575554810563,0.594554075136693,-0.717586015732752,-0.263021104891711,0.0578997515151999,-1.02331441862592,-0.529739447900487,-0.991195534761472,-0.484444351416916,-0.724735509236815,-0.141879246181555,-0.399898634726296,-0.465400568692601,-0.659554194522494,-0.271378026698541,-0.59156966366512,-0.686166850667112,-0.567826653865324,-0.388287405092906,-0.631346019826031,-0.547273332987266,-0.551980064673498,-0.836461434415258,-0.697113880119278,-0.109361026150021,-0.669179736625218,-0.507853349532414,-0.872091461738152,-0.889556386155257,0.507769097128704,-0.654078746223719,-0.578418903939853,-0.440845057560506,-0.402800957411009,-1.27366017213239,-0.574567391161672,-0.409108259254693,-1.03292766190848,0.49657292824911,0.100344563470739,-0.262617129413397,-1.07295113119153,-0.490191614502914,-0.724722993416231,-0.387458469999575,-0.67265289501153,-0.68659785351368,-0.555374901325127,-0.749562816960677,-0.123573865256218,-0.261785478828768,-0.721727210801833,-0.876317725753786,-0.875446007171464,0.2245191787844,-0.752576497540583,-0.774127007600307,-0.657239406583379,-0.739571250856207,-0.769269638931583,-0.547342081550196,0.542322333602735,-0.400497512029309,-1.0518481187471,-0.961280804736148,-0.802317558831034,-0.431584442518366,-0.669581068860489,-0.631943764721935,-0.579507915169398,-0.620100662679788,0.377614764269779,-0.363784437997387,-0.446232437634786,-0.939825400487642,-0.510217965842011,-0.557349591175902,-0.58886840682022,-0.693657385811554,-0.670603752641226,-0.362836635108256,-1.21380937337466,-0.902564283763228,-1.0669610666387,-0.745687600745893,0.941472482573694,-0.679399709028993,-0.798624539569438,-0.58636397201414,-0.590419110099479,-0.479183249951239,-0.507567794435892,-0.654451544220782,-0.755865250545603,0.246915565944638,-0.873831727472401,-0.0236417623820859,-0.453520463080941,-0.475498315316322,-0.902316908801359,-0.632054548348183,-0.417130758947875,-0.605022983692602,0.173476597143595,-0.383268217775681,-0.818015650880597,-0.704852117823712,0.780764319693385,-0.49858944200454,-0.495454091056586,-0.625430816380737,0.741469399181913,-0.73139551936346,-0.618696368735234,-0.513248218781385,-0.586212932084341,-0.418816240327903,-0.637586357654596,-0.419171849570317,0.513667649372563,-0.504768109875833,-0.503708930529297,-0.753609580911362,-0.924514780586802,-0.380892868441079,-0.813303292440974,-0.793665704950216,0.415386954986117,-0.404812961836128,-0.831170933594364,-0.800640494297979,-1.00352564046401,-0.763076391897337,-0.583809547973795,-0.60699609384901,-0.943549081967018,-0.972280070282039,-0.923566729405713,-0.492093429498443,-1.12976969199847,-0.356127764920938,-0.426152405790388,-1.21479747878706,-0.188798156978515,0.0886189390231148,-0.429499750025505,-0.464375891526999,-0.886517603314692,-0.198960765199406,-0.455236351660987,-0.742946755276486,-0.582032151080456,0.149437593146346,-0.755829565716357,-0.0453726333984239,-0.624775331510519,-0.796526001879866,-0.708710560777974,-1.12086668854464,-0.79167821863407,-0.809608919621213,-0.965937838928799,-0.504623527225731,-0.863563219649252,-0.674661898221769,-0.680117437351813,-0.466764426657629,0.877644423268312,-0.561253030076281,0.466423794891625,-0.444598034495984,-0.576220001958395,-0.869130914118606,-0.799233124164901,0.298627826942269,-0.477833002749308,0.196290421820385,-0.414352476826801,-0.867875810443468,-0.747265772882252,-0.618950848071241,-0.430499440370047,-0.796259557655844,-0.77458771809739,-0.493593930889384,0.444239700086165,-0.558555906049502,-0.598213055580144,0.446244935304719,-0.614764475187905,0.0985002628946168,-0.0482651332476709,-0.339087252187527,-0.747997090271536,0.238136770162519,-0.566010699037032,-0.603032598624489,-0.730318235371536,-0.598204255115836,-0.71157305436993,-0.606204342383374,-0.63129034137311,-0.386808567195655,-0.473937637058681,-0.608704148638547,0.652692522007671,-0.799036810595303,-0.764417769029699,1.77455404653171,-0.858462959667144,-0.889325548542612,-1.13280417093144,-0.388200013230897,-0.672522450531549,-0.689569785356508,-1.15140774083531,-0.538722496195877,-0.7995406586986,-0.574547412051676,-0.819944378140991,1.0027383172256,-0.834709508043328,0.154621355492108,-0.543996565944918,0.192434744910973,-0.257954292226731,0.630626798720273,-0.658091677882378,-0.719112826150793,-0.318435332232946,-0.814187642569382,0.323327518626925,-0.580755287411444,0.077894897875329,-0.689391508662824,-0.740417895485083,-0.591226315601407,-0.517699977761507,-0.508516510850491,-0.839734362004915,-0.521979735973987,-0.161409944372974,-0.545495229195593,-0.524254694445744,-0.831984299900153,-0.745395082740569,-0.719523549783808,-0.588297561945064,-1.14485071477297,-0.85534945010494,-0.794015296702858,-0.87086171374299,-0.788184218742662,1.10633675021547,-0.524216420647897,-1.05758031450463,0.563043198813874,0.381984673012328,-0.593681714206644,-0.792912836073741,0.554696245852354,0.730595424896524,0.269851207056605,-0.55321502257966,-1.1319511214443,-0.392786433490695,-0.761647247973245,-0.998362605765605,-0.485816253127067,-1.26637581039537,-0.847748388510819,-0.608508425207776,-0.616708057714315,-0.682642890579754,-0.716476224852673,-0.609571261310305,-0.99456836848483,-0.4791466881953,0.983750166685423,-0.581450107692442,-0.623221682356157,-0.685618604281485,-0.456566211138298,-0.658916883336296,0.0752604735549617,0.0175705193290305,-0.441282341989839,0.065801400650543,0.813921621455116,-1.44135041402852,-0.569755773406841,-0.114717638870149,0.906206945257324,0.370249255370254,-0.909848144967057,-0.785445256160296,-0.384272493327475,-0.353668541686562,-0.693252862502005,-0.069098382922947,-0.67319351540593,-0.620494342313918,-0.601887066668739,-0.600466657719567,0.378704365224554,-0.694849759455695,-0.471044917876898,-0.855651382052597,-1.13130195465131,-1.13339019479525,0.601579293923579,-0.571646636129868,-0.71593825275176,-0.777414105828957,-0.408023374435047,0.650764700498114,-0.367490929903791,-1.00723720358106,-0.573648085257991,-0.905751916506873,-0.548246753341323,-1.17376531728267,-0.74633402219577,-0.77689632987442,-0.513527807859149,-0.410458854850929,-0.702854463496712,-0.376085254966847,0.254041824464275,-0.751527203204582,-0.487170846083124,-0.605815007708669,0.431147917984684,0.775225526255885,0.73291990193723,-0.494007793907488,0.401796582453316,0.0145424189611854,-0.682378934286747,-0.597600263298091,-0.561688757941423,0.30591265979895,-0.505226462944271,-0.183551358948664,0.383477070799645,-0.800938882071613,0.303913140812402,-0.543856568710744,-0.799784033987206,-0.543740101028623,-0.547914033241979,-0.69252288453592,-0.518860584787243,-0.718638772768277,-0.574522884957265,-0.766028616235394,-0.783162489495666,-0.566224935388611,-0.60068195999903,-0.675382976552414,-0.653790722557568,-0.653851689833047,0.646164236693228,0.978725331249473,-0.647904522193843,0.425736305627277,-0.569034714136114,-0.507817813873977,-0.536494698185429,-0.768897864954003,-0.585376536065427,-0.622528035985135,-0.454210725594474,-0.564900394388196,-0.574696478706447,-0.323571006228513,-0.785105315526192,-0.540641423031425,-0.665426753584578,-0.539307094691963,-0.348425147702436,-0.498591251333388,-0.523080667456721,-0.831156261607636,-0.622281704570721,-0.782401068500164,-0.789447035739829,-0.557501763870755,-0.505778909237946,-0.624275977269652,-0.743774131603622,-0.743846574768942,-0.158885498457897,-0.397363968993432,-0.922357934814868,-1.07695751091064,-1.14934390124832,0.205615140218885,-0.625888537038413,-0.641289533744246,-0.56888790075037,-0.680264025007797,-0.470465254505972,-0.726381607522248,-0.604395814203172,-0.64437704550372,-0.609921532378848,-0.619881066592517,-0.61712009938149,-0.363912718313512,-0.421387307249072,-0.81767205092606,-0.530264405273805,-0.284457293248347,-0.569578522132877,-0.436105875668738,-0.631759280520507,-0.406700539566019,-0.673273035311341,-0.565998932195026,-0.685817859793634,-0.730817206313231,-0.520238954117215,-0.0414358365919641,0.1287333644376,-0.344789866784545,-0.495183843341153,0.110016076409366,0.269518925453379,0.779012291070902,-0.553693741254614,-0.612887431730709,-0.536600271805562,-0.606291521024171,-0.553901067919841,-0.479383335875246,-0.621606511720135,-0.974570951392448,-0.48805352537329,-0.256603585472204,-0.543434400240448,0.338277268857594,-0.617518100327603,-0.563722602978791,0.121795945775676,-0.469274127030998,-0.71456688213729,-0.796606268568196,-0.598331963886002,1.38512277010163,-0.703895512265653,-0.797709098983516,0.446071996027084,-0.813165332182298,-0.94583725016588,-0.472351838475484,-0.494377357867234,-0.271948003641721,-0.766724197739351,-0.0792891422586352,-0.926108184691356,-0.558717666256494,-0.379161949641383,-0.0819170924984872,-1.70419157515665,1.01079550025162,-0.623039723737013,0.0897855302884416,-0.441748500440315,-0.788012724473105,-0.515370748508433,-0.536516250366105,0.0587507977741823,0.220483878946431,-0.557916730587529,0.283542781862844,-0.575643008354943,-0.61899979002849,-0.46950194156598,0.789774318028808,-0.623788878529261,0.30828321369474,-0.514869524021752,-0.440109756196063,-0.797330693575754,-0.628134209307874,-0.508039990786931,-0.864582352823089,-0.559609290515974,-0.575080500923803,-0.624478446322977,-0.160964973041724,-0.465167799440612,-0.735980601657659,-0.870570227459186,-0.978836790500469,-0.528878550032712,-0.442246094950301,0.456285364357834,-0.597626308220176,-0.535005976446535,0.0256190794980558,0.0877849878639856,-0.882104756219481,-0.599446075410806,3.28192959597207,"Breast"
"97-Breast-Her2-ampl",-0.555592417576326,-0.665330012844802,-0.874316134855906,-1.03790453368905,-0.905952781123624,-1.29356007101875,-0.489483674713921,-1.41744510458209,-0.895713993862916,-0.587392633752342,-0.5360100599205,-0.427166054873635,-0.642142611977996,-0.906954785415906,-0.522805082503363,-1.16665646400082,-0.57729235363827,-0.951756607893985,-0.496697729346053,-0.533225338772386,-0.892044314129933,-0.756759621065685,-0.72953949609161,-1.10737391109703,-1.18728595031787,-1.45831178871341,-0.671018873252328,-0.886090803404096,-0.59994073973799,-0.572265270403078,-0.449126948447106,-0.823525490657949,-1.24614815954864,-0.309529644846314,-1.55698223891445,-0.964466112786827,4.04985240268474,-0.559309350558077,-1.35148615893941,-0.97766678067334,-1.31380191096635,-0.985369683958035,0.127687294105744,-0.536928301917431,-0.535926408238852,-2.00911695798072,-0.417595559791165,-0.684422976084699,-0.894666522630992,-0.757778983174664,-0.804466674495576,-0.722133608031586,-0.536963986278835,-1.06642129487193,-0.559247717928647,-0.374389587264773,-0.457301332060047,-0.488378971130679,-0.535578881140264,-1.23558207417991,-0.940150463465516,3.00306117259414,-0.78169417422122,-0.361091310062088,-0.742272368002153,-0.597562997079172,-1.01277899053072,-0.361172434481881,-1.52931067094053,-1.0635770931516,-0.890457490909887,-0.950184227790595,-0.62582241159886,-0.811355606421236,-0.594144064245794,-0.427209662751993,-0.884442638278434,-0.726511286645635,-0.518709942838152,-0.310167173709315,-0.824570369406007,-0.472497315307328,-1.33974894891408,1.73461811209946,-0.632421218362915,-0.539991255188735,-0.729222797826837,-0.510050775686776,-0.56503564513667,-1.15438649345439,-1.06249646629166,0.975951012193839,-0.439395440768505,-0.806924516606813,-0.824109659368058,-0.386236372075434,-0.370292957722169,-0.652696741503466,-0.580182792717566,-0.893144250525708,-0.504580611844278,-0.946777991831266,-1.00272583549808,-0.824988666868521,-0.908370117980451,-0.612012511430763,-0.949267944187187,-1.62867629279179,-0.877494153250386,-1.16329464966875,-0.699577466702064,-0.848866007382096,-1.20970090202904,-0.592394335996418,-0.563564816816346,-0.852561903334732,-0.415332247460931,-1.15053595143586,0.911175971872471,-0.749289324826282,-0.864139486256635,-1.27839469908618,-0.434538970011261,-0.540935274554197,0.127532961181506,-0.466481924852692,-1.07767110647549,-0.71314737154191,-0.467269611423203,-0.781783811545767,-0.612032059829267,-0.42618686188652,-0.515214523200561,-0.563237817945086,-0.652232400369068,-0.433250890230484,-1.24113329272812,0.614045117658886,-0.96051637736292,-0.622774284236347,-1.03396460837726,0.476049119854847,-0.729179144157744,-0.74594206276323,-0.922939115191811,-1.11633127205757,-0.680795110743151,-0.630959826187288,-0.445041103063912,-0.360394763248112,-1.12185750843372,-0.823923087852851,-0.544945209809633,-1.45479463840887,-1.12931857316399,-0.946374554527438,-0.803191037428762,-1.15278844781279,-0.881133953461138,-0.938055876675319,-1.18738458930157,-1.23041210025291,-0.797373187578022,-1.16230080545647,-1.47320437666668,1.45880098587299,-0.832999110597407,-0.533884030225674,-0.43575676140008,-0.517026089783175,-0.717586015732752,-1.01100613021998,-1.19702951435578,-0.179307688425443,-0.529739447900487,-0.259348848049429,-0.484444351416916,-0.724735509236815,-1.15440140847177,-0.399898634726296,-0.465400568692601,-0.659554194522494,-0.75146203912677,-0.59156966366512,-0.686166850667112,-0.567826653865324,-0.388287405092906,-1.49053808632399,-0.547273332987266,-0.551980064673498,-0.836461434415258,-0.697113880119278,-0.954138085945745,-0.742715583768208,-2.08224322261199,-0.872091461738152,-0.889556386155257,-0.938444320238906,-0.654078746223719,-0.578418903939853,-0.440845057560506,-0.402800957411009,-1.27366017213239,-0.574567391161672,-0.711400846375703,0.548893894299399,-0.660262121385938,-0.784182116331742,-1.33950734716597,0.897356182285689,0.568463848774348,-0.724722993416231,-0.387458469999575,-0.67265289501153,-0.644788341407075,-0.957515896321843,-0.749562816960677,-1.36414126696315,-0.826299878399175,-0.721727210801833,-0.876317725753786,0.399145721335538,-0.969552848986112,-0.752576497540583,-0.774127007600307,-0.657239406583379,-0.739571250856207,-0.769269638931583,-0.547342081550196,-0.66549608966086,-0.400497512029309,-2.15363318872871,-0.961280804736148,-0.802317558831034,-0.431584442518366,-1.3076438001904,-0.631943764721935,-0.579507915169398,-0.620100662679788,-0.503796517211337,-1.0770163128063,0.645998614213715,-0.939825400487642,-0.546727844482678,-0.557349591175902,-1.1375069142073,-0.899477467450889,-0.670603752641226,-0.362836635108256,-1.14242114957561,-0.902564283763228,-1.0669610666387,-1.35873215774737,-0.680703938055349,-0.679399709028993,-0.798624539569438,-0.58636397201414,-0.590419110099479,-0.479183249951239,0.331427128287102,-0.654451544220782,-0.755865250545603,-0.942110585579901,-0.873831727472401,-1.09491872168078,-0.453520463080941,-0.475498315316322,-0.902316908801359,0.115112992696153,-1.00035456820405,-0.605022983692602,0.254104254143669,-0.134264804585335,-0.177446752330451,-0.704852117823712,-0.657270497541832,-0.49858944200454,-0.495454091056586,-0.625430816380737,-0.419839307586847,-0.73139551936346,-0.618696368735234,-0.513248218781385,-0.586212932084341,-0.418816240327903,-0.637586357654596,4.26427906921132,-1.10378034554778,-0.504768109875833,-0.503708930529297,-1.19847869296447,-0.924514780586802,-0.72186032187199,-0.813303292440974,0.714391789030337,-0.816725390488356,-0.404812961836128,-0.831170933594364,-0.800640494297979,-1.00352564046401,-0.763076391897337,-1.42603282070303,-0.60699609384901,-0.943549081967018,-0.972280070282039,-0.923566729405713,-0.492093429498443,-1.12976969199847,-0.356127764920938,-0.426152405790388,-0.611376833715712,-0.826222229547082,-0.627488378610812,-0.429499750025505,-0.464375891526999,-0.886517603314692,-1.06964048874916,-0.455236351660987,-0.742946755276486,-0.582032151080456,-1.18959503173864,-0.755829565716357,-0.665509613415805,-0.662916877419632,-0.796526001879866,-0.708710560777974,-1.12086668854464,-0.79167821863407,-0.809608919621213,-0.965937838928799,-0.504623527225731,-0.863563219649252,-1.41377333935745,-0.680117437351813,-0.466764426657629,-0.836854594027651,-0.561253030076281,-0.883773155823425,-0.444598034495984,-1.42991269894957,-0.869130914118606,-0.799233124164901,-0.940150205056253,-0.477833002749308,-0.631706496743879,-0.414352476826801,-0.867875810443468,-0.747265772882252,-0.618950848071241,-0.430499440370047,-0.796259557655844,-0.77458771809739,-0.493593930889384,-0.96499962340129,-0.558555906049502,-0.598213055580144,-0.710284973869927,-0.614764475187905,-0.929740925560205,-1.13688436302446,-1.10386469962424,-0.747997090271536,0.477908545402506,-0.566010699037032,-0.603032598624489,-0.730318235371536,-0.598204255115836,-0.71157305436993,-0.606204342383374,-0.63129034137311,-0.386808567195655,-0.473937637058681,-1.52609689447757,-0.675677485964019,-0.799036810595303,-0.764417769029699,-0.735411990123146,-0.858462959667144,-0.889325548542612,-1.13280417093144,-0.388200013230897,-0.672522450531549,-0.689569785356508,-1.15140774083531,-0.538722496195877,-0.7995406586986,-0.574547412051676,-0.819944378140991,-0.380430093207073,-0.834709508043328,-0.895298276157752,-0.543996565944918,-0.760805550465173,-1.21080455522408,-0.653697914574418,-0.658091677882378,-0.719112826150793,-1.08773769552895,-0.814187642569382,-0.775032802607551,-0.580755287411444,-0.836916634773705,-0.689391508662824,-0.740417895485083,-0.591226315601407,-0.517699977761507,-0.508516510850491,0.756201409793465,-0.521979735973987,-0.61052131080658,-0.545495229195593,-0.524254694445744,-0.831984299900153,-0.745395082740569,-0.719523549783808,-0.588297561945064,-1.14485071477297,-0.85534945010494,-0.794015296702858,-1.42834670580536,-0.788184218742662,-0.495614760728454,0.0381297178859221,-1.05758031450463,-0.997877754173032,-0.677053451143998,-0.593681714206644,-0.792912836073741,-0.598637045425795,-0.757800053491713,-0.694758292889573,-0.55321502257966,-1.1319511214443,-0.392786433490695,-0.761647247973245,-0.998362605765605,-0.485816253127067,-1.26637581039537,-0.847748388510819,-0.608508425207776,-0.616708057714315,-0.682642890579754,-0.716476224852673,-0.609571261310305,-0.99456836848483,-0.4791466881953,-0.527848653802147,-0.581450107692442,-0.623221682356157,-1.2454153258603,-0.456566211138298,-0.9136748373787,-0.969349534930558,-0.781460697748757,-0.441282341989839,-1.20266300647864,-0.693610145686299,-1.44135041402852,-0.569755773406841,-0.969526788505132,-0.773643467427534,-0.837555726474759,-0.909848144967057,-0.785445256160296,-0.384272493327475,-0.777454081363004,-1.21732527311908,0.511428081378228,-0.67319351540593,-0.620494342313918,-0.601887066668739,-0.600466657719567,-0.969725385594821,-0.542661041106769,-0.525370833527163,-0.855651382052597,-1.13130195465131,0.332428859789469,-0.770849491918285,-0.571646636129868,-0.71593825275176,-0.777414105828957,-0.877809728241419,-0.963894975231911,-0.367490929903791,0.15029906210841,-0.573648085257991,-0.905751916506873,-0.548246753341323,-1.17376531728267,-0.74633402219577,-0.77689632987442,-0.513527807859149,-0.410458854850929,-0.702854463496712,-0.376085254966847,-0.65323427697639,-0.751527203204582,-0.487170846083124,-0.605815007708669,-0.276707554939109,-0.512995918425756,-0.6002692007909,-0.494007793907488,-0.829580232182152,-1.18723863498533,-0.682378934286747,-0.597600263298091,-0.561688757941423,-0.775810477487309,-0.505226462944271,-0.914483551563009,-0.755650546229756,-0.800938882071613,-0.923820668091811,-0.543856568710744,-0.799784033987206,-1.3415955468557,-0.547914033241979,-0.69252288453592,-0.518860584787243,-0.718638772768277,-0.574522884957265,-0.766028616235394,0.145957610579802,-0.566224935388611,-0.60068195999903,-0.675382976552414,-0.653790722557568,-0.653851689833047,-0.569897592314005,-0.685835715519622,-0.647904522193843,-0.664556936026652,-0.569034714136114,-0.507817813873977,-0.536494698185429,-0.768897864954003,-0.585376536065427,-0.622528035985135,-0.454210725594474,-0.564900394388196,-0.574696478706447,-1.57250043000024,-0.785105315526192,-0.540641423031425,-0.665426753584578,-0.539307094691963,-0.348425147702436,-0.498591251333388,-0.523080667456721,-0.831156261607636,-0.622281704570721,-0.782401068500164,-0.789447035739829,-0.557501763870755,-0.505778909237946,-0.624275977269652,-0.743774131603622,-0.743846574768942,-0.322249333135782,-0.397363968993432,-0.922357934814868,-0.588296819683569,-1.14934390124832,-1.14684228042207,-0.625888537038413,0.0801725236141695,-0.56888790075037,-0.680264025007797,-0.470465254505972,-0.726381607522248,-0.604395814203172,-0.64437704550372,-0.609921532378848,-0.619881066592517,-0.61712009938149,-0.363912718313512,-0.421387307249072,-1.48571117720805,-0.530264405273805,-0.73145250418656,-0.569578522132877,-0.436105875668738,0.285656259319591,-0.406700539566019,-0.673273035311341,-0.565998932195026,-0.685817859793634,-0.730817206313231,-0.520238954117215,-0.713193758009176,-0.991190188200663,-0.344789866784545,-0.495183843341153,-0.139253132828148,-0.74095518162433,0.676593797957075,-0.553693741254614,-0.612887431730709,-0.536600271805562,-0.606291521024171,-0.553901067919841,-0.479383335875246,0.687378527402811,-0.308102364414025,-0.48805352537329,-0.536778630186462,-0.543434400240448,-0.767155531633286,-0.617518100327603,-0.563722602978791,-0.524092166767868,-0.469274127030998,-0.71456688213729,-0.796606268568196,-0.598331963886002,-0.491698944574237,-0.703895512265653,-0.650496239586068,-0.683218747620856,-0.813165332182298,-0.94583725016588,-0.472351838475484,-0.494377357867234,0.147199894227243,-0.766724197739351,-0.823990033085211,-0.926108184691356,-0.558717666256494,-0.379161949641383,-1.02737092254885,-1.39031730599965,-0.614835278634353,-0.623039723737013,-0.812575895131137,-0.441748500440315,-0.788012724473105,-0.515370748508433,-1.2541307915187,-0.750713194799017,-0.807101569604255,-0.557916730587529,-1.05244496011756,-0.575643008354943,-0.61899979002849,-0.46950194156598,-0.567597101091729,-0.623788878529261,-0.67680156571333,-0.514869524021752,-0.440109756196063,-0.797330693575754,-0.628134209307874,-1.11711648863016,-0.160868630402789,-0.559609290515974,-0.575080500923803,-0.624478446322977,-0.72921406656607,-0.465167799440612,0.0338521834833574,-0.870570227459186,-0.978836790500469,-0.528878550032712,-0.442246094950301,-0.590310521918287,-0.597626308220176,-0.535005976446535,-1.05289106607833,-0.86340182998155,-0.882104756219481,-0.599446075410806,2.46500572781888,"Breast"
"Breast-ALK-82",-0.555592417576326,-0.665330012844802,-0.874316134855906,-1.03790453368905,-0.897183991010027,-0.962829783656338,-0.489483674713921,-1.54922685986656,-0.161953916044059,-0.587392633752342,-0.5360100599205,-0.427166054873635,-0.642142611977996,-0.906954785415906,-0.522805082503363,-0.647052737834958,-0.57729235363827,-0.951756607893985,-0.496697729346053,-0.533225338772386,-0.892044314129933,-0.756759621065685,-0.72953949609161,-1.10737391109703,-1.18728595031787,-1.11248177734081,-0.671018873252328,-0.886090803404096,-0.59994073973799,-0.572265270403078,-0.449126948447106,-0.823525490657949,-1.24614815954864,-0.309529644846314,-1.55698223891445,-0.241218302742268,-0.497006264132812,-0.559309350558077,-0.525607644998451,-0.97766678067334,-1.31380191096635,-0.0746315129894735,-1.07616298942653,-0.536928301917431,-0.535926408238852,-1.22422153673537,-0.800523516316676,-0.684422976084699,-0.143018736198903,-0.757778983174664,-0.804466674495576,-0.722133608031586,-1.00553084851786,-1.06642129487193,-0.559247717928647,-0.374389587264773,-0.457301332060047,-0.488378971130679,-0.535578881140264,-1.23558207417991,-0.940150463465516,-0.466862369479199,-0.78169417422122,-0.361091310062088,-0.742272368002153,-0.597562997079172,-1.01277899053072,-1.41989396139844,-1.52931067094053,-0.573619285095635,-0.890457490909887,-0.950184227790595,-0.62582241159886,-0.811355606421236,-0.594144064245794,-0.427209662751993,-0.884442638278434,-0.726511286645635,-0.518709942838152,-0.310167173709315,-0.824570369406007,-0.472497315307328,-0.591551547111653,-0.572367111065056,-0.632421218362915,-0.539991255188735,-0.729222797826837,-0.510050775686776,-0.56503564513667,-1.15438649345439,-1.06249646629166,-0.127990004287914,-0.439395440768505,-0.806924516606813,-0.824109659368058,-0.386236372075434,-0.370292957722169,-0.652696741503466,-0.580182792717566,-0.893144250525708,-0.504580611844278,-0.946777991831266,-1.00272583549808,-0.824988666868521,-0.398665976135594,-0.612012511430763,-0.949267944187187,-0.830931846705197,-0.877494153250386,-1.16329464966875,-0.699577466702064,-0.848866007382096,-1.20970090202904,-0.592394335996418,-0.563564816816346,-0.852561903334732,-0.415332247460931,-0.146134511017991,2.50898333767746,-0.749289324826282,0.122931742606142,-0.64253915328856,-0.434538970011261,-0.540935274554197,-1.33738969127492,-0.466481924852692,-0.730292034407642,-0.71314737154191,-0.467269611423203,-0.0545285322463009,-0.612032059829267,-0.42618686188652,-0.515214523200561,1.01594310338493,-0.652232400369068,-0.433250890230484,-1.24113329272812,-0.628682208598634,-0.96051637736292,-0.622774284236347,-1.29330997912937,-0.521167552986871,-1.20680074142946,-0.74594206276323,-0.922939115191811,-1.11633127205757,0.376338972797233,-0.630959826187288,-0.445041103063912,-0.360394763248112,-0.514738157344293,-1.42328711955502,-0.544945209809633,-1.05780775715273,-1.12931857316399,-0.946374554527438,-0.803191037428762,-1.15278844781279,-0.881133953461138,-0.938055876675319,-1.18738458930157,-1.23041210025291,-0.797373187578022,-0.750736292406869,-1.47320437666668,-0.440422043770802,-0.832999110597407,-0.533884030225674,-0.866575554810563,-0.517026089783175,-0.717586015732752,-1.01100613021998,-1.19702951435578,-1.02331441862592,-0.529739447900487,-0.991195534761472,-0.484444351416916,-0.724735509236815,-1.57512717781599,-0.399898634726296,-0.465400568692601,-0.659554194522494,-0.397062122978857,-0.59156966366512,-0.686166850667112,-0.567826653865324,-0.388287405092906,-0.945497885845601,-0.547273332987266,-0.551980064673498,-0.836461434415258,-0.697113880119278,-0.954138085945745,-1.1400187471791,-1.09820838911391,-0.137896921410026,-0.889556386155257,-0.938444320238906,-0.654078746223719,-0.578418903939853,-0.440845057560506,-0.402800957411009,-1.27366017213239,-0.574567391161672,-1.75108208490588,-1.03292766190848,-0.660262121385938,-0.784182116331742,-1.33950734716597,-1.07295113119153,-0.490191614502914,-0.724722993416231,-0.387458469999575,-0.67265289501153,-1.24706496093846,-0.784890464937985,-0.749562816960677,-1.36414126696315,-0.826299878399175,1.07018593534908,-0.876317725753786,-0.875446007171464,-0.969552848986112,1.4037193422619,-0.774127007600307,-0.657239406583379,-0.739571250856207,-0.769269638931583,-0.547342081550196,-0.66549608966086,-0.400497512029309,-1.58278919498419,-0.961280804736148,-0.802317558831034,-0.431584442518366,-0.0457736161036293,-0.631943764721935,-0.579507915169398,-0.620100662679788,-0.503796517211337,-1.0770163128063,-1.02984446404236,-0.939825400487642,-1.25383623478785,-0.557349591175902,-1.1375069142073,-0.539988935858548,-0.670603752641226,-0.362836635108256,-1.47851892672425,-0.902564283763228,-0.563315295554662,-1.35873215774737,-0.680703938055349,-0.679399709028993,-0.798624539569438,0.370209717009411,-0.590419110099479,-0.479183249951239,-0.553574533795638,-0.654451544220782,-0.755865250545603,0.121663961441893,-0.873831727472401,-0.697335541416129,-0.453520463080941,-0.475498315316322,-0.213091019178638,-0.632054548348183,-1.00035456820405,-0.605022983692602,-0.915536831645335,-0.384031080378061,-0.891705901008487,-0.704852117823712,-0.657270497541832,-0.49858944200454,1.23352637750311,-0.625430816380737,-0.419839307586847,-0.73139551936346,-0.618696368735234,-0.513248218781385,-0.586212932084341,-0.418816240327903,-0.637586357654596,-0.419171849570317,-0.671371723374145,-0.504768109875833,-0.503708930529297,-0.3695655584515,-0.924514780586802,-0.623477402538452,-0.813303292440974,-0.793665704950216,-0.816725390488356,-0.404812961836128,-0.831170933594364,-0.800640494297979,-1.00352564046401,-0.763076391897337,-1.42603282070303,-0.60699609384901,0.00521041856937071,-0.230184060541939,-0.923566729405713,-0.492093429498443,-1.12976969199847,-0.356127764920938,-0.426152405790388,-0.34998525048841,-0.0224902676728573,-0.627488378610812,-0.429499750025505,-0.464375891526999,-0.886517603314692,-0.392339211622528,-0.455236351660987,-0.742946755276486,-0.582032151080456,-1.18959503173864,-0.755829565716357,-0.046828029235907,-0.958578072246602,-0.796526001879866,0.376200969331295,-1.12086668854464,-0.79167821863407,-0.809608919621213,-0.965937838928799,-0.504623527225731,-0.863563219649252,-0.751654849110462,-0.680117437351813,-0.466764426657629,-0.836854594027651,-0.561253030076281,-0.883773155823425,-0.444598034495984,-0.804189109086954,-0.869130914118606,-0.799233124164901,-0.940150205056253,-0.477833002749308,-1.48122585075984,-0.414352476826801,-0.867875810443468,-0.747265772882252,-0.618950848071241,0.8024804115595,-0.796259557655844,-0.77458771809739,-0.493593930889384,-0.96499962340129,-0.558555906049502,-0.598213055580144,-0.710284973869927,-0.614764475187905,-1.34020949681931,-1.13688436302446,-1.10386469962424,-0.0116715679248895,-1.01074181138039,-0.566010699037032,-0.603032598624489,-0.730318235371536,-0.598204255115836,-0.71157305436993,-0.606204342383374,-0.63129034137311,-0.386808567195655,-0.473937637058681,-0.883150749447756,-0.675677485964019,-0.799036810595303,-0.764417769029699,-0.735411990123146,-0.858462959667144,0.908939119238554,-1.13280417093144,-0.388200013230897,-0.672522450531549,-0.689569785356508,-1.15140774083531,-0.538722496195877,-0.7995406586986,-0.574547412051676,-0.819944378140991,-0.380430093207073,-0.834709508043328,-0.895298276157752,-0.543996565944918,-0.760805550465173,-1.21080455522408,-0.653697914574418,-0.658091677882378,-0.719112826150793,-1.08773769552895,0.192474902098865,-0.204203988995641,-0.580755287411444,-0.836916634773705,-0.689391508662824,-0.740417895485083,-0.591226315601407,-0.517699977761507,-0.508516510850491,-0.839734362004915,-0.521979735973987,-0.61052131080658,-0.545495229195593,-0.524254694445744,-0.831984299900153,-0.745395082740569,0.677149553505333,-0.588297561945064,-1.14485071477297,-0.85534945010494,-0.794015296702858,-1.07469850107291,-0.788184218742662,-0.495614760728454,-0.350937130663043,-1.05758031450463,-0.997877754173032,-0.677053451143998,-0.593681714206644,-0.792912836073741,-0.598637045425795,-0.757800053491713,0.521523801243072,-0.55321502257966,-1.1319511214443,-0.392786433490695,-0.761647247973245,-0.577234528284534,-0.485816253127067,-1.26637581039537,-0.847748388510819,-0.608508425207776,-0.616708057714315,-0.682642890579754,-0.716476224852673,-0.609571261310305,-0.99456836848483,-0.4791466881953,-0.527848653802147,-0.581450107692442,-0.623221682356157,-1.03851782773105,-0.456566211138298,-1.61378520520478,-1.46393408399269,-0.781460697748757,-0.441282341989839,-0.470166286197289,-0.693610145686299,-1.44135041402852,-0.569755773406841,-0.969526788505132,0.0993915462924034,-0.837555726474759,-0.909848144967057,-0.785445256160296,-0.384272493327475,-0.777454081363004,-1.21732527311908,-0.911558242630226,-0.67319351540593,-0.620494342313918,-0.601887066668739,-0.600466657719567,-0.320845615893897,-1.04931602881876,-0.69871053666764,-0.855651382052597,-0.500166381341369,-0.468340722850245,-0.336034291951132,0.561761302958344,-0.71593825275176,-0.777414105828957,-0.877809728241419,-0.963894975231911,-0.367490929903791,0.232370043032604,-0.573648085257991,-0.905751916506873,-0.548246753341323,-1.17376531728267,-0.74633402219577,-0.77689632987442,-0.513527807859149,-0.410458854850929,0.162473325310599,-0.376085254966847,-0.65323427697639,-0.751527203204582,-0.487170846083124,-0.605815007708669,-0.838746468088768,-0.512995918425756,-0.6002692007909,-0.494007793907488,-0.829580232182152,-1.18723863498533,-0.682378934286747,-0.597600263298091,-0.561688757941423,-0.775810477487309,-0.505226462944271,-0.914483551563009,-0.755650546229756,0.0331204479205284,-0.923820668091811,-0.543856568710744,-0.799784033987206,-1.57462752544392,-0.547914033241979,-0.69252288453592,-0.518860584787243,0.225232990194221,-0.574522884957265,0.0830339500941866,-0.783162489495666,-0.566224935388611,-0.60068195999903,-0.675382976552414,-0.653790722557568,-0.653851689833047,-0.569897592314005,-0.685835715519622,-0.647904522193843,-0.664556936026652,-0.569034714136114,-0.507817813873977,-0.536494698185429,-0.768897864954003,-0.585376536065427,-0.622528035985135,-0.454210725594474,-0.564900394388196,-0.574696478706447,-1.57250043000024,-0.785105315526192,-0.540641423031425,-0.665426753584578,-0.539307094691963,-0.348425147702436,-0.498591251333388,-0.523080667456721,-0.831156261607636,-0.622281704570721,-0.782401068500164,-0.789447035739829,-0.557501763870755,-0.505778909237946,-0.624275977269652,-0.743774131603622,-0.743846574768942,-0.846638841230125,-0.397363968993432,-0.323817164375476,-0.50314544745424,-1.14934390124832,-1.14684228042207,-0.625888537038413,-0.641289533744246,-0.56888790075037,-0.680264025007797,-0.470465254505972,-0.726381607522248,-0.604395814203172,-0.64437704550372,-0.609921532378848,-0.619881066592517,-0.61712009938149,-0.363912718313512,-0.421387307249072,-1.36294670268106,-0.530264405273805,-0.73145250418656,-0.569578522132877,-0.436105875668738,-0.631759280520507,-0.406700539566019,-0.673273035311341,-0.565998932195026,-0.685817859793634,-0.730817206313231,-0.520238954117215,-0.713193758009176,-0.991190188200663,-0.344789866784545,-0.495183843341153,-0.273686585594018,-0.74095518162433,-0.726611845001168,-0.553693741254614,-0.612887431730709,-0.536600271805562,-0.606291521024171,-0.553901067919841,-0.479383335875246,-0.621606511720135,-0.974570951392448,-0.48805352537329,-0.479413773403548,-0.543434400240448,-0.767155531633286,-0.617518100327603,-0.563722602978791,-0.524092166767868,-0.469274127030998,-0.71456688213729,-0.796606268568196,-0.598331963886002,-0.491698944574237,-0.703895512265653,-1.06891664350855,-0.683218747620856,-0.813165332182298,-0.94583725016588,-0.472351838475484,-0.494377357867234,-0.975604745971856,-0.766724197739351,-0.823990033085211,-0.150291278315025,-0.558717666256494,-0.379161949641383,-1.02737092254885,-1.06929549266992,-0.614835278634353,-0.623039723737013,-0.812575895131137,-0.441748500440315,-0.788012724473105,-0.515370748508433,-1.2541307915187,-0.750713194799017,-0.807101569604255,-0.557916730587529,-1.05244496011756,-0.575643008354943,-0.61899979002849,-0.46950194156598,-0.567597101091729,-0.623788878529261,-0.67680156571333,-0.514869524021752,-0.440109756196063,-0.797330693575754,-0.628134209307874,-1.11711648863016,-0.864582352823089,-0.559609290515974,-0.575080500923803,-0.624478446322977,-0.72921406656607,-0.465167799440612,-0.735980601657659,-0.870570227459186,-0.978836790500469,-0.528878550032712,-0.442246094950301,-0.590310521918287,-0.597626308220176,-0.535005976446535,-0.941335243056033,-0.86340182998155,0.186364935573037,-0.599446075410806,1.69208772855966,"Breast"
"HD-1",1.92050149637251,1.49299739439927,1.87211581630916,0.926319781677161,1.57123505086805,0.747239593932732,1.87047758228285,1.34657234433328,-0.59252289763766,-0.587392633752342,0.827266804742903,1.29599160573342,-0.642142611977996,1.50253141401145,1.80455725806162,2.05812245106281,1.2037132725457,1.86703659555257,1.41515137178415,1.51297673575534,0.0691731981323713,1.10996905469294,0.420934914916748,0.420827928989219,0.49241793452992,2.15468018274585,2.01239536821228,1.61668170270867,-0.59994073973799,1.60971119720274,2.6542062494606,0.726749059278538,3.12841937435296,-0.309529644846314,2.29599354836227,-0.175633772073848,-0.497006264132812,-0.559309350558077,2.06835343803351,1.60373361019672,1.76138349666639,0.569522718386131,1.1792432900956,1.24694870816945,0.855319648566946,1.20635992389165,1.74847419896528,-0.684422976084699,0.759857565189281,0.463848769415624,1.02144357173681,1.4516267554848,0.924543349010308,0.539289324745993,-0.559247717928647,-0.374389587264773,-0.457301332060047,-0.488378971130679,-0.535578881140264,0.463717981538245,1.06436964264986,-0.466862369479199,0.885453137085823,2.31161757363233,-0.742272368002153,1.75959661783252,1.79184050782419,1.98787879478786,2.08271025091728,2.2823641285646,0.561957240414362,2.53255917328411,1.52606342258273,2.51627862320696,0.31581489779755,-0.427209662751993,2.22223010114463,-0.726511286645635,-0.518709942838152,-0.310167173709315,0.230025387824344,-0.472497315307328,0.307180166120971,0.707835250710715,1.70441424207382,0.693392474501094,0.527528222590015,-0.510050775686776,-0.56503564513667,1.85204170256433,0.541298127545862,-1.04938131129347,1.64136783104513,-0.806924516606813,0.879889124064135,2.26099282392716,0.904825677054013,0.740037062358584,-0.580182792717566,-0.151378388668205,-0.504580611844278,0.476377091718909,1.62507063735341,0.994018258630659,0.629894291691143,-0.612012511430763,1.39010639963067,1.30880278283219,1.06943968183528,1.17802636218353,1.01062852167904,2.08159372976236,1.31357933181447,-0.592394335996418,2.99828075677019,0.985731675842584,-0.415332247460931,0.944980194093274,-0.556437840594048,1.23524768170132,2.42694973514034,0.562577792120893,0.821263857739275,0.476604816979158,0.188883876672118,-0.466481924852692,-0.543601388711284,0.0865608272387303,0.632795559574793,1.87513218063883,0.511821197369451,1.8624520072823,1.43899866960602,-0.563237817945086,0.816965134465872,-0.433250890230484,-0.330097552010734,0.671797781279719,0.858815120484957,-0.622774284236347,1.15087689239115,0.756004423278519,1.22212716467594,1.46229517119924,-0.922939115191811,0.482059228982388,-0.680795110743151,0.957259115405986,0.189719132431769,-0.360394763248112,1.41096863250272,1.61650523699579,1.98938609565777,2.47000887794259,2.27775577137676,1.75449932427189,1.40022416426368,1.2770643478965,1.5115330499864,2.13400929805405,0.623282844153999,1.8423492439659,0.560764151436003,0.693820721890596,1.98161494119415,2.52231079663234,0.874859359388616,1.33862536558163,1.18251006008423,-0.517026089783175,1.06995196012709,2.224637696764,1.43876434284454,2.90371749556254,2.07513973053631,1.44216558797757,-0.484444351416916,1.31748877910059,0.803886128028443,-0.399898634726296,-0.465400568692601,2.1866568483744,-0.484362586054275,0.681492981414626,0.968833460090824,1.15307991776197,1.07619270976209,-0.0573480506381467,2.77180853139551,1.89857046320232,0.652474224663523,-0.697113880119278,0.663171716251339,1.72653762361194,1.89567476970489,1.29972211732775,1.71326687409784,0.217103016177146,1.31789157191932,1.42628612174449,-0.440845057560506,-0.402800957411009,1.25362321420699,-0.574567391161672,2.55524774745109,2.75679375968793,-0.660262121385938,0.924281665130506,1.92266946682112,0.619284647637963,1.84304357121922,1.40887503159508,-0.387458469999575,1.7506962066596,3.03121407242519,1.3032146694501,-0.749562816960677,0.0761191520656136,0.784480351109616,-0.721727210801833,1.80232141850085,1.77185939796702,1.31281257773881,0.9220244313579,0.858033053125401,1.02169610928303,1.47392080938766,1.29228986169537,-0.547342081550196,1.17937761226481,-0.400497512029309,2.17291167007049,1.23278834824687,0.322262801337719,-0.431584442518366,1.07224985180128,0.597370638961069,0.598769365053824,1.53895823430943,-0.503796517211337,1.1450556647351,1.53272827515661,0.765645856174484,2.65069029552914,-0.557349591175902,-0.216864967227663,0.47832853074626,-0.670603752641226,-0.362836635108256,1.70576644359613,1.41265524496962,0.699749293582167,0.475586008666339,0.902592840272918,1.08654817819927,0.594518424457169,-0.58636397201414,0.931699975509182,-0.479183249951239,-0.185677396653545,2.16215469385316,0.975385143567467,1.04126484231565,0.44737712701117,-0.348694042499353,-0.453520463080941,1.92536792699438,-0.902316908801359,0.716829345662559,0.781240537623133,-0.605022983692602,0.901010661897048,1.46800637542629,1.08659630058183,0.398309994417607,-0.657270497541832,0.514120355820446,-0.495454091056586,0.345312754416046,-0.419839307586847,0.676068759946301,0.734326070596532,0.618548939648346,1.35684464754602,-0.418816240327903,-0.637586357654596,1.17960003144025,-0.0626117548385558,-0.504768109875833,1.56055822751211,0.856292487515559,0.145180996080353,0.294307970769153,0.194806836843381,2.91297715320515,0.996432170242403,1.57848276759023,1.4878441511142,1.41340948540321,-0.519450261471218,2.33168874016449,0.367917396761388,-0.60699609384901,2.0501048920079,1.92931339972629,0.797071331014569,-0.492093429498443,2.44686941266467,4.14704608307126,-0.426152405790388,0.879645120687036,0.243406189384116,0.574174330579456,1.92728473762987,3.63644539581438,0.409059390826849,0.968241911583761,0.844946882978335,-0.742946755276486,0.613147768323444,1.19876659002284,1.00925111514041,2.05074968732389,0.751905688625825,2.04435850462898,1.32756209531659,-0.230758420659053,0.754786720698093,3.1318343927741,1.21945933603404,-0.504623527225731,1.05216902690261,0.825184881711067,0.0349643618021535,0.877115464853376,1.15183575270294,-0.561253030076281,0.433269311720335,2.58857864234309,1.3886615476568,2.60799165976481,1.69989833983469,-0.940150205056253,1.52098935073033,3.45577167060205,-0.414352476826801,0.773594523214092,0.468622035960611,1.51483891406501,2.53831253278915,-0.796259557655844,-0.77458771809739,0.719880942837835,1.56632133818966,2.10901364189433,2.12243757050734,0.666723937049601,0.17906218996963,0.751565493032257,0.760868582114839,0.523466575547245,2.32386106725829,-0.505215183084722,0.860461081972172,-0.603032598624489,0.799853995305999,-0.598204255115836,1.07683183868118,-0.606204342383374,-0.63129034137311,1.8510550247497,1.30425207755904,0.864678234568736,-0.675677485964019,2.40889549932621,-0.764417769029699,-0.735411990123146,0.83538355238029,-0.889325548542612,0.568450602244209,1.7850293591773,-0.672522450531549,0.862619786126242,0.579290238155228,-0.538722496195877,2.69435164974509,1.84110908447492,1.39545518538321,4.47200261087396,0.205973771522237,4.12911519796783,1.40440671923455,0.549460726177528,0.191395223833103,0.598887700633387,0.627054315793631,1.90722624589797,1.61112957097883,0.733481818099102,1.5370803373041,-0.580755287411444,2.31684914839257,-0.689391508662824,1.34497686294698,-0.591226315601407,1.30272991372245,-0.508516510850491,-0.839734362004915,-0.521979735973987,1.59301208984927,1.78709452121607,0.629337684529399,1.18050644688704,0.130915512349703,1.41246736952753,0.698010797565866,1.34874311359876,-0.0980898520674299,2.12617869888079,2.05079166675927,0.19984391619421,-0.495614760728454,0.603639393289166,3.18584755714162,1.37019980391843,1.81266195473652,1.28929883350336,1.01485196018907,1.62902685787599,0.0858784306128179,0.245856886126656,-0.55321502257966,0.731401189109973,-0.392786433490695,1.67324217929596,0.108998950067627,-0.485816253127067,0.371080156697729,0.802779098662925,-0.608508425207776,0.842840527947718,2.36992932085632,0.813100181260104,-0.609571261310305,0.56910560333187,-0.4791466881953,0.946394517654579,0.891850673265816,2.91258526386963,2.66203998375857,0.782887645650744,1.61568782909128,0.0393756814386824,0.31683913577714,1.47033274898703,2.5259973714122,1.10131505285823,1.29927840522247,1.15696084093155,1.59398105741093,0.17855886741902,1.15507378116462,1.95381210235065,0.2210787520972,-0.384272493327475,0.0410879278009387,0.895787386316137,1.36157511169694,-0.67319351540593,-0.620494342313918,1.25734582711221,0.558953483333827,2.85621312679825,1.71650161605454,1.85297076393069,0.857752797520173,1.22659419057654,1.50376427875986,0.385644533209273,-0.571646636129868,1.43628690539507,1.28690156636561,1.060554480298,0.157126939805433,-0.367490929903791,0.781283914095238,1.71162371965623,2.40335548458623,-0.548246753341323,0.37201331191691,1.52341204334657,1.29668724210645,1.06360800542383,1.49546429262137,-0.702854463496712,2.02058369351486,2.52967258603146,1.94143341638133,2.56402028562634,2.67560319610579,1.15303406762602,2.51551146374674,2.20617234922818,0.929546627394656,0.371559762664376,1.07686059811762,-0.682378934286747,1.67165478369545,0.747425645508506,1.03937325787803,-0.505226462944271,0.803880593312042,0.81012516491664,0.481365858728953,0.537966339478765,0.907466477267376,0.374737622205203,0.869440300259068,1.12202668859056,0.387499071941955,0.789344359623285,1.05291605768571,-0.574522884957265,-0.766028616235394,1.07813401608296,0.553344670395886,-0.60068195999903,1.22792991237817,-0.653790722557568,0.283917068724348,-0.569897592314005,1.85668627394997,1.60036383396601,0.398615645972299,1.61648511437323,0.82515163540667,0.648316814141234,-0.768897864954003,1.40667920710608,0.605278950790866,-0.454210725594474,-0.564900394388196,0.64040446972342,1.42981980946795,0.636024608297323,0.943926686868958,0.903950481071696,1.15364428302196,-0.348425147702436,1.44639226107901,3.52915962111769,0.032536052347891,-0.622281704570721,0.25137330701516,0.12548310236272,-0.557501763870755,1.01368501200182,1.30167340195111,1.4181309637854,0.599501535886129,-0.370790491326309,0.738089083900734,-0.00214561909856528,0.304687226971004,1.66380015858441,1.85267592829986,0.356632822175095,0.28271339028548,-0.56888790075037,-0.680264025007797,3.07925561442322,3.10327189332105,1.63193555551061,0.593916547141537,-0.609921532378848,2.7227865653142,-0.61712009938149,-0.363912718313512,0.609331618204758,0.727927807402991,0.198958714648491,2.8498119499148,-0.569578522132877,0.801569071859487,0.543208457168065,-0.406700539566019,-0.673273035311341,-0.565998932195026,1.35357449040101,0.818814154043484,2.08090665783253,0.210163925011612,0.876917466602573,-0.344789866784545,-0.495183843341153,0.310074016164478,0.244383738605252,1.97783861447427,1.22911547661519,-0.612887431730709,1.40532864989292,1.46606954060182,2.73249006085469,1.10197527477169,1.05274245886337,1.52312949889711,-0.48805352537329,2.28011377629527,-0.543434400240448,1.6927067223395,0.98852671855789,0.989862795094263,0.866330606281393,1.10439989187605,0.28138477170494,0.887152978542726,3.28304421547642,1.74291704314396,3.63798177308512,1.42023204662577,-0.683218747620856,1.42930792904036,-0.00963951000843366,1.30214844201847,-0.494377357867234,1.55479557203862,1.33649280280389,0.614400158021275,0.919085458863355,-0.558717666256494,-0.379161949641383,0.549709524611466,2.88005932071362,2.09682597249886,1.76760649936608,0.930335707560435,1.50145597313759,1.14110614819556,-0.515370748508433,2.20747933767459,0.991844296783978,0.917236506020811,0.560260438774961,1.12980083400457,-0.575643008354943,-0.61899979002849,-0.46950194156598,0.756010182953075,1.91525165090319,2.2773930191053,0.706056191833278,-0.440109756196063,2.35010802390359,-0.628134209307874,0.526299617942905,0.920631552074223,0.64604924769684,-0.575080500923803,-0.624478446322977,-0.72921406656607,-0.465167799440612,-0.0374089200035965,1.04765563202234,1.02460674090241,0.551870059069343,-0.442246094950301,-0.590310521918287,0.8930528527677,-0.535005976446535,1.18145925905368,0.732735648762437,1.12330818011807,-0.599446075410806,-0.518950740640203,"HC"
"HD-2-1",3.66097736301863,-0.665330012844802,-0.874316134855906,0.610466015948691,1.26688310654762,0.68210921876282,1.21939017320399,0.645456144876533,-0.312549776940081,-0.587392633752342,-0.5360100599205,-0.427166054873635,-0.642142611977996,-0.0724101179668598,-0.522805082503363,1.28672365465202,-0.57729235363827,-0.033469163469837,-0.496697729346053,-0.533225338772386,0.565135146727103,-0.756759621065685,0.103531651937679,0.97894395341757,-0.0201652410359128,0.74035458112983,-0.671018873252328,-0.886090803404096,-0.59994073973799,-0.13018662896792,-0.449126948447106,2.06261463223765,-1.24614815954864,-0.309529644846314,1.25577359090793,-0.964466112786827,-0.497006264132812,-0.559309350558077,1.07867880826133,0.840070199732988,0.743598338082855,-0.985369683958035,1.43325733009822,-0.536928301917431,-0.535926408238852,1.19730216285153,0.965394795427908,1.46567936204925,0.818978981187733,-0.068239860094142,1.35180498211233,1.95274780917203,0.634306148286122,0.361894133714652,-0.559247717928647,-0.374389587264773,-0.457301332060047,2.38142839774137,-0.535578881140264,1.74600723568574,0.260978160644907,-0.466862369479199,-0.78169417422122,-0.361091310062088,-0.742272368002153,-0.597562997079172,0.525309279526152,0.605818759714892,-0.10982738631021,0.364655362845778,1.47848871396344,-0.950184227790595,-0.62582241159886,-0.811355606421236,-0.594144064245794,-0.427209662751993,-0.0247303384891564,-0.726511286645635,1.08356225955683,-0.310167173709315,-0.824570369406007,-0.472497315307328,-0.509116236681094,1.02006827424106,1.70640422173369,-0.539991255188735,1.70702681530438,2.43649908668709,-0.56503564513667,0.86910825603727,1.33283029905732,-1.04938131129347,-0.439395440768505,0.921704415881199,0.32675060099654,-0.386236372075434,-0.370292957722169,1.0767698687499,0.44322950502365,-0.893144250525708,2.72848516356437,0.814761382817648,-1.00272583549808,0.787307338052362,0.279595392893554,-0.612012511430763,-0.949267944187187,0.469885792034255,-0.877494153250386,0.13893517100781,-0.699577466702064,1.19731003640629,0.287666380026818,-0.592394335996418,1.42632693501967,0.0297810473953287,-0.415332247460931,0.804213222145251,-0.556437840594048,0.499168756758393,3.27067378299489,0.819903270982435,-0.434538970011261,2.71896525777428,-0.0309079540932067,-0.466481924852692,0.640662025503901,1.84888355441792,-0.467269611423203,0.913227310556862,0.788389419260781,-0.42618686188652,-0.515214523200561,-0.563237817945086,-0.652232400369068,-0.433250890230484,-0.434676801743611,-0.628682208598634,0.6559849182059,-0.622774284236347,0.270513621690379,-0.521167552986871,-0.0098381330824785,1.00792436043211,-0.156983876076941,-0.290189883191927,1.46355557642743,-0.630959826187288,-0.445041103063912,-0.360394763248112,-0.296730485533508,0.692533694578467,-0.544945209809633,0.722066314361618,1.74736369853865,1.48992966824401,1.14729060925127,0.461664787816624,0.982663629955714,1.15881165801696,0.429850002638986,0.405591732909729,0.889132283496022,0.932160360423557,0.807919351230704,1.00351546554919,-0.832999110597407,-0.533884030225674,0.777435363641186,-0.517026089783175,-0.717586015732752,1.03168792296237,0.579939902944304,1.25865957863966,-0.529739447900487,1.01174497369738,3.37795163770756,-0.724735509236815,-0.42367195956805,-0.399898634726296,1.90433899650874,-0.429269171206057,-0.475116460936119,1.64061280613452,1.65447879826363,-0.567826653865324,-0.388287405092906,-0.448206174890422,-0.547273332987266,-0.551980064673498,1.006499195879,0.675023621967617,1.03879732919476,0.677988146798381,0.680624505071137,-0.16457267715772,1.42308821836727,2.0133405629185,1.35518185058601,1.01379445922749,-0.440845057560506,-0.402800957411009,-0.650780299131987,-0.574567391161672,0.850288680361545,0.323329955666126,-0.660262121385938,1.33386670718189,0.917797226203572,-0.00837766792160627,-0.490191614502914,2.51228946609139,-0.387458469999575,-0.67265289501153,-0.288789215377466,0.847951590437359,1.4167145905897,-0.253941018306842,-0.826299878399175,-0.721727210801833,1.0798292493613,0.0414692295675665,-0.311913840382224,0.460020414637274,1.24932513339108,-0.657239406583379,0.586775471578234,0.730063458088042,-0.547342081550196,-0.66549608966086,-0.400497512029309,0.825553682434211,0.429039868975497,0.902515511744494,-0.431584442518366,-0.21669656799816,-0.631943764721935,-0.579507915169398,0.738147895899557,-0.503796517211337,0.699872641991916,0.665800360334513,0.463976704370403,0.623130831259388,2.52180441747612,0.00572627427761149,0.13169000086048,-0.670603752641226,-0.362836635108256,0.560025303151589,1.05371141324276,0.91099416726969,0.507060459929455,-0.680703938055349,0.317377054582784,-0.798624539569438,-0.58636397201414,2.07845783242544,-0.479183249951239,-0.258563210824813,1.52781628043998,2.06787301261583,0.500360719252633,0.642502991169415,-1.09491872168078,-0.453520463080941,0.879653611976028,-0.902316908801359,-0.632054548348183,-1.00035456820405,-0.605022983692602,0.405603682876729,-0.478901875787801,0.23260896405251,1.22942750133672,-0.657270497541832,0.763337365498837,-0.495454091056586,-0.625430816380737,-0.419839307586847,-0.73139551936346,0.365331171427156,-0.513248218781385,1.82663379889317,-0.418816240327903,-0.637586357654596,-0.419171849570317,0.301432571375866,-0.504768109875833,3.49793497783193,0.23768823637058,-0.924514780586802,0.244937860606032,0.942904248160218,1.64613505854439,0.407859393675415,-0.404812961836128,2.3087328968189,-0.800640494297979,-1.00352564046401,1.19799030353367,-0.0116112412906391,-0.60699609384901,0.902910684985485,0.984549583968715,0.530320417247919,-0.492093429498443,0.92733822144243,1.78092518054099,-0.426152405790388,1.34008865836881,-0.826222229547082,-0.627488378610812,-0.429499750025505,3.01977952222651,0.511191924214998,0.392570577628609,-0.455236351660987,-0.742946755276486,-0.582032151080456,0.10123940860624,0.952704011423075,0.411506553489132,-0.154524993660948,1.26959538056076,0.765776818586281,0.228513102559249,-0.79167821863407,-0.809608919621213,-0.965937838928799,-0.504623527225731,0.925407575781025,0.64176676243484,0.210938316081396,-0.466764426657629,-0.836854594027651,-0.561253030076281,0.0699117501088608,3.58603131592078,0.556777005633359,0.459652921291807,-0.799233124164901,0.562677770530042,-0.477833002749308,-0.375406210731303,-0.414352476826801,-0.867875810443468,1.09598689277329,-0.618950848071241,1.9274445143929,-0.796259557655844,0.368691751320207,1.01850408245757,0.744624074248991,-0.558555906049502,1.56263167113337,-0.710284973869927,-0.614764475187905,0.57700269118132,-0.0549160267528392,0.0268655732815491,-0.747997090271536,0.0695277174192784,-0.566010699037032,-0.603032598624489,-0.730318235371536,-0.598204255115836,1.75560627321753,1.96879579004184,-0.63129034137311,-0.386808567195655,1.09798267437595,-0.103513144663051,-0.675677485964019,0.716607365889202,0.60191470177061,-0.735411990123146,0.373439459841789,0.342681962235836,0.16614260025611,-0.388200013230897,0.999037904066912,-0.689569785356508,0.433447584396946,-0.538722496195877,-0.7995406586986,-0.574547412051676,-0.819944378140991,-0.380430093207073,0.978243035393623,1.84791667695284,-0.543996565944918,0.869026142865656,-0.0566303094942226,0.904385179426083,-0.658091677882378,0.945125287347865,-1.08773769552895,2.45719765876957,-0.775032802607551,-0.580755287411444,-0.0482079133195567,-0.689391508662824,1.27816799977399,-0.591226315601407,1.09156066436382,1.98494427833499,1.22963797390596,-0.521979735973987,-0.223318002837057,1.97097653026843,-0.524254694445744,0.434059280379089,0.346566142497581,1.1701891245041,-0.588297561945064,1.12427510983103,-0.85534945010494,1.80061761255927,0.371377050032738,0.218527688532639,-0.495614760728454,0.581308282893352,0.535227402378769,-0.997877754173032,1.13366930949477,-0.593681714206644,1.04903708579479,-0.598637045425795,0.721502107830681,-0.694758292889573,-0.55321502257966,0.162775341924775,-0.392786433490695,0.296343304328636,-0.426013600239568,-0.485816253127067,1.15084071437741,0.833990841242143,-0.608508425207776,1.94245804406976,0.554187249964638,0.635669837456965,1.64091707426712,-0.99456836848483,-0.4791466881953,-0.527848653802147,-0.581450107692442,-0.623221682356157,1.25598909099535,-0.456566211138298,0.553668209271671,-1.46393408399269,1.3476265288063,-0.441282341989839,-0.342057018714065,-0.693610145686299,0.415915122621276,2.04789939104451,0.811693772073933,0.412885640013601,-0.837555726474759,0.309618222926857,-0.785445256160296,-0.384272493327475,-0.777454081363004,1.29268509318854,0.528863219167251,0.847232301099125,0.874016141636554,-0.601887066668739,-0.600466657719567,0.762886648855827,0.938388671035897,-0.309452295291567,-0.855651382052597,-0.523097658370169,0.978160273106315,-0.336345057210426,-0.571646636129868,-0.71593825275176,-0.777414105828957,0.771698672363875,0.989013822307265,-0.367490929903791,0.950913321941162,-0.573648085257991,1.94093590960772,-0.548246753341323,0.0604952090420566,1.05638506627429,1.62392097987744,-0.513527807859149,-0.410458854850929,-0.702854463496712,-0.376085254966847,1.23731503066522,0.101875094545131,0.81215401992395,0.96919795721107,0.0582183098904914,-0.512995918425756,-0.6002692007909,1.27986808844236,0.661969344317341,0.430211844794727,-0.682378934286747,1.04559222241156,-0.561688757941423,-0.775810477487309,-0.505226462944271,-0.914483551563009,-0.755650546229756,-0.800938882071613,-0.923820668091811,1.26462149874818,-0.799784033987206,-0.0517915093975716,-0.547914033241979,-0.69252288453592,-0.518860584787243,1.08641644696295,-0.574522884957265,-0.766028616235394,-0.783162489495666,-0.566224935388611,-0.60068195999903,-0.675382976552414,-0.653790722557568,-0.653851689833047,-0.569897592314005,-0.685835715519622,0.766465071109998,1.19960521583746,-0.569034714136114,-0.507817813873977,-0.536494698185429,0.561575768149476,-0.585376536065427,-0.622528035985135,-0.454210725594474,-0.564900394388196,-0.574696478706447,1.26471648900687,0.662898405734017,1.30926296169111,2.05184786336966,0.95726249798047,-0.348425147702436,2.86902120790446,-0.523080667456721,1.74225538779042,-0.622281704570721,1.42669118305569,1.16568468997135,2.38017788339301,-0.505778909237946,-0.624275977269652,0.716350538175503,0.228886536057515,-0.253689320706529,-0.397363968993432,0.222288175280177,0.0203975546078034,0.987324959912457,1.58798450642116,1.47368016289645,-0.641289533744246,1.58216994651029,2.02004478784253,2.11117936081958,0.904445111303754,-0.604395814203172,-0.64437704550372,-0.609921532378848,-0.619881066592517,1.8944734700114,-0.363912718313512,-0.421387307249072,-0.274490399506206,-0.530264405273805,1.84748876626225,1.00361558878693,1.10614758985083,-0.631759280520507,1.40938833402743,-0.673273035311341,-0.565998932195026,-0.685817859793634,-0.730817206313231,-0.520238954117215,-0.713193758009176,2.06724160325003,1.85579585328254,-0.495183843341153,0.333701668066181,-0.74095518162433,1.49946686061495,1.02231021262321,-0.612887431730709,-0.536600271805562,-0.606291521024171,0.926069760350348,1.48108827679611,-0.621606511720135,-0.974570951392448,1.59733832145719,0.286121565909673,-0.543434400240448,0.867236717206534,-0.617518100327603,-0.563722602978791,-0.524092166767868,-0.469274127030998,0.526477782049947,-0.796606268568196,1.17724881076319,1.12641101813355,2.68118608670945,0.104698304064795,1.24762057370292,-0.813165332182298,-0.94583725016588,-0.472351838475484,-0.494377357867234,-0.975604745971856,1.09748440967261,1.1603293781909,-0.926108184691356,-0.558717666256494,-0.379161949641383,0.921694383798826,0.565648254217125,-0.614835278634353,-0.623039723737013,0.283877367625255,1.27604491393922,0.033486818670101,1.88971976921358,0.858917570330631,0.633292575944574,-0.807101569604255,-0.557916730587529,0.275533022029135,-0.575643008354943,-0.61899979002849,-0.46950194156598,-0.567597101091729,1.22280710829265,-0.67680156571333,-0.514869524021752,-0.440109756196063,0.422118900988586,1.18439552845575,1.41052013236369,0.258482986646753,-0.559609290515974,3.07211489101385,2.11845389288264,0.454882955966032,-0.465167799440612,1.17290646660217,0.652958076160962,-0.017225273633739,2.69126248375352,1.79660749475409,0.681401058351544,1.25661979768672,0.941609866405978,0.401876845392295,0.292378836764777,1.16123086412085,-0.599446075410806,-0.518950740640203,"HC"
"HD-3-1",-0.555592417576326,1.40513497308945,-0.874316134855906,0.0421634780416331,0.771375110929949,0.267378015311472,-0.489483674713921,0.123006240911948,0.0376106844391451,1.96300835363473,-0.5360100599205,-0.427166054873635,1.51714610405916,0.776096517129836,-0.522805082503363,0.985977915062417,-0.57729235363827,-0.951756607893985,-0.496697729346053,2.7124486055636,-0.892044314129933,-0.756759621065685,-0.72953949609161,-0.423906917886928,0.625975593095288,0.966888201701285,0.912205922426104,-0.886090803404096,1.60240980329898,-0.572265270403078,-0.449126948447106,0.625998581761478,0.0519883056796899,-0.309529644846314,0.854964787032953,-0.0631570859411841,-0.497006264132812,-0.559309350558077,-0.326742254372635,-0.97766678067334,0.970063456803367,0.6041276188879,1.15967708230781,-0.536928301917431,1.05369227857755,0.429526200240595,1.05910671598164,-0.684422976084699,-0.894666522630992,-0.125514522887368,2.84458994876775,-0.722133608031586,0.502562913061535,-0.518695829899336,-0.559247717928647,-0.374389587264773,-0.457301332060047,-0.488378971130679,-0.535578881140264,1.56980736090892,-0.940150463465516,-0.466862369479199,-0.78169417422122,-0.361091310062088,0.275380746918571,-0.597562997079172,-1.01277899053072,-1.41989396139844,0.474048584018628,0.767469283216943,-0.138747148486102,-0.0609701938053122,1.57395470758146,0.806929302082485,-0.594144064245794,-0.427209662751993,1.15100339072168,-0.726511286645635,1.55023046923746,-0.310167173709315,-0.824570369406007,-0.472497315307328,0.761827621868388,-0.572367111065056,-0.632421218362915,2.24348039025984,2.77705575444904,2.19591611819542,-0.56503564513667,0.556308446091687,-0.302415085256826,-0.234272591663183,-0.439395440768505,-0.806924516606813,-0.824109659368058,-0.386236372075434,-0.370292957722169,-0.652696741503466,-0.580182792717566,-0.893144250525708,-0.504580611844278,-0.210211243983525,1.2118874234665,1.07107803294378,0.48868218433809,1.17721267964584,-0.949267944187187,0.291584301748867,0.0235918357616056,0.290803208644639,-0.699577466702064,-0.848866007382096,0.691146661477424,-0.592394335996418,-0.563564816816346,0.537022846801236,-0.415332247460931,-0.35368459965161,-0.556437840594048,-0.749289324826282,1.59371009853732,0.457802815402252,-0.434538970011261,-0.540935274554197,0.818920765222026,-0.466481924852692,-0.468047087107124,-0.71314737154191,-0.467269611423203,-0.781783811545767,-0.612032059829267,-0.42618686188652,-0.515214523200561,-0.563237817945086,2.92952977451329,-0.433250890230484,-0.203151799695226,-0.628682208598634,1.79581136449876,0.165393148245298,0.0246467698001514,-0.521167552986871,-0.507806095007465,1.99681395130739,0.0661036614831193,-0.0495728879593318,1.42217815615727,-0.630959826187288,-0.445041103063912,-0.360394763248112,0.693834726279376,-0.0445142719201991,-0.544945209809633,1.3291528183081,0.0805880643475976,-0.435898142670396,-0.803191037428762,0.552217769028744,1.19560209514108,0.037597219061427,0.23329754468466,0.731564172304993,0.104382059557864,0.539799600599061,0.678882750251868,-0.440422043770802,-0.0235990605742174,-0.533884030225674,1.1437659691943,-0.517026089783175,-0.717586015732752,0.793389002072637,0.196846216624937,0.208999411571099,-0.529739447900487,0.0797539191134352,-0.484444351416916,1.29859028985015,-0.708125771576597,-0.399898634726296,2.18686785602317,-0.659554194522494,-0.516138862609797,-0.59156966366512,-0.686166850667112,-0.567826653865324,-0.388287405092906,-0.323935621916052,-0.547273332987266,0.861593072138641,1.28257077595899,1.57539099045861,1.83099644590901,0.769728514286387,0.362255688404188,2.05507155608785,-0.889556386155257,-0.938444320238906,1.18973559386336,1.91153855220128,-0.440845057560506,-0.402800957411009,0.201063830715443,-0.574567391161672,-1.05821758281397,-0.202147447846725,-0.660262121385938,1.92577329294209,0.114874324366236,-1.07295113119153,-0.490191614502914,1.177573205491,-0.387458469999575,0.952566279355177,-1.24706496093846,0.728992652325157,-0.749562816960677,0.692311423345748,-0.826299878399175,-0.721727210801833,-0.876317725753786,-0.875446007171464,-0.969552848986112,-0.752576497540583,0.167366583564056,-0.657239406583379,1.6370934189535,-0.769269638931583,1.0079936703932,-0.66549608966086,-0.400497512029309,0.485623505512126,-0.961280804736148,0.763317527641356,-0.431584442518366,1.37910427779275,0.772654033422866,-0.579507915169398,-0.620100662679788,-0.503796517211337,0.163103151384916,2.73262679744669,-0.189228420099569,-0.343542372570896,-0.557349591175902,0.638642510052895,1.46906891814007,-0.670603752641226,-0.362836635108256,0.302087746589291,1.09783960569567,0.172723968131331,-0.676254029987408,-0.680703938055349,2.77483521653907,-0.798624539569438,-0.58636397201414,1.14873330669056,-0.479183249951239,0.332510796727384,-0.654451544220782,2.72307410453994,-0.942110585579901,-0.873831727472401,-0.397190286448932,-0.453520463080941,-0.475498315316322,-0.902316908801359,2.19109219036582,-1.00035456820405,-0.605022983692602,-0.915536831645335,-1.08443220697467,-1.52152170269417,-0.704852117823712,-0.657270497541832,-0.49858944200454,-0.495454091056586,-0.625430816380737,-0.419839307586847,-0.73139551936346,0.0225373454885165,-0.513248218781385,2.2513046976774,-0.418816240327903,-0.637586357654596,-0.419171849570317,0.61455244972344,2.50729742273908,1.16953089711509,-0.290399517174085,1.72134268148603,-0.460787203506652,2.44062060544154,1.15988408455226,-0.816725390488356,-0.404812961836128,-0.831170933594364,-0.800640494297979,-1.00352564046401,-0.763076391897337,0.750059814666025,-0.60699609384901,1.33339381798865,-0.972280070282039,0.975386301556967,-0.492093429498443,-0.651225204198202,3.28757167634757,-0.426152405790388,0.0209317669527717,0.173892325547835,1.2872486672649,-0.429499750025505,-0.464375891526999,-0.886517603314692,-1.06964048874916,-0.455236351660987,-0.742946755276486,-0.582032151080456,1.5224043354581,-0.755829565716357,-0.638092891655886,-0.609086070753664,-0.796526001879866,-0.708710560777974,0.466009467882546,0.970274594970172,-0.809608919621213,-0.965937838928799,-0.504623527225731,-0.863563219649252,0.589478446522504,0.470461880528649,-0.466764426657629,0.454096998012267,-0.561253030076281,0.347676306584105,-0.444598034495984,0.875923252398564,-0.869130914118606,-0.799233124164901,-0.940150205056253,-0.477833002749308,-0.466461457792637,1.3045584776882,1.74765351698151,-0.747265772882252,-0.618950848071241,-0.430499440370047,1.01638689632009,-0.77458771809739,-0.493593930889384,0.149063051499373,-0.558555906049502,-0.598213055580144,-0.710284973869927,1.17672503507397,0.338877639329688,-1.13688436302446,-1.10386469962424,0.169609338356264,-1.01074181138039,-0.566010699037032,0.375621248289396,-0.730318235371536,-0.598204255115836,-0.71157305436993,-0.606204342383374,-0.63129034137311,-0.386808567195655,-0.473937637058681,0.509669120116264,-0.675677485964019,1.02187234275883,-0.764417769029699,-0.735411990123146,-0.0557035532662037,-0.889325548542612,-0.528416236291417,-0.388200013230897,0.416736549832867,-0.689569785356508,0.945909589863912,-0.538722496195877,-0.7995406586986,-0.574547412051676,0.457984509543566,-0.380430093207073,0.614124487375648,0.269228023897068,-0.543996565944918,0.734822768162707,0.00810610806347876,-0.653697914574418,-0.658091677882378,-0.719112826150793,-1.08773769552895,0.952429047881038,-0.775032802607551,2.12864096406961,2.24381836622691,-0.689391508662824,-0.740417895485083,-0.591226315601407,2.39681184769599,2.7007901060733,0.123125471703999,-0.521979735973987,-0.61052131080658,1.34931102956351,-0.524254694445744,-0.831984299900153,-0.745395082740569,-0.719523549783808,-0.588297561945064,-0.589188609091841,1.10387384729512,-0.794015296702858,-0.147781188356433,0.135633156623101,-0.495614760728454,-1.18836044397162,-1.05758031450463,-0.997877754173032,1.65350837775518,0.656550895100009,-0.792912836073741,-0.598637045425795,-0.757800053491713,-0.694758292889573,-0.55321502257966,0.390652497908037,-0.392786433490695,-0.0722161255940734,0.743289672198241,-0.485816253127067,0.0786377598846068,-0.847748388510819,-0.608508425207776,2.24757101541165,1.55736471063651,-0.716476224852673,-0.609571261310305,-0.99456836848483,-0.4791466881953,-0.527848653802147,-0.581450107692442,0.331557675636748,0.761237842401256,-0.456566211138298,0.655456460589378,-0.139864758909762,-0.781460697748757,-0.441282341989839,-0.742506796793153,-0.693610145686299,0.913189318323812,-0.569755773406841,-0.0171284628800288,2.21807003733776,-0.837555726474759,0.208326617170286,-0.785445256160296,4.86962478838866,-0.777454081363004,-0.395058797255111,0.410256235416237,1.72129552831605,-0.620494342313918,-0.601887066668739,1.67482782689238,0.181915524515665,0.779789037915,-0.69871053666764,-0.855651382052597,-1.13130195465131,0.958329053524939,-0.354598467982808,-0.571646636129868,1.19723959921626,0.995436801772862,-0.877809728241419,-0.0552245501875168,-0.367490929903791,1.47855616189663,-0.573648085257991,-0.905751916506873,1.47595940749807,-0.599475294889288,-0.74633402219577,-0.77689632987442,-0.513527807859149,2.0890227609551,-0.702854463496712,-0.376085254966847,-0.65323427697639,0.350431938902101,-0.487170846083124,-0.605815007708669,-0.838746468088768,-0.512995918425756,-0.6002692007909,1.79651655864266,-0.829580232182152,-0.234831648243496,-0.682378934286747,-0.597600263298091,-0.561688757941423,1.60467290237664,-0.505226462944271,-0.914483551563009,-0.755650546229756,-0.800938882071613,0.0467542998483188,1.11440526298202,0.542208321441706,0.166706859425567,-0.547914033241979,-0.69252288453592,-0.518860584787243,1.301621611311,1.34092022698275,0.292070343431598,0.180168302588088,-0.566224935388611,-0.60068195999903,-0.675382976552414,-0.653790722557568,-0.653851689833047,-0.569897592314005,-0.685835715519622,1.17840589174411,-0.664556936026652,-0.569034714136114,-0.507817813873977,-0.536494698185429,0.949081553658085,-0.585376536065427,-0.622528035985135,-0.454210725594474,-0.564900394388196,-0.574696478706447,1.25086513252604,0.158474784112349,-0.540641423031425,1.62639188203766,-0.539307094691963,-0.348425147702436,0.792809137661109,-0.523080667456721,2.18019862938922,0.565879459053927,-0.782401068500164,0.255939607079124,2.1441669740537,1.22864203271175,-0.624275977269652,0.596121155612126,-0.743846574768942,0.087185824834555,-0.397363968993432,-0.922357934814868,0.639123694428873,-0.25592121825754,-0.385729534658704,-0.625888537038413,-0.641289533744246,1.05077576390783,1.4378899982079,-0.470465254505972,0.768984994149481,-0.604395814203172,0.77048025094983,0.787254049314999,2.51241610386338,0.725800346901103,-0.363912718313512,-0.421387307249072,0.158845819719905,-0.530264405273805,2.29692694048861,1.18708389726345,-0.436105875668738,-0.631759280520507,2.88239530955603,-0.673273035311341,-0.565998932195026,-0.685817859793634,1.41436697434906,-0.520238954117215,0.765103702871007,-0.105843740693911,2.48756039240132,-0.495183843341153,0.228872562410429,0.384879571173158,0.463647058842414,-0.553693741254614,-0.612887431730709,-0.536600271805562,0.769683063871643,-0.553901067919841,0.432805997194628,0.735576046768986,0.700511957972807,0.870875473030918,0.193562615671504,1.59124043822134,0.463478847919079,-0.617518100327603,1.20964694654404,-0.524092166767868,-0.469274127030998,-0.71456688213729,-0.796606268568196,1.03227434451822,-0.491698944574237,2.42253638450944,-0.381268223994483,1.08863167074372,-0.813165332182298,0.357532506039637,-0.472351838475484,0.734964545634957,2.55601500874597,0.945273565937713,1.16720088013376,0.0392705945055584,0.966630581944366,1.94652403090138,-1.02737092254885,0.929587592749594,-0.614835278634353,-0.623039723737013,0.192803505692157,-0.441748500440315,0.27275185770595,1.69168014017389,0.765159969919891,0.51933096518306,-0.807101569604255,-0.557916730587529,-0.434549071171097,-0.575643008354943,-0.61899979002849,-0.46950194156598,0.944738450503383,-0.623788878529261,-0.67680156571333,-0.514869524021752,-0.440109756196063,-0.797330693575754,1.96964445124966,0.953669299321752,0.904111404907182,0.817959639787459,2.28582250251156,1.18212011735994,1.66356345338096,1.10309297558034,1.80924527484088,1.09034669855994,-0.978836790500469,-0.528878550032712,-0.442246094950301,0.575769848327092,0.610678407905335,1.79048759194348,-0.0564301688403532,0.196377107877966,-0.882104756219481,0.72550161471481,-0.518950740640203,"HC"
"HD-4",-0.555592417576326,0.162601223378534,-0.874316134855906,0.860107399794356,2.23617762302946,1.11462315490425,1.78821037058714,1.26382144387798,-0.728745378698845,-0.587392633752342,-0.0733944817885265,-0.427166054873635,-0.642142611977996,1.38434419686496,-0.522805082503363,0.424055989762136,1.52117929512326,1.13195766048029,1.10337186183179,-0.533225338772386,-0.892044314129933,0.240788946829961,0.0591661001282959,0.268217306166922,0.35703072049996,1.38159093299372,0.156610659910073,1.5891093211952,-0.59994073973799,-0.153729711592748,-0.449126948447106,1.72373445727351,-0.00199622910135984,-0.309529644846314,1.28918745672097,-0.0338583074060429,-0.497006264132812,-0.559309350558077,1.39467270415677,-0.97766678067334,0.548676512200609,1.15685585434392,2.20705634207741,0.956038562755063,-0.535926408238852,0.54349145478103,4.37353015311467,-0.684422976084699,0.213395295234219,1.48303879403096,0.556889669721366,-0.722133608031586,0.937877698374752,0.732697060658785,-0.559247717928647,-0.374389587264773,-0.457301332060047,-0.488378971130679,-0.535578881140264,0.192333824570833,0.99679892289063,-0.466862369479199,0.361215569419555,-0.361091310062088,2.14204762638831,1.5164082578832,1.91639377552487,-0.0854694330162545,1.40262431282118,2.04735950476505,-0.114311362102902,-0.950184227790595,3.3213570966652,1.10861641887864,-0.594144064245794,-0.427209662751993,3.01579470817623,2.40054710711334,0.99823258444295,-0.310167173709315,0.419566049130003,-0.472497315307328,1.69235541715981,-0.572367111065056,-0.632421218362915,-0.539991255188735,0.751545340759869,-0.510050775686776,1.33354770890681,2.89817448084187,0.661789405387912,-1.04938131129347,-0.439395440768505,-0.806924516606813,1.63925377571567,-0.386236372075434,-0.370292957722169,1.23164983418528,-0.580182792717566,-0.893144250525708,-0.504580611844278,-0.946777991831266,0.258927233662753,-0.824988666868521,0.663528082616159,1.62972671584564,0.736174397041801,1.67649064802409,-0.216819902077468,1.64673768745142,1.61430390028421,-0.0953852602974592,2.14379994925616,1.58718685878805,0.983027683617062,-0.0172084948386826,-0.415332247460931,0.00252739000492836,-0.556437840594048,0.914733763652748,1.15978403400598,0.606351423080042,-0.434538970011261,-0.540935274554197,0.319419205425779,2.40750057835217,-0.31038587841102,-0.71314737154191,1.35979098825762,1.78693845418582,0.713809388692542,-0.42618686188652,0.0710971957860498,-0.563237817945086,0.354973241572315,-0.433250890230484,-1.24113329272812,-0.628682208598634,0.572846646313611,0.522907505018242,0.931112662405961,-0.521167552986871,1.26367975425511,1.58297104985083,-0.922939115191811,0.758291549071583,-0.680795110743151,-0.630959826187288,-0.445041103063912,5.41677966109185,1.14358469204517,1.89305838373266,-0.544945209809633,1.67478059491405,1.08538751034704,-0.419304127862005,1.04436018336572,0.102004062493908,0.38565463541144,2.63714888153769,1.03949708218382,1.55084954416781,1.04016492414831,0.00121875761035952,2.15597082471122,-0.440422043770802,0.00271204039739526,-0.533884030225674,-0.215642279562051,-0.517026089783175,1.3860318901369,1.46930809489733,1.68939444675378,1.30614134282498,-0.529739447900487,2.37578785222782,-0.484444351416916,-0.724735509236815,0.0637746761277309,1.06430176875211,1.12901925249209,-0.285295286662145,-0.638113842847551,-0.59156966366512,2.74962460453066,1.88875710055831,-0.388287405092906,1.07649542375748,-0.547273332987266,2.32850720818119,0.283701855627067,0.230928031255007,1.49307888361919,1.48520924355532,1.60464855059402,1.07044934438679,0.516083835517288,0.970211884495277,-0.654078746223719,-0.578418903939853,3.5454772447476,-0.402800957411009,1.06611968483726,0.654273289573219,0.684210710103557,1.32428196496654,-0.660262121385938,2.16670580943633,1.86828843922723,-0.065071972185203,-0.490191614502914,1.23690311733575,-0.387458469999575,1.00449271624502,0.716166887979396,0.483917976724324,-0.749562816960677,-0.852056129189196,1.05698839729932,-0.721727210801833,2.25548734782858,0.837788153989157,1.43952008192044,0.863648579332755,0.197971638432217,1.32096803327372,-0.739571250856207,0.962434982461534,-0.547342081550196,-0.66549608966086,-0.400497512029309,0.933988171376376,-0.0258384158252153,-0.802317558831034,-0.431584442518366,0.584777424509348,-0.631943764721935,2.4746092382868,-0.620100662679788,-0.503796517211337,-1.0770163128063,1.35290942272122,0.762944593491718,1.17703898539471,-0.557349591175902,-1.1375069142073,0.542301443513317,1.23721635177442,3.91693093896724,1.2964904392037,-0.902564283763228,-1.0669610666387,0.297659366235484,-0.680703938055349,-0.679399709028993,-0.798624539569438,-0.58636397201414,-0.590419110099479,-0.479183249951239,-0.770637248987066,1.67598112899275,0.832265879442633,0.973309136221702,0.156792807926595,-0.0852886581246922,-0.453520463080941,1.33073301008712,-0.902316908801359,0.496856776065578,0.633705007964732,-0.605022983692602,0.610358340718483,0.314036547236254,0.628338770000232,-0.704852117823712,-0.657270497541832,4.00187401537953,-0.495454091056586,2.69569901223909,-0.419839307586847,1.69960090726861,-0.618696368735234,1.36651495299659,0.745846583684268,-0.418816240327903,-0.637586357654596,-0.419171849570317,-1.10378034554778,-0.504768109875833,-0.503708930529297,1.05807984689682,0.612291633743596,0.378237313319698,0.0304067898415163,1.41384501372813,3.35455998322915,-0.404812961836128,-0.0144151906655197,0.0486658392090793,-1.00352564046401,0.55637814048065,1.43526632026379,1.42286273569406,-0.16658700243843,-0.0191058156907326,1.35774836840696,-0.492093429498443,1.9407493763276,-0.356127764920938,-0.426152405790388,-0.305367479643896,-0.0929404530776035,-0.627488378610812,2.34077070321718,-0.464375891526999,1.56827412381469,-1.06964048874916,3.75529833089611,2.48612165561279,-0.582032151080456,0.850294770224424,1.10570934833084,0.901613729968056,0.704448868617806,1.16056243775516,0.687252377575192,-0.375915022925334,1.73667865733492,0.467061931264891,1.21599792804332,-0.504623527225731,0.223784702524678,0.703729543849978,0.507537453674156,-0.466764426657629,-0.162010651227084,-0.561253030076281,-0.883773155823425,-0.444598034495984,1.79202196249446,1.2736762615112,-0.799233124164901,2.76098350379479,-0.477833002749308,1.97540589710053,3.83940808169024,1.82922815531208,1.26105680938972,-0.618950848071241,-0.430499440370047,-0.796259557655844,1.06907367025898,-0.493593930889384,-0.96499962340129,2.7161774675686,-0.598213055580144,-0.710284973869927,-0.614764475187905,0.490333177803409,0.974250431387001,0.392300689918985,-0.747997090271536,-0.171129932921794,-0.566010699037032,-0.603032598624489,1.61931409008705,-0.598204255115836,-0.71157305436993,-0.606204342383374,-0.63129034137311,-0.386808567195655,-0.473937637058681,1.397162985697,1.92306707311762,-0.799036810595303,1.05671568469781,-0.735411990123146,0.308429752672628,-0.889325548542612,0.67690214969724,-0.388200013230897,0.452145002725852,1.41051789524165,0.429683563498185,-0.538722496195877,3.01955953384396,0.864194085218555,0.499526038973229,-0.380430093207073,1.07892962163729,0.455140892385275,-0.543996565944918,-0.760805550465173,-0.117002094755211,-0.653697914574418,-0.658091677882378,2.52814577635112,-1.08773769552895,1.00935543731721,2.40395159239769,-0.580755287411444,-0.0902109255796286,0.566010170457018,-0.740417895485083,-0.591226315601407,-0.517699977761507,-0.508516510850491,-0.839734362004915,-0.521979735973987,-0.61052131080658,0.843772522593599,-0.524254694445744,1.22558801129537,-0.745395082740569,-0.719523549783808,-0.588297561945064,0.824479530302027,-0.85534945010494,1.41675363733471,0.932785222520643,0.374551177218052,-0.495614760728454,-0.424340492086261,1.51099383140383,0.190553749228249,-0.677053451143998,2.7344138843883,0.446396963274297,-0.598637045425795,2.40857815865323,-0.694758292889573,-0.55321502257966,1.63372596621676,-0.392786433490695,-0.761647247973245,-0.456494285494102,-0.485816253127067,0.11996048518937,-0.847748388510819,-0.608508425207776,1.10516265681789,-0.682642890579754,0.563660734365157,0.632855107528165,-0.99456836848483,-0.4791466881953,-0.527848653802147,-0.581450107692442,-0.623221682356157,1.73415193387942,1.00565253168691,0.987592966153873,-0.555045340513311,-0.781460697748757,1.81108003844504,1.665317822064,-0.693610145686299,1.10431830442904,-0.569755773406841,0.718522861716515,0.807836807367381,-0.135752790984809,-0.909848144967057,-0.785445256160296,-0.384272493327475,0.391009701144371,0.85209418766807,1.00113954649737,0.766261389438039,-0.620494342313918,0.95414683501203,-0.600466657719567,1.90259733564803,0.978751832768412,-0.329994153059107,2.55028638700988,0.622018671753022,1.3315680420844,-0.0460294008012514,-0.571646636129868,0.434174858049329,0.394268085621314,0.68945433602332,1.45496853836717,-0.367490929903791,-0.286170839152818,-0.573648085257991,1.80101646959909,1.54118620447895,1.28941560316075,1.33577633925937,0.107176976357994,-0.513527807859149,4.07449670231414,0.864664373347632,2.2583454751376,1.40662053195994,1.02365461820645,2.46116714872659,0.885319984170117,2.36013731966647,1.57334612519462,0.291253426018045,-0.494007793907488,2.09284971474264,1.58341086042256,-0.682378934286747,-0.597600263298091,1.61257455852021,2.20672240833099,2.20220498174496,0.528937863153085,0.55478242702591,1.77125202707058,1.05395378849397,-0.543856568710744,1.15093879414688,0.826559919110496,-0.547914033241979,-0.69252288453592,1.02446575906653,0.991160435284956,1.83629289377823,-0.766028616235394,1.1798502573397,-0.566224935388611,0.756926060628165,-0.675382976552414,0.376576214055691,-0.653851689833047,-0.569897592314005,1.22696674801418,-0.647904522193843,2.09120664718711,-0.569034714136114,-0.507817813873977,-0.536494698185429,1.00444068501685,1.08181980108045,0.825950565135697,-0.454210725594474,-0.564900394388196,-0.574696478706447,2.54707664579687,1.35545735999892,1.92502695067128,1.91322086286448,1.45541454831394,4.30512039379356,2.13294035307103,-0.523080667456721,0.187765969810936,-0.622281704570721,0.934559417350122,-0.789447035739829,-0.557501763870755,-0.505778909237946,1.34481636353994,1.41470676444165,-0.743846574768942,0.117021916085129,-0.397363968993432,-0.922357934814868,0.545246396827162,0.149337135072408,1.01036893271484,1.00594756784916,-0.641289533744246,-0.56888790075037,-0.680264025007797,2.51129104770644,-0.726381607522248,0.727541382944166,1.41226240969042,-0.609921532378848,0.727760385895595,2.11939572228797,-0.363912718313512,2.91650974292727,0.860170240958176,0.680877321518288,-0.73145250418656,0.727819813034114,1.61950609301977,-0.631759280520507,-0.406700539566019,-0.673273035311341,-0.565998932195026,0.403999286496916,-0.730817206313231,-0.520238954117215,0.0595850923240454,-0.077063856414757,-0.344789866784545,-0.495183843341153,-0.0828236710869444,0.421476989047492,-0.726611845001168,2.39103190373561,0.748971382439952,-0.536600271805562,-0.606291521024171,1.41869670275669,-0.479383335875246,1.78389072772618,2.22893362597275,-0.48805352537329,2.11350493814622,-0.543434400240448,0.781746005345444,-0.617518100327603,-0.563722602978791,1.63066865189673,1.38723358637765,-0.71456688213729,-0.796606268568196,-0.598331963886002,1.04023789648168,0.665515563632028,0.464667973659003,-0.683218747620856,0.532839322333379,0.15723866743489,-0.472351838475484,-0.494377357867234,1.06280373187611,2.21788690213224,0.0327011646024534,0.288937242049158,-0.558717666256494,-0.379161949641383,1.87965169814551,2.43555677578725,1.66295312320996,-0.623039723737013,0.225485291329659,-0.441748500440315,2.05883077846779,1.10283407429601,0.824711741373757,0.180480370060118,-0.807101569604255,-0.557916730587529,0.79770794934265,1.82460254601002,-0.61899979002849,-0.46950194156598,-0.567597101091729,-0.623788878529261,3.21303039592719,-0.514869524021752,-0.440109756196063,1.96975986743085,-0.628134209307874,1.52227929096852,0.960621915142843,-0.559609290515974,-0.575080500923803,0.461564177424099,-0.0755100056296512,-0.465167799440612,0.0881441533918958,-0.870570227459186,0.583972943738935,0.746111126957151,-0.442246094950301,-0.590310521918287,1.15876789443888,-0.535005976446535,0.919412232625542,0.230827254799518,1.47791367052923,-0.599446075410806,-0.518950740640203,"HC"
"HD-5",-0.555592417576326,-0.665330012844802,0.622149917824553,-0.24510161401079,1.74789072906972,-0.0609735180777421,-0.489483674713921,0.40375232853152,-0.527555133158152,-0.587392633752342,-0.5360100599205,-0.427166054873635,0.487905944212307,-0.906954785415906,2.21914792116279,0.6824700201072,-0.57729235363827,-0.0813854966278316,2.25307573699522,-0.533225338772386,-0.0866660067759532,-0.756759621065685,0.0600619138772654,0.0949959881290827,-1.18728595031787,-0.0412075956748115,-0.671018873252328,-0.886090803404096,-0.59994073973799,-0.572265270403078,-0.449126948447106,-0.823525490657949,0.815528316736634,-0.309529644846314,1.05915352428965,-0.0328013207801664,-0.497006264132812,1.38725894611228,0.668461686371015,-0.257130570537578,0.731471835153742,-0.153517454652668,1.22887871205746,1.56729268401686,-0.535926408238852,-0.0936721242480722,1.65651436634742,-0.684422976084699,-0.103349585276556,0.364109749065767,-0.804466674495576,0.155242539587969,0.693153985578508,0.48765443776134,-0.559247717928647,-0.374389587264773,-0.457301332060047,-0.488378971130679,-0.535578881140264,-0.00919369229484933,-0.131083301303971,-0.466862369479199,0.829148453639286,-0.361091310062088,-0.742272368002153,-0.597562997079172,-1.01277899053072,0.185872326093801,0.42718254424178,1.17142712521705,0.81671017955464,0.614140310270399,-0.62582241159886,0.860497971859421,-0.594144064245794,-0.427209662751993,-0.0695902145844475,0.839083030171554,-0.518709942838152,-0.310167173709315,0.420979142323026,-0.472497315307328,0.512148092945958,-0.572367111065056,-0.632421218362915,-0.539991255188735,0.323775089411515,1.11849766631298,1.75254662577077,2.36523464930981,-1.06249646629166,-0.207059858149101,-0.439395440768505,-0.806924516606813,-0.0489027196555959,-0.386236372075434,-0.370292957722169,-0.652696741503466,-0.580182792717566,-0.0181740119136997,-0.504580611844278,-0.946777991831266,0.970369984396204,-0.824988666868521,0.218712550358392,-0.612012511430763,-0.181286569755044,-0.221299215446303,-0.877494153250386,-0.536972125190646,-0.699577466702064,1.09583680468743,-0.262121637404034,-0.592394335996418,2.07229767923765,-0.852561903334732,-0.415332247460931,-1.15053595143586,0.125938334282587,0.434024085844902,-0.126003487832383,-0.145036183185534,-0.434538970011261,-0.540935274554197,0.42948447871726,-0.466481924852692,-1.07767110647549,-0.71314737154191,-0.467269611423203,-0.781783811545767,-0.612032059829267,-0.42618686188652,-0.515214523200561,-0.563237817945086,-0.652232400369068,-0.433250890230484,-0.476375016638795,-0.628682208598634,-0.261830807634172,0.191938345037245,0.314581768751437,-0.521167552986871,-0.285813809697538,0.435443262123194,-0.922939115191811,-1.11633127205757,-0.680795110743151,-0.630959826187288,-0.445041103063912,-0.360394763248112,0.752502650082941,-0.133344617657496,-0.544945209809633,1.63131825914382,1.1869910396003,0.0949922571271689,0.51063216106202,0.985758401030718,-0.881133953461138,1.05226675134232,-0.475864255694043,-0.69379364255259,0.134752853258414,0.834565092116806,0.738892885256818,-0.440422043770802,0.344870930402012,-0.533884030225674,0.0508644035915475,-0.517026089783175,-0.717586015732752,-1.01100613021998,0.242238915770509,1.45958280468556,0.746361103318994,2.67290757202078,-0.484444351416916,0.492974908880529,-0.938721656343013,-0.399898634726296,-0.465400568692601,-0.352270368488821,-0.000198041920911545,-0.59156966366512,-0.686166850667112,1.19359337440544,-0.388287405092906,0.545423704819254,-0.547273332987266,0.909201709022227,0.284962859800082,-0.697113880119278,0.82553828946075,0.670557876374467,0.27320136373929,-0.201491079999169,0.826294988020485,-0.938444320238906,1.25129207961533,-0.578418903939853,-0.440845057560506,-0.402800957411009,-0.260226869121827,1.53723669340828,0.246717685180785,0.557562162896029,-0.660262121385938,-0.784182116331742,0.810570720740327,0.91838029862853,-0.490191614502914,0.428811861784585,3.04753038008843,-0.67265289501153,0.0268124738272809,0.162964943405662,-0.749562816960677,-0.851479658328731,-0.826299878399175,-0.721727210801833,1.91093570511985,-0.875446007171464,0.399918897036319,2.21041475354169,-0.774127007600307,0.749495517276373,-0.739571250856207,0.240664809045595,-0.547342081550196,-0.66549608966086,-0.400497512029309,0.353518455791734,-0.961280804736148,-0.802317558831034,-0.431584442518366,-1.3076438001904,1.41208090026432,-0.579507915169398,-0.620100662679788,0.511315639961876,0.697526598858283,-0.357704595259078,1.98251766989968,0.870970112847079,-0.557349591175902,0.109485469726239,-0.851936397191105,-0.670603752641226,-0.362836635108256,0.716667490806666,-0.902564283763228,-1.0669610666387,-0.498792600241932,0.0395915587009707,-0.679399709028993,-0.798624539569438,-0.58636397201414,1.20730733709616,-0.479183249951239,-0.207782998216385,-0.654451544220782,0.170336779676926,0.0295223783457238,-0.873831727472401,-0.373896341094289,-0.453520463080941,2.05937289658638,-0.902316908801359,0.49813899631433,1.47207818107156,-0.605022983692602,0.337293486732083,0.0351455021787914,-1.52152170269417,-0.704852117823712,0.517844137159003,1.55458117422582,-0.495454091056586,-0.625430816380737,-0.419839307586847,0.107828617687032,-0.618696368735234,-0.513248218781385,-0.586212932084341,-0.418816240327903,-0.637586357654596,-0.419171849570317,-0.319601563290879,-0.504768109875833,1.22588501512919,-0.0420745614842155,-0.0282454523592499,0.798025515085618,0.0313650778205483,0.907607650799009,-0.816725390488356,-0.404812961836128,0.572451310569616,-0.800640494297979,-1.00352564046401,1.09659242106385,-0.00531729702788846,0.576822630869169,0.65862164685009,-0.972280070282039,0.0322415736092884,-0.492093429498443,0.568003694996123,-0.356127764920938,-0.426152405790388,0.560344105428263,-0.826222229547082,-0.627488378610812,4.86346350006637,1.04154873529198,-0.886517603314692,-0.200210051866298,-0.455236351660987,-0.742946755276486,-0.582032151080456,1.83670350282622,-0.755829565716357,-0.845061423358665,0.117116401417433,-0.796526001879866,2.64073785311822,-0.375068904997963,-0.79167821863407,-0.809608919621213,0.028273584536466,-0.504623527225731,-0.0903327354797574,0.646129454098828,0.986641493575668,-0.466764426657629,1.56066743627028,0.933775586197534,-0.883773155823425,-0.444598034495984,0.661836109919808,-0.869130914118606,-0.799233124164901,-0.940150205056253,-0.477833002749308,2.03380063844402,-0.414352476826801,1.35546520854781,-0.747265772882252,-0.618950848071241,-0.430499440370047,-0.796259557655844,-0.77458771809739,-0.493593930889384,0.656227171091212,-0.558555906049502,-0.598213055580144,0.234793132342612,-0.614764475187905,0.406692242400072,0.301422987539409,0.12949001120711,-0.747997090271536,-1.01074181138039,1.11662315995106,-0.603032598624489,-0.730318235371536,-0.598204255115836,-0.71157305436993,-0.606204342383374,0.773447683142821,-0.386808567195655,-0.473937637058681,-0.411767266437113,1.18767470240867,-0.799036810595303,-0.764417769029699,-0.735411990123146,-0.858462959667144,-0.889325548542612,0.239787749394425,-0.388200013230897,-0.672522450531549,2.96677509679609,0.431355085063477,-0.538722496195877,2.23241286434046,-0.574547412051676,-0.819944378140991,-0.380430093207073,-0.834709508043328,0.306569693677981,-0.543996565944918,2.58178164274773,-0.312742283575129,-0.653697914574418,2.62041179614217,-0.719112826150793,-1.08773769552895,-0.814187642569382,-0.775032802607551,1.41545873030791,-0.836916634773705,-0.689391508662824,0.830242549696252,-0.591226315601407,-0.517699977761507,-0.508516510850491,-0.839734362004915,-0.521979735973987,-0.61052131080658,0.845350456310587,-0.524254694445744,0.857377473049359,-0.745395082740569,-0.719523549783808,-0.588297561945064,-0.0113055363671675,-0.85534945010494,1.41920033796561,0.934972709021929,-0.788184218742662,-0.495614760728454,0.124633567684579,1.05980794024104,-0.304781541621092,-0.677053451143998,-0.593681714206644,0.447804574381419,-0.598637045425795,1.20870035230286,-0.694758292889573,0.885508235311654,-0.416360052831994,-0.392786433490695,-0.761647247973245,0.193500683481665,-0.485816253127067,0.121447460692765,-0.847748388510819,-0.608508425207776,-0.616708057714315,-0.682642890579754,0.565114717060509,0.634266258442552,-0.062201587375656,-0.4791466881953,-0.527848653802147,0.652989001098638,0.363714302396887,1.39092217171858,-0.456566211138298,0.370416733203902,-1.46393408399269,0.798201493441553,-0.441282341989839,-0.386162793131151,1.04069491783547,0.540369170773163,1.46704010215371,0.0149479715628866,1.44581135233326,0.151581072065101,-0.909848144967057,1.56062603518142,-0.384272493327475,-0.777454081363004,-0.3676070991609,0.7539611507698,-0.67319351540593,-0.620494342313918,-0.601887066668739,-0.600466657719567,-0.969725385594821,0.418435256381597,-0.69871053666764,0.117952205954051,-0.141745997551032,-1.13339019479525,-0.271043037053878,-0.571646636129868,-0.71593825275176,1.0531711363983,-0.877809728241419,-0.963894975231911,-0.367490929903791,-1.00723720358106,-0.573648085257991,0.293439310054154,2.384070596872,-0.580133412654845,0.467957926065075,0.108181108985701,2.65351372909984,0.897627261742852,1.7461687192221,-0.376085254966847,-0.65323427697639,0.636968952947085,-0.487170846083124,2.34031593358413,0.358130188610592,2.03378156229192,-0.6002692007909,-0.494007793907488,2.18758390001814,-1.18723863498533,-0.682378934286747,-0.597600263298091,0.984464632905517,-0.775810477487309,-0.505226462944271,-0.0726765876842618,-0.755650546229756,1.04337380449585,-0.923820668091811,2.39855974745408,0.587406143249673,0.253402497467232,0.851284394557739,0.583056702547343,1.65633818065537,-0.718638772768277,0.831470881296699,-0.766028616235394,-0.783162489495666,-0.566224935388611,-0.60068195999903,-0.675382976552414,-0.653790722557568,-0.653851689833047,-0.569897592314005,-0.685835715519622,0.692663120475921,0.591122390685491,2.00895505888131,1.70855777225751,-0.536494698185429,0.492151517334752,-0.585376536065427,-0.622528035985135,-0.454210725594474,-0.564900394388196,0.443403933142489,1.58589361127426,0.58802868738824,-0.540641423031425,0.411678886836872,1.45766007121065,-0.348425147702436,-0.498591251333388,-0.523080667456721,0.188923264178328,-0.622281704570721,-0.782401068500164,-0.789447035739829,-0.557501763870755,0.767339053514672,4.14547242831343,0.944527534815773,2.06329585616468,-0.846638841230125,-0.397363968993432,-0.922357934814868,-0.03634170888606,0.879658806820944,0.581678666830215,-0.625888537038413,-0.641289533744246,0.619994714317763,0.315222969567399,3.69724893037552,1.44973330669079,1.27286634646691,-0.64437704550372,0.834310422416065,1.27951502379729,-0.61712009938149,-0.363912718313512,-0.421387307249072,0.111910650635697,-0.530264405273805,1.09540449661338,1.09280947839973,-0.436105875668738,-0.631759280520507,-0.406700539566019,-0.673273035311341,-0.565998932195026,-0.685817859793634,-0.730817206313231,-0.520238954117215,0.0604628164360071,2.03789830626626,-0.344789866784545,-0.495183843341153,1.1158461353427,-0.74095518162433,-0.726611845001168,-0.553693741254614,1.72751279383251,-0.536600271805562,-0.606291521024171,1.85402988292045,-0.479383335875246,1.35341767534963,1.79261148980624,0.916643714907319,1.33025315636822,-0.543434400240448,0.13616770224547,-0.617518100327603,-0.563722602978791,0.943937412582753,-0.469274127030998,-0.71456688213729,-0.796606268568196,-0.598331963886002,1.04197787409988,0.269914588117339,0.306024639176152,-0.683218747620856,-0.813165332182298,-0.94583725016588,-0.472351838475484,-0.494377357867234,0.0114397693481553,1.00194433038677,0.0336741965641738,-0.217490665766455,-0.558717666256494,-0.379161949641383,1.96163122744433,1.09408675523501,1.25533406219806,0.655932626485189,0.650490824513588,-0.441748500440315,-0.00937911185895529,1.10467203529929,0.61125477406783,-0.750713194799017,-0.807101569604255,-0.557916730587529,0.0439482092719243,-0.575643008354943,-0.61899979002849,-0.46950194156598,-0.567597101091729,-0.623788878529261,-0.67680156571333,-0.514869524021752,-0.440109756196063,-0.797330693575754,-0.628134209307874,1.01864226102949,-0.864582352823089,-0.559609290515974,-0.575080500923803,-0.624478446322977,-0.72921406656607,-0.465167799440612,0.0890801963082613,0.155661848223514,1.02362928248146,-0.528878550032712,-0.442246094950301,-0.590310521918287,-0.597626308220176,-0.535005976446535,0.159476763499399,-0.86340182998155,-0.882104756219481,-0.599446075410806,-0.518950740640203,"HC"
"HD-7",0.355819617500162,-0.665330012844802,0.474555658972831,0.402919614010134,1.28959389037314,0.878088318551166,-0.489483674713921,0.0149968411156236,-0.429779993007989,0.179753627183065,0.487412180553556,2.19674437616789,0.20693509657905,1.45172745633466,0.677371887138138,1.19956982729241,1.90453117910585,-0.951756607893985,-0.496697729346053,0.759880258224661,0.789871654104795,-0.756759621065685,-0.72953949609161,-0.730425412838825,0.159836357214678,-0.094390784732077,1.25438067717024,-0.886090803404096,-0.59994073973799,1.11225682225382,0.468938690203916,-0.0240780737149391,-0.381843063779434,-0.309529644846314,0.817108213520292,-0.964466112786827,-0.497006264132812,1.74027218897319,1.77131607786302,1.11136999605489,0.437770144810589,1.68764375528042,0.378191926994924,0.586107227504697,-0.535926408238852,0.27314848446762,0.878830180246072,-0.684422976084699,-0.166912105489978,1.1370717687665,-0.804466674495576,-0.722133608031586,0.382389762108428,-0.641019586043182,-0.559247717928647,-0.374389587264773,-0.457301332060047,-0.488378971130679,-0.535578881140264,0.0286723581010805,-0.940150463465516,-0.466862369479199,0.430995875703005,1.32793777444154,-0.742272368002153,0.20816359581679,0.456243961972957,0.818060117730139,0.896795965812396,0.806636605881993,0.115591345167459,1.37030366139452,-0.62582241159886,1.45185557540224,-0.594144064245794,-0.427209662751993,0.916171128653927,0.633587271019997,-0.518709942838152,-0.310167173709315,0.111290589417374,-0.472497315307328,0.0778730619847114,-0.572367111065056,-0.632421218362915,1.88271379545254,0.634135715065348,-0.510050775686776,0.865883167926698,1.18493132972189,0.476027568476046,0.0379838485741921,-0.439395440768505,-0.806924516606813,-0.241647137361408,-0.386236372075434,-0.370292957722169,1.34350042325969,-0.580182792717566,-0.0884559821996564,0.838035211794875,0.436927961336258,1.99017057814182,1.2457417272654,0.377357423575148,-0.612012511430763,0.0450682812355528,-0.0640807214404226,-0.176482463485357,0.598858785529997,-0.699577466702064,1.78415366870021,1.14939000163255,1.24642343131168,-0.563564816816346,0.667316974189001,1.04213942616434,0.64025723337823,-0.556437840594048,0.139809673383767,1.66332947290085,-0.46985330854445,-0.434538970011261,2.11469805313631,-0.435172588073364,-0.466481924852692,0.256680357503701,-0.00347669767602231,-0.467269611423203,1.17464389635175,0.385288837441363,1.60885829546816,0.551546907673035,0.324061434753844,0.416468139639418,-0.433250890230484,-0.253895579577462,0.190031876328548,0.498587258495831,-0.622774284236347,0.492918494639329,-0.521167552986871,-0.217351318865729,1.01582208667248,-0.922939115191811,-0.527988345647121,-0.680795110743151,-0.630959826187288,-0.445041103063912,1.52700043994111,-1.12185750843372,0.359840003577996,-0.544945209809633,1.45026967207587,0.786565916909881,-0.946374554527438,1.76954455068812,0.177875997147856,-0.326030605119509,-0.180295793033349,0.398934372048185,0.412519900760043,1.02792099251041,0.069675544438624,1.2876631733976,-0.440422043770802,1.0158045591663,-0.533884030225674,0.21724359275213,-0.517026089783175,1.11195615830529,-0.363194675055837,0.646065823290317,3.62283581049795,0.822737222435544,0.849925289749727,-0.484444351416916,-0.724735509236815,-0.626074901123945,-0.399898634726296,-0.465400568692601,1.72910383034424,-0.157358851498192,-0.59156966366512,0.363564012397272,-0.567826653865324,-0.388287405092906,-0.214549382542328,0.690787680279715,1.87816164718589,-0.836461434415258,-0.697113880119278,0.926460294595194,0.876409106211593,0.479230946479095,0.127954574265576,-0.138513133459091,0.671805827517177,0.362829244165678,-0.578418903939853,0.810246363348638,-0.402800957411009,0.486791667648366,-0.574567391161672,-0.119970625284444,0.866175956724915,0.0500228186492341,0.534769715936125,0.367069701689095,1.03424918959505,3.72316994487275,0.764392127130715,-0.387458469999575,-0.67265289501153,0.322414592040602,0.586165209583089,-0.749562816960677,0.099834766003098,-0.337804135992591,-0.721727210801833,2.43379170199132,0.249774362558114,0.332167678252424,1.15890295102035,-0.0428975721518846,0.83369025726567,0.207313260472862,0.538332915451402,-0.547342081550196,-0.66549608966086,-0.400497512029309,1.01243915032812,-0.961280804736148,-0.0943406674766615,-0.431584442518366,0.226984379557182,0.906858555353733,-0.579507915169398,0.744325255316318,1.73933962871847,1.52256845764541,0.604447950597334,-0.939825400487642,1.29524281674352,-0.557349591175902,0.640229632180475,0.240121207053512,0.165397879594132,-0.362836635108256,0.828630938689969,0.745066466431393,0.366676434264797,-0.0406510523177118,-0.680703938055349,-0.679399709028993,-0.798624539569438,-0.58636397201414,0.76032767333362,-0.479183249951239,-0.195382374393129,-0.654451544220782,-0.755865250545603,0.960546261818186,0.0225150129929587,-0.0253592805818667,0.499911977180782,-0.475498315316322,0.711223613054747,1.24760924489218,0.0527892516286777,0.824127370830551,-0.246893676159283,1.61515598670647,-0.238468817740751,1.84651257820081,0.225668236247947,-0.49858944200454,-0.495454091056586,1.28137668823775,-0.419839307586847,2.35664036954002,-0.120669646893778,1.48017618970511,1.83739496970921,0.900792618152937,-0.637586357654596,-0.419171849570317,-1.10378034554778,-0.504768109875833,0.795845549735479,0.389634698971596,1.25474318732402,-0.644751360757292,-0.813303292440974,2.41496004422446,-0.196950109022794,-0.404812961836128,0.0354517968349869,0.744624951100164,-1.00352564046401,-0.763076391897337,0.434866633763618,2.39245347398552,0.277355901281262,-0.972280070282039,0.22107709520901,-0.492093429498443,1.33932612749248,4.13015334163483,-0.426152405790388,-0.0394793032452551,-0.0481699650851629,-0.627488378610812,1.38996241942888,1.78136388819906,0.398269491900964,0.39881254918987,-0.455236351660987,-0.742946755276486,-0.582032151080456,0.643561673771486,-0.755829565716357,0.65043053025865,0.488335895648718,1.51808622936675,2.53886133729294,0.119495280811864,1.54466704091695,0.428690490652726,1.23101307424081,-0.504623527225731,0.845076792115913,0.291634558788167,-0.680117437351813,1.21544598978635,-0.120808082709166,-0.561253030076281,-0.883773155823425,0.67186758589549,0.956287250980982,0.2897317434585,0.0550224243134847,0.370500312551261,-0.477833002749308,1.97117851101703,0.920673378528895,-0.0214004436867351,0.0181935056446074,-0.618950848071241,-0.430499440370047,-0.796259557655844,0.041604310277413,-0.493593930889384,1.71100882758573,-0.558555906049502,-0.598213055580144,-0.710284973869927,-0.614764475187905,0.234789016903356,0.187625958292721,0.031908571436958,2.1560014427363,-1.01074181138039,-0.566010699037032,-0.603032598624489,-0.0447807055047123,-0.598204255115836,1.22641980133618,0.230040219953506,-0.0164241408403042,0.512750713586147,-0.473937637058681,-0.257730596959614,0.474791144718636,-0.251317587066522,1.16683183319439,-0.735411990123146,0.215907207777626,-0.889325548542612,0.919893927000445,-0.388200013230897,-0.672522450531549,0.899093684444037,0.55661734241299,-0.538722496195877,1.15251728017567,-0.574547412051676,1.14997678945369,-0.380430093207073,-0.834709508043328,1.32330784319646,-0.543996565944918,0.402738159776454,0.467603386363383,0.134864380677611,-0.658091677882378,0.123175644650102,0.522456394594044,-0.814187642569382,-0.775032802607551,-0.580755287411444,-0.275231669560997,-0.689391508662824,0.0978531304135707,-0.591226315601407,-0.517699977761507,-0.508516510850491,-0.839734362004915,-0.521979735973987,0.957886730211883,-0.545495229195593,-0.524254694445744,1.51782546860758,-0.745395082740569,0.0652294725421033,1.67726606983401,0.471153293428774,0.120721434773199,1.6841099001602,0.643988480154195,-0.27867669933285,2.94867325108826,-1.18836044397162,0.726793176256744,0.687369521575695,0.615629153908852,-0.593681714206644,-0.792912836073741,0.809144081104776,1.66502501082633,0.48266289035868,1.59230939127401,0.168549754552598,-0.392786433490695,-0.761647247973245,-0.423410538011651,-0.485816253127067,-0.512383218763076,0.00339758190361204,-0.608508425207776,0.67851291151686,-0.682642890579754,-0.716476224852673,-0.609571261310305,0.212604222807696,-0.4791466881953,-0.527848653802147,-0.581450107692442,0.118326404083314,1.75326693944009,-0.456566211138298,0.622149143690198,-0.175090533040373,0.74901530568413,-0.441282341989839,-0.586814596471186,-0.693610145686299,-0.170600648266301,0.517294564806249,-0.229827977483393,-0.773643467427534,0.33096259671178,-0.0413958180221976,0.753707374335911,-0.384272493327475,-0.410736364360643,-0.763825519181862,0.116764705579436,1.72353261190307,-0.620494342313918,0.568588580127467,-0.600466657719567,-0.394516584707889,0.730896744607377,1.98788331460788,-0.855651382052597,-0.271632488861675,-0.48958943512484,-0.161705474126534,0.975757284514216,-0.71593825275176,-0.151376240217864,0.252090737045845,-0.258158294547599,-0.367490929903791,0.30470277947403,0.267525270359257,0.642301685729871,1.66752527610825,-0.288500039728042,0.540634727586718,1.07145973329535,-0.513527807859149,2.32128957596228,1.62500937004887,0.708122881917737,1.77486695319097,0.832409627213943,1.10733510991664,1.32700996858767,1.31531241102747,-0.512995918425756,1.37200351826967,2.30224482669319,0.399784574145115,-0.14469820471621,-0.682378934286747,-0.597600263298091,1.07700373214729,0.837188594794891,-0.505226462944271,1.66282548390872,1.42625104340671,-0.800938882071613,1.29313318860377,-0.543856568710744,-0.799784033987206,0.409355258332487,-0.547914033241979,1.42893744105183,0.642056216953793,-0.718638772768277,-0.574522884957265,-0.766028616235394,-0.0349727643013386,0.835203618369418,0.420534302913304,-0.675382976552414,-0.653790722557568,-0.653851689833047,-0.569897592314005,0.336187816411105,-0.647904522193843,-0.664556936026652,-0.569034714136114,-0.507817813873977,-0.536494698185429,-0.768897864954003,1.18361040325879,-0.622528035985135,-0.454210725594474,-0.564900394388196,0.190267433718662,1.09920092170874,0.987493576529886,1.72952490460514,0.729145032313387,-0.539307094691963,-0.348425147702436,-0.498591251333388,2.19709343532344,0.249976223755321,-0.622281704570721,1.03837667216782,0.0224729728801499,-0.557501763870755,1.80796017783301,-0.624275977269652,-0.743774131603622,-0.743846574768942,-0.846638841230125,1.02394679324595,0.227442559616451,0.152375614556107,0.227862821123853,0.0264093169512045,0.6039889805047,0.178681774227919,-0.56888790075037,-0.680264025007797,0.836132327628827,1.57871873908983,-0.604395814203172,-0.64437704550372,-0.609921532378848,0.810040578043866,-0.61712009938149,-0.363912718313512,0.493285063883871,-0.0382638339007349,1.65192159204336,2.03472132698713,-0.569578522132877,1.11316180967685,-0.631759280520507,-0.406700539566019,0.423082928000229,0.718625160959979,-0.685817859793634,0.248478538864778,1.70265674846515,0.106767072498478,0.672011624276554,-0.344789866784545,-0.495183843341153,-0.030525776686677,0.765801714942085,-0.726611845001168,-0.553693741254614,-0.612887431730709,-0.536600271805562,0.462386086924721,0.932800716679953,0.741441980772784,1.92798127676462,0.857575761354752,1.84814681437344,0.9962178642779,0.633890156207283,-0.0884310491262259,1.21570772189065,1.37747425815558,0.932543512978929,-0.469274127030998,0.808418754849279,-0.796606268568196,1.18516780858777,0.660650475929409,0.748317992568671,0.267962082868304,-0.683218747620856,0.201287564244619,-0.114474181817852,-0.472351838475484,-0.494377357867234,-0.118117076773017,-0.766724197739351,0.455018652920729,1.45192996674816,-0.558717666256494,-0.379161949641383,-1.02737092254885,1.03381276760555,-0.614835278634353,0.337933949903618,-0.0317282944944717,-0.441748500440315,-0.202975524095866,0.701870941775353,0.58644391496288,-0.750713194799017,0.082107132526226,-0.557916730587529,-0.375511229528005,-0.575643008354943,0.640502119577547,2.7942196281928,-0.567597101091729,0.31079283625764,1.54480556622558,-0.514869524021752,-0.440109756196063,0.0711096881138016,-0.628134209307874,-0.0710399486667001,-0.864582352823089,-0.559609290515974,-0.575080500923803,-0.624478446322977,-0.237486551689061,-0.465167799440612,-0.735980601657659,0.994483393164657,0.677586068275714,0.823955568010891,-0.442246094950301,0.315348633729814,-0.597626308220176,-0.535005976446535,0.546349220717773,0.554949503984501,0.576641149071411,-0.599446075410806,-0.518950740640203,"HC"
"HD-8",-0.555592417576326,0.416117756158155,0.820857514007167,-0.437580775551221,1.77770891787051,0.579245692940056,-0.489483674713921,0.595624244582171,-0.620996138769604,0.185729538410708,0.548246480989203,0.666094197250325,-0.642142611977996,1.03061845596901,0.686721018318538,1.32463453011778,0.552669636740558,0.985948001708225,0.716278121968808,-0.533225338772386,-0.892044314129933,-0.000541060296442965,-0.72953949609161,0.222332575288155,0.248817635066684,0.779571936955402,1.07235176268889,1.83783407515508,0.403715383466887,0.497233541313631,2.28921581938208,0.775351023353715,1.01471641659746,-0.309529644846314,0.786691963546507,0.435556459021301,-0.497006264132812,-0.559309350558077,1.83430399303868,0.341770209460301,1.10733981357535,0.764907933758232,1.50423646034534,2.20007931575065,-0.535926408238852,0.310619303550981,1.23553422103673,0.664812693006069,-0.161300873247686,0.910388631466741,-0.334757657627645,1.00894041137851,0.572405577042517,-0.461712307016575,-0.559247717928647,-0.374389587264773,1.31012387092495,0.712667809146203,-0.535578881140264,0.15338852112089,0.275643348700793,-0.466862369479199,0.084719341111082,-0.361091310062088,0.0542647520396212,-0.597562997079172,0.204583233690022,1.6326736764622,0.779288815747588,0.834206225066783,0.27719024755568,-0.455940990445231,0.603774030673471,-0.0738701218125597,-0.594144064245794,1.84441861935627,-0.267422623369543,-0.726511286645635,2.02631728405252,-0.310167173709315,-0.824570369406007,-0.472497315307328,0.29420383122517,-0.572367111065056,-0.0515238764253439,1.01586947386766,0.644647669462544,-0.510050775686776,1.19648766957829,2.3443391166185,0.487661198577118,0.282644930154335,-0.439395440768505,-0.806924516606813,1.3728468891689,2.72807436832896,-0.370292957722169,-0.652696741503466,-0.580182792717566,1.3319177173451,0.848493912284547,0.555422454532937,0.0499861808635482,0.933183819088624,0.0782865902962411,0.795093270584749,0.337739326817401,0.642277847645874,0.427504876691763,0.816667979012112,-0.699577466702064,2.07958861296386,1.38890630325534,0.588494089232469,0.611099743984301,-0.21929975185957,-0.415332247460931,0.28222643251582,0.333873987764536,1.02888829729328,1.77847250533052,-0.224495726812278,-0.434538970011261,-0.540935274554197,0.0425126615993175,-0.466481924852692,-0.405234169765249,0.519176362220788,-0.467269611423203,0.625996194622724,-0.612032059829267,-0.42618686188652,0.468461035649061,-0.563237817945086,0.663384460969975,-0.433250890230484,-0.0317635345287279,0.196409490274525,-0.431459865882802,-0.622774284236347,0.341710267196949,-0.521167552986871,-0.0427084122884343,1.41739612250646,-0.922939115191811,0.716822963987227,0.350626570601566,0.194434754705717,-0.445041103063912,-0.360394763248112,0.188762956544303,0.374091006358535,1.15928643362921,1.32673537930844,1.69753561502865,-0.0620901718114447,0.600057033878367,0.724682004047471,0.673342925635699,1.18392831499451,0.0506188467666338,0.970052749868494,0.603342507742388,0.292571735924913,1.71269873535048,0.828578313658415,0.5691025477364,0.439255797977172,0.112699788486195,-0.517026089783175,1.12599226375544,0.824814119688202,0.181331130280649,3.19674661948981,-0.529739447900487,1.47335677986533,0.528619475881535,0.57585790211156,0.387364358772025,3.03182511112039,0.743292322302929,1.91626186736513,-0.151300606435823,-0.59156966366512,1.211911765508,1.94568323298901,-0.388287405092906,-0.105279320913136,1.19547027722914,-0.551980064673498,-0.836461434415258,-0.697113880119278,2.08172826103916,1.27617982861845,0.5231001524945,0.968164639946612,1.08261398209888,0.971830314463633,0.370750747778089,0.233694376890201,-0.440845057560506,-0.402800957411009,0.17248815472933,1.03055022549308,0.813050326296789,0.963882344496359,-0.660262121385938,0.746629379954497,1.38581337164033,1.50251836051728,1.59914183387538,-0.724722993416231,-0.387458469999575,1.50492272012291,0.978783053033827,0.17311112123192,0.0518777457274277,-1.08839928023487,-0.826299878399175,0.0684443044077284,1.25681649999554,0.43051546594446,0.682551565689841,-0.752576497540583,1.27356240756073,1.17815987637645,-0.0630640608074476,1.0801098225395,-0.547342081550196,1.64513859579982,-0.400497512029309,1.34681703812845,0.0389669070047365,-0.0888256734404564,-0.431584442518366,0.708926064117297,-0.631943764721935,0.474254658930589,-0.620100662679788,-0.503796517211337,0.0729136561429765,0.543697979293204,1.11661856468829,0.613686526332426,-0.557349591175902,0.596441530155765,0.0397942806370041,-0.670603752641226,-0.362836635108256,1.22564313030266,1.84025245206507,0.12107764565758,-0.0800640695895831,-0.680703938055349,-0.679399709028993,-0.169615972071068,1.02135181298167,1.32966889920263,-0.479183249951239,-0.44906325347865,0.204814666556083,-0.755865250545603,-0.942110585579901,0.598489478362315,0.212321830129277,-0.453520463080941,2.05871765492283,0.965760606856711,0.223747088242989,0.506269987387263,-0.605022983692602,-0.915536831645335,1.72981270473373,0.0702484227980132,0.686739620337783,-0.657270497541832,0.778900577069072,0.483581027289405,1.47405209124427,-0.419839307586847,-0.0959208315575858,-0.618696368735234,-0.513248218781385,0.838128639716169,-0.418816240327903,1.59878835568249,-0.419171849570317,0.613893706371763,1.4448258299311,1.75293191475745,0.466146102427018,0.244868345165284,0.379607717649827,-0.173706139315786,2.3784238585365,-0.192122187345109,-0.404812961836128,0.782128586296949,0.107503851872292,-0.0454092200009437,0.647786951909165,1.22294588110517,1.5607981030751,1.03450097150291,1.41031879997646,-0.00820686941280726,-0.492093429498443,0.732933236573707,-0.356127764920938,-0.426152405790388,0.673824883871378,0.131593959187133,-0.627488378610812,1.40399108699641,0.675935665109498,0.121393200518748,0.642142442073404,-0.455236351660987,0.445489807259965,-0.582032151080456,-0.167928644970816,0.973362560134811,1.01322411790107,0.461557391075146,1.75196869698819,-0.708710560777974,-0.324306464498369,-0.79167821863407,-0.809608919621213,1.57172371941535,1.04070578165224,1.58081232518384,0.497030227290684,-0.0406020617979535,1.22848247618287,-0.836854594027651,0.824288691911639,-0.19930850989367,1.78830762172761,0.501673430151008,0.769881483345077,0.0616768989337521,0.141039388210303,1.31091836510237,1.13706293961325,-0.414352476826801,0.335389836244415,-0.747265772882252,-0.618950848071241,-0.430499440370047,-0.0779365358044446,0.635610972017153,1.37633048591522,0.765497736342765,1.24579175954862,-0.598213055580144,1.27822812740381,-0.614764475187905,0.247864345091694,-0.358476638105426,0.129171199983615,0.677340583990075,-1.01074181138039,0.710542640002874,-0.603032598624489,1.59850139276321,-0.598204255115836,0.0958975562799518,-0.606204342383374,-0.63129034137311,0.51975809494182,-0.473937637058681,-0.162968674956536,-0.675677485964019,-0.0204533436860439,-0.764417769029699,0.0890000094730448,-0.230127374303303,0.357876182243173,1.14343364149626,0.990608987197516,-0.672522450531549,1.55191846797135,1.35954930547694,-0.538722496195877,-0.130624958581958,2.0630506023876,1.59899784246986,-0.380430093207073,-0.834709508043328,1.48097069475911,-0.543996565944918,0.0704950743698615,0.597044145672211,-0.653697914574418,0.746819953922858,0.478201143420698,1.08253951912284,0.16773382837652,-0.218233434945738,0.492935447198057,1.07116704383926,-0.689391508662824,-0.740417895485083,0.598321169752633,-0.517699977761507,-0.508516510850491,0.828201499313111,-0.521979735973987,0.793083313838714,-0.545495229195593,-0.524254694445744,0.449673263678172,-0.745395082740569,-0.719523549783808,-0.588297561945064,1.26947386499433,-0.574442561894539,0.669172017223814,1.7499019198463,-0.27470774079019,0.495629054130972,0.421018989723373,0.554674798965676,0.460447108124419,1.15577734128155,-0.593681714206644,0.146579338013798,1.13440277050223,1.68301385766595,0.974649024789379,2.97098041379002,0.896052504072124,-0.392786433490695,-0.761647247973245,-0.0892512823773229,-0.485816253127067,0.780153139330403,1.05063544177494,-0.608508425207776,0.68860241586101,1.07897306651144,0.955644837857064,1.01329204658929,0.0012596004878638,-0.4791466881953,-0.527848653802147,1.48726166256537,1.03071659099382,2.59085003614971,-0.456566211138298,0.469615070692122,-0.493283457905667,0.760699479081821,-0.441282341989839,2.50025048253471,-0.693610145686299,-0.0580903215380015,-0.569755773406841,0.0819558690570966,0.42751897962058,1.48740241133341,-0.0346307534243024,0.484241654412213,-0.384272493327475,0.647880988407519,0.545308691508414,0.546450054742532,0.41802404679221,-0.620494342313918,1.43061191131607,1.18616121404808,3.56152089434278,0.540019294237845,1.4776736527526,-0.855651382052597,0.340096369506556,0.588123231818579,-0.392182817381194,-0.571646636129868,-0.71593825275176,0.112499395259517,-0.468119022390481,1.43354260136812,-0.367490929903791,-0.46061342417218,0.274077837393994,0.88650807833064,1.03871480701316,-0.539728084424951,1.28861450463484,1.39112719637084,0.897855168915498,1.29623106925968,1.90673392843293,1.77634223685582,1.09784258100785,1.46817186324073,1.57665897984859,2.12783429711965,2.64743540074297,1.07161803752092,1.38677929886846,-0.494007793907488,2.27469268581677,-0.27511229354005,-0.682378934286747,-0.597600263298091,3.6812527749403,-0.775810477487309,0.690404432396402,0.627022941891962,2.00472746639825,0.813586418937208,0.385160315913347,-0.543856568710744,1.28476136923574,0.655909008256207,-0.547914033241979,0.273367518380974,-0.518860584787243,1.1084552808707,-0.574522884957265,0.0621662624468173,0.28039001171954,-0.566224935388611,1.17263217631139,0.313765372661412,-0.653790722557568,0.184818152583655,-0.569897592314005,-0.685835715519622,-0.647904522193843,1.22236571623266,-0.569034714136114,-0.507817813873977,0.52311160162892,-0.768897864954003,-0.585376536065427,1.80763488128002,-0.454210725594474,0.240823722235273,1.80877202840908,2.15921650981258,1.7044380051942,1.74702865338765,1.13962065643558,-0.539307094691963,-0.348425147702436,-0.498591251333388,2.21786016790696,1.96813765866034,0.980150276978224,0.521661012790286,0.0287976623722727,-0.557501763870755,-0.505778909237946,1.64149112980199,-0.743774131603622,0.459076369982876,0.262212582874718,0.618099837251539,0.0836110309228802,0.0337957186985357,0.398307875371313,-0.306545913778968,2.09077454652563,-0.641289533744246,-0.56888790075037,0.073535537187612,-0.470465254505972,0.924557926966728,-0.604395814203172,-0.64437704550372,-0.609921532378848,0.401734835060645,0.434010162044065,-0.363912718313512,-0.421387307249072,0.176199610985738,1.04686834345531,0.934600260580964,-0.569578522132877,-0.436105875668738,-0.631759280520507,-0.406700539566019,-0.673273035311341,-0.565998932195026,-0.685817859793634,-0.730817206313231,0.255226815418502,-0.713193758009176,0.542471345689281,-0.344789866784545,-0.495183843341153,-0.939394475450667,0.502007648103912,0.20502722284122,0.577412540877814,0.419506323889196,0.695459771844167,-0.606291521024171,1.79686433094404,1.72806098070927,2.95918623155531,1.59860487069608,-0.48805352537329,1.9053084540539,-0.543434400240448,2.98389128739883,1.40094798512768,2.17516454608864,1.21735988141764,-0.469274127030998,0.176137365536147,0.165500710809791,1.69911833746644,2.07848476393597,-0.703895512265653,-0.264116170638493,1.49635468542525,0.209149185629733,0.232911365617769,-0.472351838475484,-0.494377357867234,0.797545516516113,-0.766724197739351,0.868192127726399,0.472002967563996,-0.558717666256494,-0.379161949641383,-0.442349931045581,0.923353645076731,-0.614835278634353,2.06801116175642,1.23785794415796,-0.441748500440315,-0.198418204908701,-0.515370748508433,1.08780218100073,0.811582629499352,0.0890338850079488,0.442742951707769,0.0179192566188428,-0.575643008354943,-0.61899979002849,-0.46950194156598,-0.567597101091729,-0.623788878529261,-0.67680156571333,-0.514869524021752,-0.440109756196063,0.0778746596606204,1.20652562254194,0.931415165403594,-0.864582352823089,0.961277297414448,-0.575080500923803,0.198825417063432,-0.233656095716413,-0.465167799440612,-0.735980601657659,1.84943468886177,-0.288683174437163,0.437661716335328,-0.442246094950301,-0.590310521918287,-0.597626308220176,-0.535005976446535,0.448187493287411,-0.0338919993067726,0.913674919717377,-0.599446075410806,-0.518950740640203,"HC"
"HD-9",-0.555592417576326,-0.665330012844802,0.379894944171241,0.675094405391893,0.708857719872995,-0.151408727395553,0.58644101334994,0.313548594116692,-1.05287676741849,0.36982538463383,-0.5360100599205,-0.427166054873635,0.850177740502565,-0.000525867519206373,-0.522805082503363,-0.541398169996079,-0.57729235363827,-0.951756607893985,-0.496697729346053,-0.533225338772386,0.405454866900005,-0.756759621065685,-0.72953949609161,0.261751476865588,-0.582522287517278,-1.45831178871341,2.43273183834807,-0.886090803404096,3.1098718627491,-0.572265270403078,-0.449126948447106,-0.823525490657949,1.12921834816088,-0.309529644846314,0.138188376424581,-0.964466112786827,-0.497006264132812,-0.559309350558077,0.255317840255265,-0.97766678067334,-0.197132783304955,-0.432793411116399,-1.07616298942653,-0.536928301917431,-0.535926408238852,-0.368238657571076,-0.800523516316676,-0.684422976084699,1.04584117283624,-0.757778983174664,-0.804466674495576,-0.722133608031586,-1.00553084851786,-0.318744584404505,-0.559247717928647,-0.374389587264773,-0.457301332060047,-0.488378971130679,-0.535578881140264,-1.23558207417991,0.128288043891894,-0.466862369479199,1.33865100411295,-0.361091310062088,-0.742272368002153,-0.597562997079172,0.979032105945906,1.39401234222029,-0.31869042866428,0.152630632814716,-0.890457490909887,0.963754273834396,-0.62582241159886,-0.164392918470074,-0.594144064245794,2.1982268854219,0.951072114301762,-0.726511286645635,-0.518709942838152,-0.310167173709315,-0.824570369406007,-0.472497315307328,-0.184931555471564,-0.572367111065056,-0.632421218362915,0.427660834971137,-0.729222797826837,0.571748607087891,-0.56503564513667,-1.15438649345439,-0.0249417367738423,-0.488446099570028,-0.439395440768505,-0.806924516606813,-0.824109659368058,-0.386236372075434,-0.370292957722169,-0.652696741503466,1.77125438315894,-0.893144250525708,-0.504580611844278,-0.946777991831266,-1.00272583549808,-0.824988666868521,-0.908370117980451,-0.612012511430763,-0.229265925249067,-0.890198674374411,1.37124492258053,-0.0755232293640653,-0.699577466702064,-0.848866007382096,0.511873989669889,-0.592394335996418,-0.563564816816346,0.599893663442887,-0.415332247460931,-0.066626284178785,-0.556437840594048,-0.749289324826282,-0.864139486256635,-1.00411726561039,-0.434538970011261,-0.540935274554197,-0.536412274992094,-0.466481924852692,-1.07767110647549,-0.71314737154191,0.395787307850398,-0.781783811545767,-0.612032059829267,-0.42618686188652,-0.515214523200561,-0.563237817945086,-0.652232400369068,-0.433250890230484,-1.24113329272812,-0.628682208598634,-0.496399008426687,-0.622774284236347,0.0492897820650188,-0.521167552986871,0.654070509176699,-0.74594206276323,1.50635433951451,-1.11633127205757,-0.680795110743151,1.12513711934332,-0.445041103063912,-0.360394763248112,-1.12185750843372,0.209169347053041,0.0732730501208922,0.170216633227731,-1.12931857316399,-0.946374554527438,-0.803191037428762,-0.130271062338679,-0.881133953461138,0.00745040108646333,-1.18738458930157,1.5899999605868,-0.797373187578022,-0.665258329431298,-0.174967144089039,-0.440422043770802,-0.277228934558347,-0.533884030225674,-0.866575554810563,-0.517026089783175,0.432603105456995,-1.01100613021998,-1.19702951435578,-0.175270222061783,-0.529739447900487,0.277371090007365,-0.484444351416916,-0.724735509236815,0.894660587296549,-0.399898634726296,-0.465400568692601,-0.659554194522494,-0.478819730565113,-0.59156966366512,-0.686166850667112,-0.567826653865324,-0.388287405092906,0.522108450370606,-0.547273332987266,-0.551980064673498,-0.836461434415258,-0.697113880119278,-0.954138085945745,0.0873075140643028,-0.035714714835804,-0.872091461738152,-0.22556772615367,0.340144643214251,1.13321642754452,-0.578418903939853,-0.440845057560506,-0.402800957411009,-0.494018442050273,-0.574567391161672,0.952451197663107,0.295489928899334,-0.660262121385938,-0.784182116331742,-0.046526724125737,-0.402684643828925,-0.490191614502914,0.214223577854421,-0.387458469999575,-0.67265289501153,1.1101297296366,-0.283875807415474,-0.749562816960677,-1.12224528305862,0.802098257594818,-0.721727210801833,-0.158135889661875,0.272231759436048,-0.969552848986112,-0.752576497540583,-0.774127007600307,-0.657239406583379,1.35122285780871,-0.769269638931583,-0.547342081550196,-0.66549608966086,-0.400497512029309,0.445747946453869,-0.339186698966987,-0.802317558831034,3.24345091384854,-1.3076438001904,-0.631943764721935,-0.579507915169398,-0.620100662679788,0.659451640791753,0.471485963851358,-0.583360665074033,-0.424432034855017,1.12262439118307,-0.557349591175902,0.631009252787338,-0.68465137810729,0.798734374974893,-0.362836635108256,0.421291416110944,1.81407640101035,-0.110951217768897,-1.02595851367538,-0.680703938055349,0.568238550246464,-0.798624539569438,-0.58636397201414,1.78362380216882,-0.479183249951239,-0.381270598878597,-0.654451544220782,-0.755865250545603,-0.942110585579901,-0.474562448933739,-0.614761365837791,-0.453520463080941,-0.475498315316322,0.115084848590364,0.427530567956927,-1.00035456820405,-0.605022983692602,-0.915536831645335,-0.242571600700519,0.0797319671042037,-0.704852117823712,0.444429280130433,-0.49858944200454,-0.495454091056586,-0.625430816380737,-0.419839307586847,-0.73139551936346,-0.178396699583863,-0.513248218781385,-0.586212932084341,-0.418816240327903,-0.637586357654596,-0.419171849570317,-1.10378034554778,-0.504768109875833,-0.503708930529297,-0.0223890655105173,-0.924514780586802,-0.486184454240959,-0.813303292440974,0.357284114876065,-0.816725390488356,4.50013553670498,-0.831170933594364,0.676075467420216,-0.467517979394074,-0.763076391897337,-0.966706194397151,-0.60699609384901,-0.425556800352543,-0.972280070282039,-0.634580493951426,1.41887112593099,0.352302817758482,-0.356127764920938,-0.426152405790388,-1.21479747878706,-0.826222229547082,-0.627488378610812,-0.429499750025505,-0.464375891526999,1.10822098900058,0.47932189077987,-0.455236351660987,-0.742946755276486,-0.582032151080456,-0.818980615389333,-0.755829565716357,1.05315331520706,0.532370915674631,1.25423716492066,-0.708710560777974,-1.12086668854464,-0.79167821863407,-0.809608919621213,0.760768019346236,-0.504623527225731,0.945976451538347,-0.484778856503742,-0.119099498708639,-0.466764426657629,-0.38806539641708,-0.561253030076281,-0.883773155823425,0.542456317647269,0.386200187101949,0.449775598082844,-0.799233124164901,0.219862306478501,-0.477833002749308,1.01124520917945,0.765928453176722,-0.867875810443468,-0.747265772882252,-0.618950848071241,-0.430499440370047,-0.16610723231106,-0.77458771809739,0.458438652039144,0.555759898097213,3.57231778776712,0.76637525094047,2.45212717583412,1.80616889586981,-0.240930780183107,-0.652761428402084,-0.0184754396341436,1.11277520235117,-1.01074181138039,1.50976800254775,-0.603032598624489,-0.730318235371536,-0.598204255115836,-0.71157305436993,-0.606204342383374,-0.63129034137311,-0.386808567195655,2.60120719648129,0.061396049225494,-0.675677485964019,1.08326745853365,-0.764417769029699,-0.735411990123146,-0.080508109115211,0.205442726876477,-1.13280417093144,-0.388200013230897,-0.672522450531549,-0.689569785356508,-1.15140774083531,-0.538722496195877,-0.7995406586986,-0.574547412051676,-0.819944378140991,-0.380430093207073,1.04932426348584,-0.895298276157752,2.88680258158022,-0.760805550465173,-0.479805845518407,-0.653697914574418,-0.658091677882378,-0.719112826150793,-1.08773769552895,-0.814187642569382,-0.775032802607551,-0.580755287411444,-0.836916634773705,-0.689391508662824,0.00068783072503716,-0.591226315601407,-0.517699977761507,-0.508516510850491,-0.839734362004915,-0.521979735973987,-0.61052131080658,-0.545495229195593,-0.524254694445744,-0.831984299900153,-0.0578849765535933,-0.719523549783808,-0.588297561945064,0.0961973349942889,-0.85534945010494,-0.794015296702858,1.00163317669457,-0.788184218742662,-0.495614760728454,-0.311852135067437,0.359268027440978,1.03448421368429,-0.677053451143998,2.19866047661722,-0.792912836073741,0.646660921858436,-0.757800053491713,-0.694758292889573,-0.55321502257966,-1.1319511214443,-0.392786433490695,0.0550012957677309,0.0658724837975863,-0.485816253127067,-1.26637581039537,-0.847748388510819,-0.608508425207776,-0.616708057714315,-0.682642890579754,1.65845516775083,-0.609571261310305,0.23669724023977,-0.4791466881953,0.630209596597238,-0.581450107692442,1.59992389246364,-0.24780435964914,-0.456566211138298,0.234130222880621,-0.42405961664351,-0.781460697748757,-0.441282341989839,-0.13121730258467,-0.693610145686299,-0.619428520644598,-0.569755773406841,-0.3155676182817,-0.773643467427534,-0.837555726474759,0.616524611728444,-0.785445256160296,-0.384272493327475,0.0702049067974537,-1.21732527311908,0.200283528159532,-0.67319351540593,-0.620494342313918,1.18324516763244,-0.600466657719567,-0.460086230424931,0.0636479303679312,-0.69871053666764,-0.207290197929214,0.595873573035479,-1.13339019479525,-0.496756381671275,0.398203999196289,-0.71593825275176,-0.777414105828957,-0.877809728241419,-0.963894975231911,-0.367490929903791,-1.00723720358106,-0.573648085257991,-0.339921480302879,-0.548246753341323,-0.779432172833394,0.0602863068401836,-0.77689632987442,-0.513527807859149,0.458466328491869,1.8080611936366,1.51961389379549,0.32638635257946,-0.214216270558459,1.13915861226464,-0.605815007708669,-0.838746468088768,-0.512995918425756,-0.6002692007909,0.622842848816461,0.871927032447668,1.15206974850732,1.05830718213652,1.1871300750678,-0.561688757941423,-0.775810477487309,0.543646489799341,1.65996132203576,-0.755650546229756,2.794238051447,1.58902141895898,-0.543856568710744,0.78983974016235,0.52657679080922,-0.547914033241979,0.769202890863063,-0.518860584787243,0.0890268500012428,0.359439623797387,-0.0394906761104557,2.20031369954702,0.312134202192419,-0.60068195999903,0.821540104340447,1.36986079580419,-0.653851689833047,0.360432628153974,1.67654655505663,-0.647904522193843,1.18574823504255,-0.569034714136114,-0.507817813873977,1.06705559648195,0.896419654690378,-0.585376536065427,1.29247749948746,-0.454210725594474,2.68924651439065,-0.574696478706447,-0.0876333918791076,-0.137201132584715,-0.540641423031425,-0.665426753584578,0.790552421326265,-0.348425147702436,-0.498591251333388,1.88701324890601,1.80284639534021,-0.622281704570721,-0.782401068500164,-0.789447035739829,0.285942130917965,-0.505778909237946,-0.624275977269652,-0.743774131603622,-0.743846574768942,-0.104460116132549,-0.397363968993432,-0.922357934814868,-1.07695751091064,-0.535880037749856,-0.40924724551845,-0.625888537038413,-0.641289533744246,-0.56888790075037,-0.680264025007797,-0.470465254505972,-0.726381607522248,-0.604395814203172,-0.64437704550372,0.349441540273814,-0.619881066592517,-0.61712009938149,-0.363912718313512,-0.421387307249072,0.741126954438309,-0.530264405273805,-0.73145250418656,-0.569578522132877,-0.436105875668738,-0.631759280520507,-0.406700539566019,0.296002601412204,-0.565998932195026,-0.685817859793634,-0.730817206313231,-0.520238954117215,-0.713193758009176,-0.383271828210091,-0.344789866784545,-0.495183843341153,0.549952453027396,-0.74095518162433,2.25591477899447,-0.553693741254614,0.292784955183129,-0.536600271805562,-0.606291521024171,0.761208699805659,-0.479383335875246,-0.621606511720135,-0.974570951392448,-0.48805352537329,0.299367972479383,-0.543434400240448,1.49536916658216,-0.617518100327603,0.300965396939904,0.458238433568757,-0.469274127030998,0.0668077025436469,-0.796606268568196,1.32687817795549,-0.491698944574237,-0.703895512265653,-0.84487140513254,-0.683218747620856,-0.177346996076115,0.210036657311812,0.515292033756205,-0.494377357867234,-0.216264105294157,0.593925572811621,-0.254267567155177,1.05724112332456,0.488654476108923,-0.379161949641383,-0.514158444378327,0.383071865155679,-0.614835278634353,-0.623039723737013,-0.812575895131137,-0.441748500440315,-0.788012724473105,-0.515370748508433,-1.2541307915187,-0.750713194799017,-0.807101569604255,-0.557916730587529,-0.320531703648491,-0.575643008354943,-0.61899979002849,-0.46950194156598,-0.567597101091729,-0.623788878529261,-0.67680156571333,-0.514869524021752,-0.440109756196063,-0.0295525885741343,-0.628134209307874,-0.459473350761309,-0.864582352823089,-0.559609290515974,-0.575080500923803,-0.624478446322977,-0.72921406656607,0.61166999786812,-0.735980601657659,-0.870570227459186,1.15413257887896,-0.528878550032712,-0.442246094950301,-0.590310521918287,-0.597626308220176,-0.535005976446535,0.279397772658622,0.163630875766413,-0.882104756219481,-0.599446075410806,1.01201502309846,"HC"
"HD-10",-0.555592417576326,3.02382865796982,3.82871262983998,1.84378160688664,1.12000552316871,0.124347485749556,-0.489483674713921,1.9999678701902,-0.687744373635437,-0.587392633752342,1.07695146684298,-0.427166054873635,1.92705892941839,2.29115595116322,-0.522805082503363,0.925320175591009,0.647268436237645,2.27518855779082,0.817826723010576,-0.533225338772386,0.245709005815864,0.398675044385717,-0.72953949609161,1.01251945756221,0.899581183729695,0.285362718962873,2.00951382957225,2.223358269209,-0.59994073973799,0.707642443513441,3.54264188981368,-0.823525490657949,-1.24614815954864,-0.309529644846314,0.939572930429119,1.39053067333562,-0.497006264132812,-0.559309350558077,3.51871027239407,2.82941584083906,2.65383493369773,-0.985369683958035,0.409108924643464,-0.536928301917431,-0.535926408238852,0.807132517841918,-0.130376249461167,-0.684422976084699,-0.894666522630992,2.38257396454956,1.77982160446759,-0.00214996812541101,3.07798174527154,1.78299558618112,-0.559247717928647,-0.374389587264773,-0.457301332060047,-0.488378971130679,-0.535578881140264,0.442508701808898,-0.00409210518470022,-0.466862369479199,-0.78169417422122,-0.361091310062088,1.78727664889057,3.86999001027307,2.27388625684062,1.56454828715663,1.99537684570381,1.79180249380494,0.207245056666247,0.111363042357865,-0.62582241159886,3.86844031436691,-0.594144064245794,1.32175189561104,3.38814029527301,-0.726511286645635,-0.518709942838152,-0.310167173709315,1.43358010686568,-0.472497315307328,1.84545597573761,-0.572367111065056,4.16815167311123,-0.539991255188735,2.05473788473272,0.826352360203967,-0.56503564513667,0.847840518418138,0.493335599929747,-1.04938131129347,-0.439395440768505,-0.0229075360466074,-0.824109659368058,-0.386236372075434,3.05365092263067,3.70299656845787,-0.580182792717566,2.5791977088672,-0.504580611844278,-0.065898655052983,3.17176772204262,-0.0937343058021563,-0.908370117980451,-0.612012511430763,3.789852060672,1.13668302516734,-0.877494153250386,-0.438664530642599,-0.699577466702064,2.38245505568041,1.66215567400688,-0.592394335996418,-0.563564816816346,1.04879791191095,-0.415332247460931,0.327966625883159,-0.556437840594048,-0.749289324826282,0.710119994649408,0.252450042989242,-0.434538970011261,-0.540935274554197,0.585001030731691,-0.466481924852692,-0.559951564949919,-0.71314737154191,-0.467269611423203,3.43798288536524,-0.612032059829267,-0.42618686188652,-0.515214523200561,1.57773751731916,0.175229387657839,-0.433250890230484,0.366126819332387,-0.628682208598634,-0.96051637736292,-0.622774284236347,1.50778112593032,-0.521167552986871,1.74880826594252,-0.74594206276323,2.79333164103891,1.04008418596729,-0.680795110743151,2.48513276494859,-0.445041103063912,-0.360394763248112,-0.480081560871155,1.61090843362838,-0.544945209809633,1.87105459100929,2.07187500298981,0.891316090346676,2.6703507167961,0.87589098160554,-0.881133953461138,1.83931338279598,0.532466928390692,1.09880290197485,0.718607027898372,-1.16230080545647,1.54886206521184,-0.440422043770802,1.17890167444424,-0.533884030225674,1.64045481896177,-0.517026089783175,1.27769982758523,3.33864689811385,0.864282412693609,1.46776569116018,-0.529739447900487,-0.991195534761472,-0.484444351416916,1.25571007555649,1.11403052835597,1.29604676361731,-0.465400568692601,2.05228200500864,-0.585060554101178,-0.59156966366512,-0.0208443728674115,-0.567826653865324,-0.388287405092906,1.30341772467091,0.802331351577162,-0.551980064673498,1.67001358394664,0.235187253045562,-0.155460867860733,0.836743917910901,1.65567978165931,-0.872091461738152,-0.889556386155257,-0.143928043469724,1.79963111438355,-0.578418903939853,3.56317350148406,3.96344400240603,3.50062725003245,4.1582386095045,1.26842864183423,-1.03292766190848,2.55661221635723,0.872599448797293,-0.0989996891725795,1.81154850530726,-0.490191614502914,-0.724722993416231,-0.387458469999575,-0.67265289501153,2.21440367940649,0.38573726847875,-0.749562816960677,0.515254094154102,1.84277222204037,-0.721727210801833,0.0108897113879282,0.352284916162915,-0.0889875416350706,0.19056984323621,-0.774127007600307,0.970296655869652,-0.739571250856207,0.059492667741633,-0.547342081550196,-0.66549608966086,-0.400497512029309,1.76998559785162,-0.961280804736148,1.33993079159598,-0.431584442518366,0.8666036518015,-0.631943764721935,-0.579507915169398,-0.620100662679788,-0.503796517211337,2.37672909427658,1.46214828727839,-0.303133125546502,1.26949040430574,-0.557349591175902,1.8061944531581,1.13939190952652,0.24244421808086,-0.362836635108256,1.74138044165229,2.97843376735536,0.57298053536075,-0.543987039282887,1.05137655178667,1.4685533986985,0.707386493007734,0.424814447163084,1.48947851212531,-0.479183249951239,-0.886549830287623,-0.654451544220782,-0.755865250545603,0.819435960413402,0.408084893480938,-1.09491872168078,-0.453520463080941,-0.475498315316322,0.351927929982747,3.02427186634285,-1.00035456820405,3.32931424318956,-0.185271180582732,1.39603861202456,0.522782010184649,2.88326448801332,-0.657270497541832,2.05234865117418,-0.495454091056586,-0.625430816380737,-0.419839307586847,-0.73139551936346,-0.618696368735234,-0.513248218781385,-0.586212932084341,-0.418816240327903,-0.637586357654596,-0.419171849570317,1.07642341522774,-0.504768109875833,-0.503708930529297,1.94866018560776,-0.924514780586802,0.385527576491918,-0.813303292440974,2.35249147929858,-0.139831301737906,-0.404812961836128,-0.160171746057567,1.01277485311159,-0.0736885568576584,1.3852799319222,1.31122677926055,-0.60699609384901,2.36546700091682,-0.972280070282039,0.48385174431386,1.00830418257975,1.83278855195997,-0.356127764920938,-0.426152405790388,0.0658404956827656,-0.826222229547082,1.24756918473824,-0.429499750025505,-0.464375891526999,3.53791369926931,-0.24590328755607,-0.455236351660987,0.543837978622383,-0.582032151080456,-1.18959503173864,-0.755829565716357,3.33755501856414,1.82181671816972,1.46691814720836,1.82501028135377,0.355987943218113,0.510975089257401,-0.809608919621213,-0.965937838928799,0.682676063947768,1.82933370311972,1.1062572385156,-0.680117437351813,-0.466764426657629,4.76670627443971,0.938948152079221,0.586336137532755,-0.444598034495984,0.647470480531433,2.31716847239303,-0.799233124164901,2.58530411202274,0.896491392420137,2.97983321228167,-0.414352476826801,-0.867875810443468,-0.747265772882252,-0.618950848071241,-0.430499440370047,-0.796259557655844,3.7137862003826,-0.493593930889384,0.367336913733286,-0.558555906049502,-0.598213055580144,-0.710284973869927,5.87157969166576,0.979963407407045,1.71570850630528,1.42289531555039,2.55534212462228,-0.167276558236329,-0.566010699037032,-0.603032598624489,1.68189945756772,0.758388288566931,2.91718705017308,-0.606204342383374,-0.63129034137311,-0.386808567195655,-0.473937637058681,0.986434271747781,3.57306175906209,-0.799036810595303,0.29830262649347,-0.735411990123146,1.89686431194395,-0.889325548542612,0.287570169701706,1.71849744009639,1.15867853147196,-0.689569785356508,0.530348511119104,-0.538722496195877,2.05833438963623,-0.574547412051676,0.264056053478397,-0.380430093207073,-0.834709508043328,-0.355927983941206,3.00312865775455,0.509347827374105,0.676614924234039,-0.653697914574418,0.225532365739371,1.10406661175738,1.85420571983313,-0.814187642569382,3.76255938947857,-0.580755287411444,0.757428702861328,-0.689391508662824,1.46886221133015,-0.591226315601407,-0.517699977761507,0.869753814370996,-0.839734362004915,-0.521979735973987,0.271994003881417,-0.545495229195593,-0.524254694445744,-0.831984299900153,1.74340727117421,-0.719523549783808,-0.588297561945064,0.373710631312845,1.17646750134216,2.0407184506619,1.87043879417771,-0.788184218742662,-0.495614760728454,0.198362099092542,2.59340623605798,0.374615399261624,3.84498380880585,-0.593681714206644,-0.792912836073741,-0.598637045425795,0.649867606996444,-0.694758292889573,-0.55321502257966,-1.1319511214443,1.57170014564335,1.88054227003794,0.158619615475795,-0.485816253127067,1.0375532716726,0.462857345845803,-0.608508425207776,1.37769018716815,-0.682642890579754,-0.716476224852673,-0.609571261310305,-0.229458864867837,2.86514846487027,2.28048333743727,-0.581450107692442,-0.623221682356157,1.70067280620027,-0.456566211138298,1.54148490001247,1.8070400767557,4.52037998511087,-0.441282341989839,1.56958970889199,-0.693610145686299,0.766399532146807,-0.569755773406841,-0.969526788505132,-0.773643467427534,2.08956425317043,1.55525774922131,1.56860524518463,-0.384272493327475,-0.0879612718163425,0.568491461653139,-0.911558242630226,-0.67319351540593,0.541921692260065,2.48292498347504,-0.600466657719567,2.46073021102827,0.931939533979565,2.23417762641397,0.892441945236514,0.920864058587146,1.50324819149971,0.0826747746142503,-0.571646636129868,-0.71593825275176,-0.777414105828957,2.23938062631319,-0.963894975231911,-0.367490929903791,-1.00723720358106,0.345048237520951,0.297588324699498,1.17079818624097,0.00176516464303943,-0.74633402219577,2.5671594162039,-0.513527807859149,1.71697089822845,2.36691273709677,6.19545624609653,2.22434389089467,5.15464146268797,2.76878996512972,2.78817862879235,2.75364407366661,4.5356832436733,5.93455843061554,3.09181630773727,4.18376649858894,-0.613553608912799,0.986420065025937,1.60260118048118,1.22714889654928,1.48281085636422,1.32159114671086,0.999391509210286,0.762190020915982,-0.800938882071613,1.35713118602501,-0.543856568710744,2.35403720851057,1.49958517013273,-0.547914033241979,2.02796935930919,2.54075893743649,-0.718638772768277,-0.574522884957265,0.131501551545087,3.11438655068103,-0.566224935388611,1.60979646484375,0.396575455794192,0.192699042978746,-0.653851689833047,-0.569897592314005,-0.685835715519622,-0.647904522193843,1.8219828078227,2.40915182800689,1.31361653661146,-0.536494698185429,2.7039385618207,0.784295360795261,3.21137102102938,-0.454210725594474,-0.564900394388196,1.99878619277036,1.13116500106232,5.26222573739054,4.28802648399728,3.756465512958,5.28403891541388,-0.348425147702436,-0.498591251333388,2.96518279864017,0.349034964633763,-0.622281704570721,-0.782401068500164,-0.789447035739829,-0.557501763870755,-0.505778909237946,2.41185882842122,0.0633155616486946,0.0127359835526612,-0.846638841230125,-0.397363968993432,-0.289650264709673,0.263132942824028,-1.14934390124832,-0.501230030108686,-0.625888537038413,1.98296340263891,-0.56888790075037,-0.680264025007797,1.54145084821442,3.5304441528541,-0.604395814203172,-0.64437704550372,3.51870862668787,-0.619881066592517,-0.61712009938149,-0.363912718313512,5.59704974234797,1.49135383417028,-0.530264405273805,1.55982857127517,-0.569578522132877,-0.436105875668738,-0.631759280520507,1.00583610674525,2.64416116708471,-0.565998932195026,-0.685817859793634,0.574503312917406,1.02823903156545,-0.0783234369756494,2.19601463902517,-0.344789866784545,-0.495183843341153,0.0527492984241809,0.605459889737536,2.5262303854326,-0.553693741254614,2.48685885165862,-0.536600271805562,0.560875962470845,4.7460421253708,6.60537046456703,2.56791328367575,-0.974570951392448,-0.48805352537329,4.41186275247968,1.67013963378474,3.65764627858369,-0.617518100327603,4.26242390654837,7.22827833874972,-0.469274127030998,1.41801205727918,-0.796606268568196,-0.598331963886002,5.7091612928047,2.52962856716875,0.129776924117918,-0.683218747620856,1.48851162837846,1.37506050692569,2.22319081527627,5.02134783263944,0.668163997289675,0.688834015321811,-0.823990033085211,0.477120797829445,-0.558717666256494,-0.379161949641383,-1.02737092254885,1.0629546393985,-0.614835278634353,3.28369981424109,1.68646472850502,-0.441748500440315,2.67754567386607,-0.515370748508433,1.07943744716393,-0.750713194799017,-0.807101569604255,4.87140045723931,2.75272159561197,0.573070818265988,2.52287983456522,3.68607545347063,0.715238279249957,-0.623788878529261,2.05133686321137,4.83140598061765,-0.440109756196063,1.83045984286343,-0.628134209307874,1.09012002515335,3.69521775523551,2.02200398037036,-0.575080500923803,0.267751237366075,-0.72921406656607,-0.465167799440612,-0.735980601657659,0.989963158525004,1.09333876724047,-0.528878550032712,-0.442246094950301,1.11248551647286,-0.597626308220176,0.613491776543883,1.31887610922759,1.30588963770714,0.710298711484945,-0.599446075410806,1.3610836629238,"HC"
"HD-11-1",-0.555592417576326,-0.665330012844802,-0.874316134855906,-1.03790453368905,-1.40910500646145,-0.603167281723957,-0.489483674713921,-0.97561787120828,-0.641420141695549,-0.587392633752342,-0.5360100599205,-0.427166054873635,-0.642142611977996,0.416540560888666,-0.522805082503363,-0.89785418098324,-0.57729235363827,-0.951756607893985,-0.496697729346053,-0.533225338772386,-0.437689651486168,-0.19335279603211,-0.72953949609161,0.125499684283658,-1.18728595031787,-0.754569313791849,-0.671018873252328,-0.886090803404096,-0.59994073973799,-0.572265270403078,-0.449126948447106,-0.823525490657949,-0.376613834361544,-0.309529644846314,-0.931790273593406,-0.964466112786827,-0.497006264132812,0.542221311536684,-0.678871816813987,-0.403641603186535,-1.31380191096635,-0.985369683958035,-0.293817854561536,0.306286503031748,0.391061317832587,-1.0830228033472,-0.800523516316676,0.32311030845573,-0.894666522630992,-0.757778983174664,-0.804466674495576,-0.722133608031586,-1.00553084851786,0.0229194436298388,-0.559247717928647,-0.374389587264773,-0.457301332060047,-0.488378971130679,0.929594834958674,-1.23558207417991,-0.940150463465516,-0.466862369479199,-0.78169417422122,-0.361091310062088,-0.742272368002153,-0.597562997079172,0.0995518724111826,-0.817966851467587,-1.09710917358541,-0.649669538224957,-0.890457490909887,-0.430193528253455,-0.62582241159886,-0.0354510232854177,-0.594144064245794,-0.427209662751993,-0.884442638278434,7.8542470324311e-05,-0.518709942838152,-0.0326862185332729,-0.824570369406007,-0.472497315307328,0.640381347214513,-0.572367111065056,-0.632421218362915,-0.539991255188735,-0.729222797826837,-0.510050775686776,-0.56503564513667,-0.642747318535578,-0.619254249225233,-0.377237777624708,-0.439395440768505,-0.806924516606813,-0.824109659368058,-0.386236372075434,-0.370292957722169,-0.652696741503466,-0.580182792717566,-0.893144250525708,-0.504580611844278,-0.0914544600071332,-1.00272583549808,-0.322268015723144,-0.908370117980451,-0.612012511430763,-0.0865217818080803,-1.09538792105111,0.584049067978499,-0.553072584801154,-0.699577466702064,-0.848866007382096,-0.452368705146045,-0.592394335996418,0.671952074724034,0.196322510918082,-0.415332247460931,-0.284999219699881,1.03861536689643,0.580038622356244,0.148540694612718,-0.587533121966321,-0.434538970011261,-0.540935274554197,-0.287793673061283,-0.466481924852692,-0.252215540722944,-0.71314737154191,-0.467269611423203,-0.781783811545767,-0.612032059829267,-0.42618686188652,-0.515214523200561,-0.563237817945086,-0.652232400369068,-0.433250890230484,-0.630882505247574,-0.628682208598634,-0.96051637736292,-0.622774284236347,-1.12347047875351,-0.521167552986871,-0.548223358990801,-0.74594206276323,-0.107368516014098,-0.67458258918937,-0.680795110743151,-0.630959826187288,0.285382107430735,0.353610991168691,0.382882546527852,-0.76342306687264,-0.544945209809633,-0.75320262575165,-0.130317427846109,-0.946374554527438,-0.803191037428762,-1.15278844781279,-0.881133953461138,-0.369102798712399,-0.902260316076126,-1.23041210025291,-0.797373187578022,-1.16230080545647,-0.975835190743386,-0.440422043770802,-0.832999110597407,-0.533884030225674,-0.866575554810563,-0.517026089783175,-0.717586015732752,-1.01100613021998,0.0113952126863551,-1.02331441862592,-0.529739447900487,-0.991195534761472,1.6290205851007,-0.724735509236815,-1.06812588172807,-0.399898634726296,-0.465400568692601,-0.659554194522494,-0.783995257344996,-0.59156966366512,-0.686166850667112,-0.567826653865324,-0.388287405092906,-1.094446011107,-0.547273332987266,-0.551980064673498,-0.836461434415258,-0.697113880119278,-0.954138085945745,-1.0373165163775,-0.929432576612138,-0.872091461738152,-0.889556386155257,0.00486879080530013,-0.654078746223719,-0.578418903939853,-0.440845057560506,-0.402800957411009,-0.233855502507002,-0.574567391161672,-0.776366671712066,-0.0709185247152443,0.636672836553226,-0.784182116331742,-1.33950734716597,-0.50370967742337,-0.490191614502914,-0.724722993416231,-0.387458469999575,-0.67265289501153,-1.24706496093846,-0.896356640003324,-0.749562816960677,-0.635883522638292,-0.826299878399175,-0.721727210801833,-0.876317725753786,-0.875446007171464,-0.969552848986112,-0.752576497540583,-0.774127007600307,-0.657239406583379,-0.739571250856207,0.035308663442572,-0.547342081550196,-0.66549608966086,2.12072739448741,-1.33669644843312,-0.961280804736148,-0.802317558831034,-0.431584442518366,-0.146790523900155,-0.631943764721935,-0.579507915169398,0.634180647239708,-0.503796517211337,-1.0770163128063,-1.02984446404236,-0.939825400487642,-1.0296717504799,-0.557349591175902,0.0280653472716518,-1.56790518709751,0.724868422145121,-0.362836635108256,-1.16275914001512,-0.902564283763228,-1.0669610666387,-1.35873215774737,-0.274348794833569,-0.679399709028993,0.243214580838513,-0.58636397201414,-0.590419110099479,-0.479183249951239,-0.0430067001283736,0.893456139336226,-0.755865250545603,-0.393963257166751,-0.873831727472401,-0.392272874145695,-0.453520463080941,-0.475498315316322,-0.401442087688478,-0.632054548348183,-1.00035456820405,-0.605022983692602,-0.915536831645335,-0.759490026433973,-0.824581531179461,-0.704852117823712,-0.657270497541832,-0.49858944200454,-0.495454091056586,0.0213759586604872,-0.419839307586847,-0.73139551936346,-0.618696368735234,0.789118986756316,-0.586212932084341,-0.418816240327903,-0.637586357654596,-0.419171849570317,-0.78953998612448,-0.504768109875833,-0.503708930529297,-0.499026660375235,-0.924514780586802,-1.28931703069017,-0.813303292440974,-0.462686559407558,-0.816725390488356,-0.404812961836128,-0.831170933594364,0.265763457707885,-0.361251673960546,0.720875325978577,-1.03571918372432,-0.60699609384901,-0.943549081967018,-0.122166140760664,-0.923566729405713,-0.492093429498443,-1.12976969199847,-0.356127764920938,-0.426152405790388,-1.21479747878706,0.0944992504540246,-0.627488378610812,-0.429499750025505,-0.464375891526999,-0.886517603314692,-1.06964048874916,-0.455236351660987,-0.742946755276486,-0.582032151080456,-1.18959503173864,-0.223101636240762,-0.699866851830432,-1.08733081696946,-0.796526001879866,-0.708710560777974,-1.12086668854464,-0.0570699817224629,-0.809608919621213,-0.965937838928799,-0.504623527225731,-0.863563219649252,-0.874528904239001,-0.680117437351813,-0.466764426657629,-0.836854594027651,-0.561253030076281,-0.163651517018381,1.22467496462198,-1.10748656545302,-0.869130914118606,-0.799233124164901,-0.940150205056253,-0.477833002749308,-0.887816360584014,-0.414352476826801,0.545079350651885,0.530455565125307,-0.618950848071241,-0.430499440370047,-0.796259557655844,-0.77458771809739,-0.493593930889384,-0.96499962340129,1.03469421968748,0.222920273100642,-0.710284973869927,0.298697630528027,-1.11454881346191,-0.725730220153129,-0.605988877096471,-0.747997090271536,-0.191607840673977,-0.566010699037032,-0.603032598624489,-0.730318235371536,-0.12763278343784,0.751420317282424,-0.606204342383374,-0.169627045983965,-0.386808567195655,-0.473937637058681,-1.05041719681683,-0.675677485964019,-0.799036810595303,-0.764417769029699,-0.735411990123146,0.0737254844816149,-0.230554904068076,-1.13280417093144,-0.388200013230897,-0.672522450531549,-0.689569785356508,-1.15140774083531,-0.538722496195877,-0.7995406586986,-0.574547412051676,-0.0747188699732357,-0.380430093207073,-0.834709508043328,-0.441086334364671,-0.543996565944918,-0.760805550465173,-1.21080455522408,-0.653697914574418,-0.658091677882378,-0.719112826150793,-0.381895493149685,0.812187981642782,-0.0586117825639763,0.219178381551882,-0.836916634773705,-0.689391508662824,-0.740417895485083,0.295024309175974,-0.517699977761507,-0.508516510850491,-0.839734362004915,-0.521979735973987,-0.61052131080658,-0.545495229195593,-0.524254694445744,-0.831984299900153,-0.161509031886207,-0.130303218531852,-0.588297561945064,-1.14485071477297,-0.0356146216140858,-0.794015296702858,-0.708694695668396,-0.788184218742662,-0.495614760728454,-1.18836044397162,-1.05758031450463,-0.997877754173032,-0.677053451143998,-0.593681714206644,-0.792912836073741,-0.598637045425795,-0.757800053491713,-0.694758292889573,-0.55321502257966,-1.1319511214443,-0.392786433490695,-0.761647247973245,-0.998362605765605,-0.485816253127067,-0.518197808578707,0.0547134441535377,-0.608508425207776,-0.616708057714315,-0.682642890579754,1.04179291474728,-0.609571261310305,-0.99456836848483,0.158513780007813,-0.527848653802147,-0.581450107692442,-0.623221682356157,-1.26263664823088,-0.456566211138298,-0.681959844238832,-0.79912876583588,-0.781460697748757,-0.441282341989839,-0.406800105300508,-0.693610145686299,-1.09916516484084,-0.569755773406841,-0.185231300048213,-0.773643467427534,-0.837555726474759,-0.909848144967057,-0.785445256160296,-0.384272493327475,-0.165320862544241,-0.876821614470416,-0.36418986626941,-0.67319351540593,-0.620494342313918,-0.601887066668739,-0.600466657719567,-0.969725385594821,-1.03587351734511,-0.489825175800154,-0.855651382052597,-0.569652706713889,-1.13339019479525,-0.844928935632036,-0.571646636129868,-0.71593825275176,-0.777414105828957,-0.199231046363354,-0.0487661554101419,-0.367490929903791,-0.196275064349652,-0.573648085257991,0.439856780409653,-0.548246753341323,-1.17376531728267,-0.74633402219577,0.437379064878909,-0.513527807859149,-0.410458854850929,-0.702854463496712,-0.376085254966847,-0.65323427697639,-0.751527203204582,-0.487170846083124,-0.605815007708669,-0.838746468088768,-0.512995918425756,-0.6002692007909,-0.494007793907488,-0.829580232182152,-0.310437506625478,-0.682378934286747,-0.597600263298091,-0.561688757941423,-0.775810477487309,-0.505226462944271,-0.439577640152369,-0.755650546229756,-0.800938882071613,-0.923820668091811,-0.543856568710744,-0.799784033987206,-1.18890737961414,-0.547914033241979,-0.69252288453592,-0.518860584787243,-0.718638772768277,-0.574522884957265,-0.766028616235394,-0.221395175224367,-0.566224935388611,-0.60068195999903,-0.675382976552414,-0.653790722557568,-0.653851689833047,-0.569897592314005,0.397805941390541,0.108377529948219,-0.664556936026652,-0.569034714136114,-0.507817813873977,-0.536494698185429,-0.768897864954003,-0.585376536065427,-0.622528035985135,-0.454210725594474,0.282797693070342,-0.00033451124437857,-1.15345187296098,-0.785105315526192,-0.540641423031425,-0.665426753584578,-0.539307094691963,-0.348425147702436,-0.498591251333388,-0.523080667456721,-0.831156261607636,-0.622281704570721,-0.782401068500164,-0.789447035739829,-0.557501763870755,-0.505778909237946,-0.624275977269652,-0.743774131603622,-0.743846574768942,-0.846638841230125,-0.397363968993432,-0.922357934814868,-1.07695751091064,-1.14934390124832,-1.14684228042207,-0.625888537038413,0.584682802035728,-0.56888790075037,-0.680264025007797,1.22379995240036,-0.726381607522248,0.147870823773097,-0.64437704550372,0.204842804589789,-0.619881066592517,-0.61712009938149,-0.363912718313512,-0.421387307249072,-0.59770769002142,-0.530264405273805,-0.73145250418656,0.0332139732592944,-0.436105875668738,-0.631759280520507,-0.406700539566019,-0.673273035311341,-0.565998932195026,-0.685817859793634,-0.730817206313231,-0.520238954117215,-0.276734930307383,-0.991190188200663,-0.344789866784545,-0.495183843341153,-0.455610675007674,-0.0844235202369825,-0.726611845001168,-0.553693741254614,-0.612887431730709,-0.536600271805562,-0.606291521024171,0.237458828682601,-0.479383335875246,-0.621606511720135,-0.974570951392448,-0.48805352537329,-0.865980025698746,-0.543434400240448,-0.767155531633286,-0.617518100327603,-0.563722602978791,-0.524092166767868,-0.469274127030998,-0.71456688213729,-0.796606268568196,-0.598331963886002,-0.491698944574237,-0.703895512265653,-0.858531088336619,-0.683218747620856,-0.813165332182298,-0.503309099179576,-0.472351838475484,-0.494377357867234,-0.415380934743703,-0.766724197739351,-0.823990033085211,-0.926108184691356,-0.558717666256494,-0.379161949641383,-0.274637784148018,-1.10872837036061,-0.614835278634353,-0.623039723737013,-0.812575895131137,-0.441748500440315,-0.788012724473105,-0.515370748508433,-0.595359882251359,-0.750713194799017,-0.807101569604255,-0.557916730587529,-0.692118354879601,-0.575643008354943,-0.61899979002849,-0.46950194156598,-0.567597101091729,-0.623788878529261,0.227023046560931,-0.514869524021752,-0.440109756196063,-0.797330693575754,-0.628134209307874,-1.11711648863016,0.172517857015366,-0.559609290515974,-0.575080500923803,-0.624478446322977,-0.72921406656607,-0.465167799440612,-0.735980601657659,-0.870570227459186,-0.978836790500469,-0.528878550032712,-0.442246094950301,-0.590310521918287,-0.597626308220176,-0.535005976446535,-0.971102685742491,-0.86340182998155,-0.105625558616992,-0.599446075410806,-0.518950740640203,"HC"
"HD-13-1",0.916091340733381,1.48533058534957,0.823274910158494,0.606547707388714,0.403044935994276,0.29708427508398,0.394116320937239,0.693137526143181,-0.806372079484045,-0.587392633752342,1.79738104264943,-0.427166054873635,0.585793166247363,0.785423521480928,0.348589457515015,0.264403424520995,0.236780784738258,0.965347052808524,1.01278440276222,0.132368028310362,0.339017290292934,-0.756759621065685,0.68019841676923,-0.0667646008684371,0.384076451958091,0.561310082489594,-0.219008030680947,0.583076211299612,0.123136228359222,1.92121482392585,1.75378620524501,0.332634983443362,0.203364162702238,-0.309529644846314,0.281521128744022,0.0479014754473283,0.749461697578088,0.743610114011897,0.193210443910651,0.695993294955963,0.648611444778787,-0.531568039942944,-0.319426656363764,1.08720514652658,-0.535926408238852,0.9382794654008,1.26761991544171,1.07823218884833,1.36889969280084,-0.757778983174664,0.706595390473282,0.976397919397226,-0.459462120581716,1.37796621375603,1.41374556227724,-0.374389587264773,1.10546550617425,-0.488378971130679,-0.535578881140264,0.10380865232519,0.438907139418114,-0.466862369479199,0.606515288244508,0.508293648185855,1.13581673865401,-0.597562997079172,0.745602314290723,-0.672058919110192,0.352155340157841,0.041699841349299,0.668600403594822,1.04198414218551,-0.62582241159886,0.106404759953151,-0.00784842667268115,-0.427209662751993,-0.256644720682895,-0.726511286645635,-0.518709942838152,-0.0418441128129636,-0.145083801705368,-0.472497315307328,0.561372983628404,-0.572367111065056,0.796286147647854,0.582322020839666,0.880337897663541,0.378373795772066,-0.56503564513667,0.376725422840841,-0.208758478919099,-0.72298175766486,-0.439395440768505,1.17480641665355,-0.0936205189467333,-0.386236372075434,-0.370292957722169,0.976587663695369,-0.580182792717566,0.310042066275311,-0.504580611844278,-0.0230414073976433,0.150734035961945,0.143311960630504,0.654430780137431,0.819289402828953,0.359758800210826,0.592660789407793,1.84061059994389,0.216260793883006,0.406474383600555,0.152345351956081,0.404675468386807,1.54802628736533,0.896180041723996,1.40056542652322,2.8578347966619,0.634705844043442,-0.556437840594048,-0.103754514399558,-0.864139486256635,0.0478566553555718,-0.434538970011261,1.2960529151145,0.788216042003698,-0.466481924852692,1.28398283363176,0.816152007728127,-0.467269611423203,0.236193239901644,-0.612032059829267,2.66288717872832,1.78165336662339,0.0809902781790964,0.686123932958635,1.57595147995206,0.140346475646724,1.48077012610015,-0.201309169761109,-0.622774284236347,0.452691249020597,0.900246054886177,0.591730199416814,0.945467812081923,0.630346264600193,0.993281254500094,1.41015682105411,1.13396946421061,-0.445041103063912,1.01486646476095,0.78325368071871,0.102592654279779,-0.544945209809633,0.3365319349824,-0.338077887675386,1.56274411512745,0.209035770907982,1.33603762660423,0.248150556293497,1.08546245925945,0.903154617966342,0.884951160386099,-0.2888690147707,0.0691637679923441,0.358121844447662,-0.440422043770802,1.06091226895461,-0.533884030225674,0.889131116712896,-0.517026089783175,-0.717586015732752,0.665108879545442,0.468953769943908,-0.326404944138449,2.3589134499242,0.211715435224523,-0.484444351416916,0.213441812814762,0.00968657246700438,0.981406502914257,-0.465400568692601,1.56996663062386,-0.460362315208144,0.825270512144682,0.29749417431221,-0.00804616409692855,-0.388287405092906,0.140306354128745,1.90044025069233,0.82491346295953,1.30961046591002,-0.697113880119278,0.649345029308482,0.286091778868272,0.443727187638285,1.11815721056145,0.323175193243166,0.113625452352806,-0.654078746223719,0.957094502158177,-0.440845057560506,1.47416333640764,0.47849944151849,-0.574567391161672,0.167864215977898,0.361662313026666,1.23647885366203,0.17575431269994,0.998347181244966,0.023476587913192,-0.490191614502914,1.22555027904577,0.56205935296187,2.1005386625373,0.360356808317868,0.501605997116544,-0.171447201176711,1.50884704486081,0.564717290496239,0.412185512265159,0.435394122422838,0.0689052436498601,-0.292235911192945,-0.752576497540583,0.619224272907779,0.426570655371756,1.83374750064348,0.00882799557478651,-0.547342081550196,1.38174272837857,1.57841256553002,0.412325042296513,0.555057221743721,-0.0763626318491911,1.87285516731554,0.44144450440304,-0.631943764721935,0.179667891720981,1.08859882828524,1.91237055896635,0.882356478751658,0.364325368211722,1.1123706942392,0.0143751402466865,0.583642711810894,0.867440979216432,0.407221413939133,1.4015452244897,-0.362836635108256,0.761012104303378,-0.902564283763228,0.321135851433075,0.462919568044924,0.949797413900696,-0.679399709028993,0.684462825587042,0.0858551582763464,0.794627908401739,-0.479183249951239,-0.376220821317017,1.11757953642619,0.367848773556386,0.543079696500416,1.31182685235326,0.967569548470813,-0.453520463080941,1.3634566701224,0.879076713602094,0.868022057539667,1.05727522166213,-0.0822157294385389,0.673282565787553,1.64735426592822,0.79587026744885,-0.704852117823712,1.13895184215396,1.21385810515264,0.90948186987526,1.96988350103509,-0.419839307586847,0.0594179874431621,-0.618696368735234,1.87332102632337,-0.586212932084341,1.48960146309468,1.16800426838643,-0.419171849570317,0.685377729460956,-0.504768109875833,-0.503708930529297,1.3725139222086,0.744663477956801,0.616349435389041,-0.352510039061935,-0.156159937904717,0.948117130202496,-0.404812961836128,-0.0606555716091629,0.499041834454534,0.764915244055808,0.481677618637745,0.560573657512703,0.305069586485499,1.31196015341856,1.09651911794648,0.0869477833748737,1.08130273000566,0.400298749460751,-0.356127764920938,-0.426152405790388,1.00559990606872,1.04072659794806,0.37311878566089,1.2754458560244,-0.464375891526999,0.609000247404367,0.595748508545087,-0.455236351660987,0.883306506849593,0.951831700671877,1.43945597397369,-0.755829565716357,0.604023589281864,1.07129435046366,0.275713491449375,0.0536962392215377,-0.546271483519139,0.327065823103767,0.577027163976825,0.553764764097418,-0.504623527225731,0.45441064932656,-0.440506906198127,-0.0294312175501338,0.756094451178957,-0.102721341698124,-0.561253030076281,-0.883773155823425,-0.444598034495984,0.887526916450169,-0.869130914118606,0.938637060100107,0.607184218513668,0.435801161248693,0.204899354604492,-0.414352476826801,0.956229793211621,0.212726791913581,0.15322759703463,0.435960355922099,0.653778342766693,1.14316123464254,-0.493593930889384,0.432158819013835,1.36374058602453,2.21956256654349,0.180276317666344,0.522733759706075,0.49334034160598,0.790798960140241,1.20874618170468,0.510937093981758,1.61117503785881,-0.566010699037032,2.26513681386269,1.03599893142037,2.32363681935907,0.815162164657376,0.251275425111417,0.693710864730899,-0.386808567195655,0.338848386930099,0.477896779902584,0.347205623718424,0.443489179213953,0.642798215761819,-0.735411990123146,0.686917978282619,-0.889325548542612,0.45599965993356,1.59041986634097,1.04854138362811,0.13119104488878,-0.0391819660398303,1.07651039847161,0.550761486507409,-0.574547412051676,-0.0993140585475265,1.35053788832262,-0.162913004221336,-0.640973569851044,0.588673036060644,0.273702628934027,0.411479109841959,0.154888764540481,0.771102820490455,0.994411917776674,0.750021120702213,0.18488570968356,1.2413757054217,0.192777622024138,1.34931795196212,0.676305149808279,1.16123808341706,0.265774771953241,-0.517699977761507,-0.508516510850491,-0.296773015425951,-0.521979735973987,1.63802591263796,-0.545495229195593,0.525452716867828,0.0925337318638752,0.229884541094374,0.0851571255014404,0.843284276763997,0.654937278987424,1.12198441299113,-0.182226501196055,-0.0763128690115723,0.309775105012756,1.62394754712966,0.87236525205312,-0.0465724797271951,-0.077949110987319,1.59443850624527,1.6091160014583,0.983443815502167,0.4247293728299,0.765311835733354,1.88570927030038,0.231653920139917,1.2737429993494,-0.392786433490695,-0.761647247973245,1.17105143273456,0.975373279903217,0.451598897854785,0.0250111864818852,0.0527395980038193,-0.616708057714315,-0.682642890579754,0.984546223347393,0.742010123787642,0.242937900290109,1.35097690597475,1.11163840858436,-0.581450107692442,0.137156931011937,0.161885323256229,0.922869456971435,0.19248140306237,0.876617556083807,1.06493561950369,-0.441282341989839,0.343393530793478,0.800998116066035,0.460649930202755,0.544898615090803,-0.21104441019392,0.945388989222104,0.94924739558557,0.346107197154628,1.0316553486923,0.476488429349454,0.898270152361993,0.437784485942774,1.10096389218377,0.11296647322555,0.152265717609876,0.247942678145775,0.146559306272894,1.23627272702865,0.0858060167216608,1.4857390922019,1.56682770569193,0.207717079467581,1.03548895543039,-0.0488557763135651,0.553216581611222,0.535219570604083,-0.322876157061937,0.129817759402157,0.0567410766684553,-0.367490929903791,-0.222820597474584,-0.573648085257991,0.680617912718149,0.596500970198669,1.02295057735651,-0.74633402219577,-0.77689632987442,-0.513527807859149,-0.410458854850929,1.00100223322658,0.587885566159717,0.842767761790759,-0.751527203204582,-0.487170846083124,-0.605815007708669,0.192710901797943,0.630058371026891,0.677588965904474,1.91315986877262,0.0662034120508653,0.436619761202555,0.75081816123291,0.870008761923297,1.11839574537057,0.735666774977249,0.356157374386048,1.31209794195028,0.480592658041657,1.19999936678313,0.0215696740401653,0.776769837409305,1.18628022010552,0.93598021358146,1.30920578349186,0.00334603700781255,0.324028912379921,0.756509321364459,1.82199805130139,0.905801363443981,0.155171649748802,0.679786958230067,0.680065490513489,0.331043490701163,-0.0910546087354149,0.68990552369677,1.12928931492552,0.595924162795639,0.978538317672775,1.67397297439157,0.841792776470949,1.58174671622891,0.78212741197886,1.03656842359638,0.700563297848108,1.84921266324286,1.23385479143988,0.254897846107147,2.31186188216025,0.229363089466595,0.877398183869306,-0.540641423031425,1.25761522466902,1.878494004432,0.486250632309488,0.529869647895594,-0.523080667456721,0.629309300894263,-0.622281704570721,0.368126027408026,0.228813756635945,0.420750947338794,-0.505778909237946,0.457859324423788,0.932645850900879,0.257992737217245,0.156760954180124,3.46528833170287,1.4309127769807,-0.0958810710774225,0.499476687971037,-0.0204433023803061,0.781996031350592,0.199503743939425,-0.56888790075037,-0.680264025007797,1.41913554725418,0.464516345536094,-0.604395814203172,-0.64437704550372,1.30697011781232,-0.619881066592517,0.140159276426861,0.676190836769616,-0.421387307249072,1.20861713557228,1.41933717918126,0.464323240082671,-0.569578522132877,-0.436105875668738,0.125284155096698,-0.406700539566019,0.91227643731453,1.28672638136569,0.499746617129004,0.765263316963022,1.50486487930551,-0.713193758009176,0.407685332677135,-0.344789866784545,0.84654013367545,0.101019872668971,0.925209420208874,0.610309787832673,0.597170333400768,0.437539838464922,0.351028688232287,0.169627244426503,-0.553901067919841,0.0350046687741585,0.143715338576833,0.468779525643797,-0.48805352537329,0.261235486989473,1.15921181326374,0.52614802121597,2.60609497267808,0.662895856453639,-0.118291650066833,0.544659743322378,-0.0728652953204412,0.296282365926103,-0.0629703842460809,-0.491698944574237,0.588617400288658,0.967711768103761,0.894724084151028,1.76558616989021,1.34819826789255,-0.472351838475484,0.198854524867306,0.516352248756788,-0.766724197739351,-0.0158001501114055,0.63471250660275,0.301433634950843,1.47583739603147,0.411478491090696,0.20778016023386,0.109855319923853,0.928672666742275,-0.0118998139956018,-0.441748500440315,0.66208520548398,-0.515370748508433,0.759236720846732,-0.242140734557397,0.628729815443517,-0.557916730587529,0.729045333142404,0.502846570649209,0.296577165599738,0.296696189279787,1.32903980388676,0.334525169290543,0.392265978580084,0.843945466417614,1.82649914453215,0.0931624589217316,-0.628134209307874,0.702969405174246,0.138477752705229,-0.559609290515974,-0.575080500923803,-0.624478446322977,-0.72921406656607,-0.465167799440612,-0.735980601657659,0.0964636681820297,0.971221168388562,-0.528878550032712,-0.442246094950301,-0.590310521918287,-0.597626308220176,-0.535005976446535,0.605480424492119,0.326962202138517,0.178309781317142,0.888760585830811,-0.518950740640203,"HC"
"HD-14-1",0.68498373857765,2.33645506288678,2.44390654140213,1.45499740072145,1.30149187741462,0.397867259431876,1.53450238437237,1.23624421629792,-0.807826820660085,2.19010348152229,2.44478384535755,3.84854608234256,0.881312686185664,1.74023972737764,1.11082589273105,1.34979855999649,0.18855536281567,0.955071336522074,-0.496697729346053,1.42584886160047,1.66852778910448,1.06529545132427,1.31472792796391,2.49455650082695,1.48509081204818,1.04582647719147,2.04762158698486,1.11015526560314,-0.59994073973799,2.00982607331352,1.40004889011483,0.506044673905148,0.605504668168331,-0.309529644846314,0.670101872053842,1.22463753794389,-0.497006264132812,0.854791765879101,1.08186234990882,0.786790977350572,1.05145869792532,1.09143936457234,1.16193417523466,0.230154134277301,1.67926640226041,1.7304792145235,1.36267181812762,1.52316941851748,2.49653465462245,1.22668143394788,1.45983585235434,1.62700538025498,0.507527794150985,1.07897373848033,0.208731090928374,1.2429700340185,-0.457301332060047,-0.488378971130679,-0.535578881140264,0.947707359618817,0.832371457068758,-0.466862369479199,-0.78169417422122,1.05210471906682,1.24710787092254,1.03784115170618,0.200111061465891,1.56318247630121,0.408846307961918,0.388579638132198,0.22809203892332,1.54069520178797,-0.62582241159886,1.15326645911677,1.13152916833893,1.29925665944992,0.988221819281418,0.664407956433695,1.37901738469991,-0.310167173709315,0.731870720602146,-0.472497315307328,0.795440178449158,-0.572367111065056,2.59937213778383,2.80776782995685,0.586605408082402,-0.510050775686776,-0.56503564513667,1.25188433891576,-0.1651869881658,-0.74231755864765,1.10661026805861,1.6666127460877,0.291818875827268,0.758011053367273,-0.370292957722169,1.49347133146182,-0.580182792717566,0.535177670260883,0.790775689783363,0.389351822669524,0.742832804312438,1.17577745918219,0.849608580345265,-0.612012511430763,1.23501138200266,0.731646733377082,1.51787640449969,0.566868368895772,0.882806905906572,0.577717579115196,0.526062191360073,1.70393461454288,2.02061648709405,0.351314696235591,-0.415332247460931,1.51530513953129,0.425858635705198,2.26024664456862,0.943416845507733,0.995910567514976,2.55732789254761,1.07922924209111,1.11113718590704,1.02453100839557,2.12782010884917,0.646496769732469,3.61811872363666,0.646936341493001,-0.612032059829267,3.76729628055983,2.35031678213039,0.292828867830819,1.25473475516947,1.0019919760553,0.281882187034931,1.35931781296846,0.448862001008722,-0.622774284236347,0.530132485301766,1.20157568814506,1.27542825441048,0.603293469228042,1.41020793750336,1.34585074831896,1.77693063599699,3.52885102701687,-0.445041103063912,-0.360394763248112,1.30957423830671,0.438251190226031,0.406874701431485,0.48299704167178,0.788439999981247,2.02700756019303,1.50242778649136,1.27459272063731,1.24951875709913,0.513721822694698,1.19558922481257,0.859879908863423,1.08289791689328,0.541517880379384,1.06360233488893,-0.440422043770802,0.854699997170466,1.529674241749,1.53073097874511,-0.517026089783175,-0.0879564606192643,0.994511761011799,1.30293803256122,-0.221182817681614,1.0648782804168,1.02851622403603,-0.484444351416916,0.158002520260329,1.84583013398205,1.09927701687286,-0.465400568692601,1.58921013105421,-0.630106973320096,1.93761599629104,0.677635238309234,0.71441408064802,-0.388287405092906,0.692274970639049,1.89524311970597,0.507254298816205,1.58222451375432,-0.697113880119278,1.64292479378414,0.696664677083103,0.666102798726613,1.08810075906711,1.06494503916493,0.616188292917557,0.0405139342546746,1.05720728008457,2.91795802051754,2.08374329836753,1.58708730727395,0.962738405914806,2.34614417765043,1.81180460235792,1.12751898202618,0.682260564133171,1.35621375143017,0.0794340255945786,-0.490191614502914,0.299169190419084,2.66699718385636,1.04383491349619,2.49398092038062,1.43629685146364,1.73723719171425,1.35712358973623,0.598052642314941,2.55953572787024,1.2377054599394,0.823878764042839,0.94589545261113,-0.162727077783326,1.30342878035857,0.0647172857459551,1.26636343420472,1.32829787926703,1.62007618308889,1.79862965420325,0.168348179106351,1.58856013180784,1.50517824731512,0.634681487214602,0.830503188213203,1.19852487200902,1.02624567219611,1.00983890609382,1.11545155576182,2.0779510759728,1.71496315890752,2.10033992804512,0.625262041819679,1.85070471736463,0.516218564370071,1.20467753157142,1.02905212165935,0.931075396889796,0.708193387563385,1.45457988968807,0.911750627690592,0.878880955058948,1.01282572525812,1.08316435814299,2.51273321962876,1.06647034974656,-0.58636397201414,-0.590419110099479,0.317952786174731,-0.0958534679577363,1.35408893518493,0.57742425182203,1.01785331005569,0.928894084378532,0.952230248380948,-0.453520463080941,3.07265847685076,1.39628589380509,-0.632054548348183,1.07153942809658,0.0896965979920265,1.97459145940404,1.19695218430743,0.899054498141819,0.239648244926583,-0.657270497541832,0.996033621649953,2.26466196623933,1.75580421071554,-0.419839307586847,1.55159226741538,-0.618696368735234,-0.513248218781385,0.596356880954902,2.25962806194689,2.17691387876308,1.06010705429555,1.06596245032446,0.435727185667464,1.03004017688103,0.733480882222289,0.648341777919299,1.38096938967665,1.0372145284412,1.05111829300879,0.847184287343568,1.67108575428433,1.32234981695345,0.345637529588238,2.38290347129234,-0.0851441342603172,0.983269486875808,0.25117329748722,1.4216777987301,0.435502245327945,0.713101412344383,2.80618842320121,0.50959414224937,1.44518820963433,2.05034793375211,0.97028057946131,0.462070239463039,1.13312054721763,-0.429499750025505,0.627293291779032,0.762605878930265,1.22847774215323,2.12782961533956,0.568275909075853,0.142415720687994,1.39775963437054,0.603513687357029,0.990048402407194,0.91276661771065,0.43760441658291,0.304394993629242,0.133651747766099,1.32747163833918,3.0890637491091,1.69602285352767,-0.504623527225731,0.91344719733123,0.0111396666954499,1.58115864688252,3.18091310293151,1.37990782651252,-0.561253030076281,2.17036002918329,2.46087197477777,1.2205083843617,1.14048960162839,0.934671503561408,0.603653435721893,0.381677777286458,0.230603084782009,-0.414352476826801,0.418773488809933,0.626157391626523,-0.618950848071241,1.3834481465927,1.48033073944826,0.954480483777833,1.69212088507566,1.21284883780409,0.786875623014518,0.692497272223481,0.563805630645219,0.556816608392593,0.564841167643008,0.418934285674626,1.55739849868586,1.38164720826533,1.314993926159,1.61458873615797,1.66829475948703,0.40980709004957,0.141470335173088,0.061453209322297,1.4243631518951,3.19563978350506,-0.386808567195655,2.62048130189827,0.693009719122804,1.37719496057915,1.6870663376948,0.560049456695897,0.500101220230297,1.69146795033718,0.444304508428014,0.896161977580402,1.22650794602934,0.734460425915756,0.935093793961831,0.669662655437686,0.806152048872838,1.40593100177366,1.62211589035961,0.830741144483093,-0.380430093207073,1.169198756321,0.944646761224793,-0.00903377791629719,0.212721410152335,2.29366862495287,1.39844239091522,0.122490327369409,1.47284351032015,1.43220101797455,0.335729723804225,1.22530832891274,0.447134924305535,1.22813758587032,0.74600503455807,1.4410835147757,-0.591226315601407,-0.517699977761507,0.980871205346007,1.44760202801291,-0.521979735973987,2.26149866996386,-0.545495229195593,1.03179532139626,0.785749604927717,0.916466386244713,0.688517360445827,0.191387018055602,1.57426442332253,1.34659980151112,0.486774434210674,0.819970634555104,0.734342507120443,0.999437583096931,0.892405901177165,0.167754031844056,0.48171736213621,1.62958267196698,0.72802711251441,1.92527782852424,1.06118658864722,1.58350817421974,1.25480591059068,1.08992079378561,1.37485491948771,1.72795936091397,-0.0328011171959509,0.72637818954896,2.64210831596837,1.784061898721,0.971179546860378,1.1363622255602,0.911926590255735,1.10517637719129,1.62173578302694,1.38764656145086,1.69433964976697,0.933280679998909,1.13740344188625,0.51321137977009,2.54854975429241,1.1977473352004,-0.456566211138298,0.395101305883592,1.26031873015807,0.62195685154222,-0.441282341989839,1.49066554934525,1.18512274316461,1.02464312521253,0.172747201660988,0.686474025434837,-0.196474336844596,1.24316294069893,1.97581764739423,-0.17534951757922,-0.384272493327475,1.94561903456802,0.345306009340956,1.31824040483888,1.12759515031713,1.14960026610879,0.52738832118536,1.24560445834616,-0.0288680166829401,0.436523287171896,1.42032312353701,1.19239208674074,1.57568008587893,0.859711241764661,0.0761253457657571,1.09581175172298,0.118744351446693,0.174168436000753,1.03385394403608,1.70757221012552,0.459360069613941,0.20705774967174,0.419114359831991,1.0518359425147,0.214302247677897,0.41565998865433,0.640483477811645,1.25715672531278,0.837942013153727,-0.410458854850929,-0.130780629473615,-0.376085254966847,-0.65323427697639,0.412862511056012,0.144866074507381,0.476360672704108,0.223616449064765,0.248425038007707,0.684556140779285,0.724804611263782,0.357126239711545,1.70898260748402,1.11915969524115,0.531420885021548,1.37038752349759,0.328933670635784,0.639402297025481,0.731531837540117,-0.755650546229756,0.924228670333999,0.102242396150604,0.976163193065998,0.78449692611123,1.06073096187191,0.692850797783556,0.232165443999143,0.274096418948105,0.669975894493886,0.863422529798497,0.901986500649545,0.735457587649251,0.943932668430592,1.09771451481459,0.271571181958308,0.524306426476584,1.12456086776493,1.78594918295417,1.27223914738047,1.15935841937138,1.25043291231304,1.0548050457253,1.75846394361654,0.477911879746847,1.04641223857581,0.624573830842197,0.42869021338092,-0.454210725594474,1.0578577766176,-0.574696478706447,1.19567223996527,0.926546082233207,0.730409406913777,0.436156449716645,0.911406709504699,1.21636800383219,-0.498591251333388,0.316317902782445,1.22653333461587,0.912451918121681,1.27139207065813,0.168790273600027,0.741079570761581,0.417124947900087,1.4708971254095,1.84651872456592,0.999772417732142,-0.271857649077672,2.38790359549401,0.535779182096551,-0.012910143018018,0.0956738633967187,0.890034468422237,-0.625888537038413,0.82994168677066,-0.56888790075037,-0.169365713129367,0.421998100545526,0.394143145853861,-0.604395814203172,0.106203802828961,0.867131045723392,0.0725335562319206,0.0952982981068269,-0.363912718313512,0.203373969119185,1.13815570602844,1.95358098872899,-0.274944432479891,-0.569578522132877,-0.436105875668738,0.598824210650531,-0.406700539566019,0.384491651278839,0.673625655832872,0.560253250789119,1.85976452859335,1.48540619968091,-0.713193758009176,1.159143473919,-0.344789866784545,-0.495183843341153,0.437555112742203,0.588142227804745,0.364420355641182,0.212929535115424,0.781502004489981,0.642903674995045,1.44116697214363,0.462972109473951,-0.479383335875246,1.84031847391963,1.49413841491139,0.530234283843672,0.353436139414196,0.260729818336422,0.361638936614079,1.15238867749359,0.104332462057559,0.236674929425961,0.878066998280672,0.871223735132451,0.329028577584318,2.71743928922757,-0.491698944574237,0.781226060394904,1.35282053954976,0.942003970063352,0.866557337266043,0.636473113813126,1.66794030208381,0.956914792412722,0.459957636769538,-0.766724197739351,0.332255074744273,0.0292021934902429,0.58427326835257,1.92226832983109,0.272221346008478,0.284953841698264,0.563158274754724,-0.623039723737013,0.108989401812758,-0.441748500440315,1.00141496746873,-0.515370748508433,0.745793512784403,0.746193528064465,1.18361453342231,0.612823563033153,1.29716282203942,0.665681158237232,0.596382627392312,-0.46950194156598,0.818661619291103,1.46850606276278,1.05340025545798,-0.514869524021752,1.89441352525401,0.86649722054407,0.620511426906518,0.566304165388665,1.21680169947016,-0.559609290515974,-0.575080500923803,-0.624478446322977,-0.393342644715393,-0.465167799440612,-0.137880649340757,1.13605820619235,1.06756138064362,-0.528878550032712,-0.442246094950301,-0.590310521918287,0.0433785345630193,-0.535005976446535,0.540590658635184,0.807261648850601,0.689817133774725,0.393378481493513,-0.518950740640203,"HC"
"HD-15-1",-0.555592417576326,-0.665330012844802,0.775361418474349,-1.03790453368905,-0.029301556182563,-0.0132274625874315,0.945630838427263,-0.370511412213442,0.00337167540454177,-0.587392633752342,-0.5360100599205,-0.427166054873635,-0.642142611977996,-0.906954785415906,-0.522805082503363,-0.696479747024869,-0.57729235363827,-0.405464576139294,-0.496697729346053,-0.533225338772386,0.113531251380827,-0.756759621065685,0.567818069844592,0.512227114310967,0.242474247398226,-0.165802824412964,-0.671018873252328,-0.886090803404096,-0.59994073973799,-0.572265270403078,-0.449126948447106,-0.823525490657949,0.0982513537487334,-0.309529644846314,-0.670292949302452,-0.138978776717952,-0.497006264132812,-0.559309350558077,-0.411112973056317,-0.525419245004015,-0.334045372164574,0.0532605700071693,-0.206640495345684,-0.536928301917431,-0.535926408238852,-0.130247892549511,-0.436966694699993,-0.684422976084699,-0.541871317664475,-0.757778983174664,1.03113523460468,-0.722133608031586,0.875269880402792,0.359262637956433,-0.559247717928647,2.87757685841299,-0.457301332060047,-0.488378971130679,-0.535578881140264,0.0647655227680874,-0.223288881785436,-0.466862369479199,-0.0635273712145692,-0.361091310062088,0.860674044953739,-0.597562997079172,-1.01277899053072,-0.447441185577134,0.0100034926082696,-0.351711437672339,0.293591748760468,0.325056139002612,0.394214297410933,-0.811355606421236,0.90347058475441,-0.427209662751993,-0.884442638278434,-0.726511286645635,1.37745845307914,-0.310167173709315,-0.824570369406007,-0.472497315307328,-0.146294291409333,-0.572367111065056,-0.632421218362915,-0.539991255188735,1.22583040155064,-0.510050775686776,-0.56503564513667,0.166999715037793,-1.06249646629166,0.498431021344897,-0.439395440768505,1.2310112873182,-0.337547813915955,-0.386236372075434,-0.370292957722169,-0.652696741503466,1.48890199594016,0.321129764675039,-0.504580611844278,0.677273919323587,0.223522895774375,-0.824988666868521,-0.326613341960818,1.12651862603344,-0.949267944187187,-0.114791705589403,0.414772031517105,-1.16329464966875,-0.699577466702064,0.55167629947258,0.0138189975187984,1.2242215661686,-0.563564816816346,0.521527579403988,-0.415332247460931,-1.15053595143586,-0.556437840594048,-0.749289324826282,0.260645888879118,-0.130131046672696,-0.434538970011261,1.4336608458257,-0.177037741056466,1.56505959301332,0.628758550701781,0.123721195544474,-0.467269611423203,-0.19378041192866,-0.612032059829267,-0.42618686188652,-0.515214523200561,0.177970320862057,-0.652232400369068,-0.433250890230484,0.00628370374335427,1.16165031494726,-0.521983486617556,-0.622774284236347,-0.341946107901655,-0.521167552986871,-0.076450152924573,-0.00444067207653109,0.625631619734041,-0.624857212839575,-0.680795110743151,-0.630959826187288,-0.445041103063912,-0.360394763248112,-0.145381862721302,-0.31767251058648,-0.544945209809633,-0.61456018529475,-0.114628624063391,-0.142302595932211,-0.803191037428762,-0.362177019453026,-0.881133953461138,-0.938055876675319,-0.153494822711572,-0.649134661231928,-0.797373187578022,-0.82954098957994,-0.389879409449865,-0.440422043770802,0.0732906019347922,-0.533884030225674,-0.866575554810563,-0.517026089783175,0.0524421783383401,0.570214106031615,-0.616595517660316,-0.455566098682435,-0.529739447900487,-0.296370696831403,-0.484444351416916,-0.724735509236815,-0.688303590526823,-0.399898634726296,-0.465400568692601,-0.659554194522494,-0.152190653811805,-0.59156966366512,-0.686166850667112,-0.567826653865324,-0.388287405092906,0.00708638240424636,-0.547273332987266,-0.551980064673498,0.158111321484378,-0.697113880119278,-0.954138085945745,-0.409354273704931,-0.492789549313101,-0.451186355521184,-0.889556386155257,-0.938444320238906,0.545094848114059,-0.578418903939853,-0.440845057560506,-0.402800957411009,0.212975257832636,-0.574567391161672,-0.304119208866257,-0.211411482706038,0.78024545519166,-0.784182116331742,-0.0580094573482384,-0.43963309582783,-0.490191614502914,0.00127140082244605,-0.387458469999575,-0.67265289501153,-0.263464261819885,-0.537481494222079,1.29010881190167,0.472748804846774,-0.826299878399175,-0.721727210801833,-0.876317725753786,-0.875446007171464,-0.294354692530062,0.848992215770299,0.0881644078270561,-0.657239406583379,0.62182766746496,-0.769269638931583,1.19417596194318,0.209010758964167,-0.400497512029309,-0.293145352052999,-0.373479647576514,0.218355398540211,1.34544297221534,-0.390127926125602,0.940792158221905,-0.579507915169398,1.17384122722106,1.38091597334586,-0.188889764563309,-1.02984446404236,0.647360813825087,-0.351261011482807,0.372177824943116,-0.348580504727684,0.371453271589892,0.0277527623497281,-0.362836635108256,0.0875014332045576,-0.902564283763228,0.200601351073606,-0.480313850486854,-0.0424971324518906,-0.0864141393081585,0.358924948901254,1.438252478577,-0.590419110099479,-0.479183249951239,0.279841163567253,-0.654451544220782,0.400567846563977,-0.942110585579901,-0.0362578115179511,-0.0472218034618228,-0.453520463080941,-0.475498315316322,-0.345061186171664,-0.632054548348183,-0.0254071676623495,-0.605022983692602,0.54662634589363,-0.516058136864418,0.544943679034044,-0.704852117823712,-0.657270497541832,-0.49858944200454,-0.495454091056586,0.390420693382089,-0.419839307586847,0.0121861885664867,-0.618696368735234,-0.513248218781385,-0.586212932084341,-0.418816240327903,-0.637586357654596,-0.419171849570317,0.636536786521955,-0.504768109875833,-0.503708930529297,-0.0626715885337286,-0.924514780586802,0.0586610359318576,-0.813303292440974,-0.793665704950216,1.14071705800748,-0.404812961836128,-0.831170933594364,-0.800640494297979,-0.206832153131335,-0.763076391897337,-0.340109561024808,-0.60699609384901,-0.943549081967018,-0.972280070282039,0.41227411611868,0.656956088438467,-0.440464455304162,-0.356127764920938,-0.426152405790388,0.367623166581185,0.0903752715696186,-0.627488378610812,-0.429499750025505,-0.464375891526999,-0.202047405228414,-0.297843531451043,1.68461120169227,-0.171233693692102,1.18044318370107,-0.0995413980453815,0.560042603579355,-0.620301734145967,0.296310485314165,0.0769908510262209,-0.708710560777974,-0.0816062744200638,0.0253393481679297,-0.809608919621213,-0.965937838928799,1.06263764362621,-0.863563219649252,-0.0704431477948433,-0.680117437351813,-0.466764426657629,1.16239142838792,0.589068319230264,0.0953754072954844,-0.444598034495984,0.00924880458292151,-0.307346362656739,-0.799233124164901,-0.0432274126536107,-0.477833002749308,-0.551201882927806,-0.414352476826801,-0.160770029353918,-0.107837028359164,-0.618950848071241,-0.430499440370047,0.0442646515426056,-0.291230886981251,-0.493593930889384,-0.96499962340129,-0.558555906049502,-0.598213055580144,0.842529162497719,1.21701110590155,-0.133802077177462,-0.347429199424026,0.117140497397424,-0.747997090271536,0.0361878794940584,-0.566010699037032,0.0319114672333617,-0.730318235371536,0.305337846065198,0.443539474641131,0.0923551050093167,-0.63129034137311,-0.386808567195655,-0.473937637058681,-0.146781232840371,0.836954194786842,1.2282035220276,0.638396165850615,-0.735411990123146,1.11067639232813,1.02930321345414,0.0877957994912919,-0.388200013230897,-0.672522450531549,-0.689569785356508,0.38689143360116,-0.538722496195877,-0.245079028850322,-0.574547412051676,-0.819944378140991,-0.380430093207073,-0.287419866631372,-0.895298276157752,-0.543996565944918,-0.0717436862279429,-0.645595648050756,-0.653697914574418,-0.658091677882378,0.680556050858281,-0.302713175305034,-0.814187642569382,0.0214864975982524,0.309222798856781,-0.836916634773705,-0.689391508662824,-0.740417895485083,-0.591226315601407,-0.517699977761507,0.545671321444796,-0.839734362004915,-0.521979735973987,-0.61052131080658,-0.545495229195593,0.951605483725807,0.231240769956055,0.546858731417082,-0.719523549783808,-0.588297561945064,0.128233942664578,0.323199307112313,0.199632262973683,-0.456616172416698,-0.362565557370779,0.326023393478637,0.30604795253591,0.104607371180604,-0.132494853334663,-0.677053451143998,-0.593681714206644,-0.0141714162155361,1.25230810402145,0.321568621755792,-0.694758292889573,-0.55321502257966,0.196654211093996,-0.392786433490695,-0.761647247973245,0.637531647135081,1.45027233225815,0.13969913924024,-0.847748388510819,0.152281766221708,-0.616708057714315,-0.682642890579754,0.419057823065229,-0.609571261310305,-0.168459045710914,2.44489162595953,-0.527848653802147,-0.581450107692442,-0.623221682356157,-0.742824763034188,2.6659677774911,-0.040711405723901,-0.206065762406737,0.927099365881296,-0.441282341989839,-0.608772977093155,-0.693610145686299,-0.130679598707303,0.33831504433112,1.13041096381907,0.222805243182629,-0.396565899127627,-0.909848144967057,-0.0393066481888559,-0.384272493327475,0.609626983843415,-0.682542446059232,-0.302575424456487,-0.67319351540593,-0.620494342313918,-0.601887066668739,0.882849327317483,-0.969725385594821,-0.0899111122737422,-0.69871053666764,0.00782162158433467,0.0983356612040696,-0.752125144113388,-0.334363853880555,-0.571646636129868,-0.71593825275176,-0.777414105828957,-0.398422396809695,0.0535483252428063,-0.367490929903791,-0.00129847883975001,-0.573648085257991,0.157791052201492,-0.548246753341323,0.27877922765715,0.329570781956755,0.00731299464632554,-0.513527807859149,-0.410458854850929,-0.702854463496712,-0.376085254966847,-0.65323427697639,-0.751527203204582,-0.487170846083124,-0.605815007708669,-0.838746468088768,-0.512995918425756,-0.6002692007909,-0.494007793907488,-0.0991557670313084,0.418121104437963,-0.682378934286747,-0.597600263298091,-0.561688757941423,-0.775810477487309,-0.505226462944271,0.258564522853567,0.0677823312952773,0.151024476650738,-0.294118124841107,-0.543856568710744,0.932227536486902,-0.209849874181258,-0.547914033241979,0.108099924829632,-0.518860584787243,0.0445042682271054,-0.574522884957265,0.758078697573374,0.604438823612255,-0.566224935388611,0.60357210051223,0.955624396625094,-0.653790722557568,-0.653851689833047,0.309148158257009,-0.685835715519622,0.193508309343389,-0.664556936026652,1.05346166313153,-0.507817813873977,-0.536494698185429,-0.768897864954003,0.462234677413548,0.948279357761135,-0.454210725594474,0.763658639253513,-0.574696478706447,-0.376387840165673,-0.172916862155948,-0.540641423031425,-0.665426753584578,-0.539307094691963,2.49229866201095,-0.498591251333388,-0.523080667456721,-0.831156261607636,-0.622281704570721,-0.782401068500164,0.381078169908782,-0.557501763870755,1.08380489711381,-0.624275977269652,0.754938167698347,-0.743846574768942,-0.846638841230125,-0.397363968993432,0.50916191495695,0.219149125892866,-0.331079478504586,-0.653037425012607,-0.625888537038413,-0.641289533744246,-0.56888790075037,-0.680264025007797,-0.470465254505972,-0.726381607522248,-0.604395814203172,-0.64437704550372,-0.609921532378848,-0.619881066592517,-0.61712009938149,-0.363912718313512,-0.421387307249072,0.176624186321865,-0.530264405273805,-0.73145250418656,0.250037739782973,-0.436105875668738,0.239247059137536,-0.406700539566019,0.619588397210746,-0.565998932195026,-0.00101269458426755,0.422858547725157,-0.520238954117215,-0.713193758009176,-0.991190188200663,-0.344789866784545,-0.495183843341153,-0.0104834430608395,-0.0105211290944094,0.0456201655438776,0.383875869704454,0.863984848524226,0.484649520588082,-0.606291521024171,-0.553901067919841,-0.479383335875246,-0.621606511720135,0.28414951614756,-0.48805352537329,-0.865980025698746,-0.543434400240448,-0.767155531633286,-0.617518100327603,-0.563722602978791,-0.524092166767868,0.69729411399971,0.754115946308556,0.576041511251476,-0.598331963886002,0.470919660849983,0.158934029538448,0.417318807617654,-0.683218747620856,0.0349164452786019,-0.453495982114237,-0.472351838475484,0.631547427987217,-0.174341939347882,-0.766724197739351,-0.823990033085211,0.389549675878942,-0.558717666256494,-0.379161949641383,-1.02737092254885,-0.508649404479099,-0.614835278634353,-0.623039723737013,-0.812575895131137,-0.441748500440315,-0.788012724473105,-0.515370748508433,-0.165368317339202,-0.750713194799017,0.24148454194938,-0.557916730587529,0.599858815736899,-0.575643008354943,0.12688945006139,-0.46950194156598,-0.567597101091729,-0.623788878529261,0.32841529469186,-0.514869524021752,-0.440109756196063,-0.797330693575754,-0.628134209307874,-0.241281985451802,-0.864582352823089,-0.559609290515974,-0.575080500923803,-0.624478446322977,-0.72921406656607,-0.465167799440612,-0.735980601657659,-0.870570227459186,-0.978836790500469,-0.528878550032712,-0.442246094950301,-0.590310521918287,-0.597626308220176,-0.535005976446535,-0.13202112081971,-0.86340182998155,-0.882104756219481,-0.599446075410806,-0.518950740640203,"HC"
"HD-16-1",1.3659367196681,2.15190886870068,1.09862983685615,1.47786672977737,1.00548807056225,0.811882133197153,-0.489483674713921,1.49526778571724,-0.0789768963408184,1.728221346158,-0.5360100599205,3.4497648631964,1.3144227844673,1.49290471329181,1.60145894132991,0.814900867246397,0.489655359839536,0.929920247000317,1.91335873657229,2.10450066319633,1.43201482487942,2.20036695774933,1.66608267450898,2.03550532752269,1.10146488983429,1.2735589177349,1.33149997802328,0.559970365218261,1.0338774242644,-0.572265270403078,-0.449126948447106,0.48800575306317,1.5550708787353,-0.309529644846314,0.570846292286315,2.31403466139095,-0.497006264132812,0.140561409126824,0.61205855202706,1.38033864707017,1.12692865248789,0.857761843909929,1.98966857622932,1.14688157418895,0.295790080997235,1.80366989174784,1.51520963754768,2.69979645864427,1.2390524521244,1.24837183871806,1.98978490970656,-0.278032135989253,0.601945981275609,2.48653741741794,0.849635386197343,-0.374389587264773,0.826275113638517,0.645689366483654,-0.535578881140264,1.05290625908436,1.2990533365076,-0.466862369479199,-0.78169417422122,-0.361091310062088,1.74917538044694,-0.0547706041783768,1.51082915447849,0.565236043109865,0.57136622742364,0.790551528635933,0.454887766613445,1.7667883412776,0.197300446733788,0.941826749221788,1.47934989328768,2.19012451733758,0.921022490935859,1.08882476623882,0.249992938492354,-0.310167173709315,1.3319733125966,-0.472497315307328,1.03942470504506,0.636021902293983,0.52176119462893,0.734125572016149,1.36667619543797,-0.510050775686776,-0.56503564513667,1.62301511014897,0.979933457692544,-0.199726053519337,2.69890726526806,2.25690391258664,0.808899017518741,-0.386236372075434,0.946937090106838,1.61124435226831,3.22621258990272,1.36509642464337,1.87179434295748,1.03246528968126,0.699509527113321,0.779089653107044,1.89802898034769,-0.612012511430763,1.17622533049063,0.857945676982025,1.00559746091407,0.156082234885151,0.139648604051641,0.154313593028363,0.578785575347268,2.98977822103941,0.54590427620093,2.57066663975909,0.280735684132804,2.05276397899091,0.0404048992904291,1.21447576289775,0.988756538755724,1.58895175688475,1.2363451185673,1.53983324792081,1.72324662473345,1.72691766991039,2.65514381768654,2.63806830885083,1.48746923711441,0.273597330021739,-0.612032059829267,2.52406049123289,-0.515214523200561,0.0345074828032635,1.5277436273001,2.60068896444512,0.654430682041815,0.324372843406711,0.4301553418783,-0.622774284236347,0.46338406943549,2.19413520871176,1.5886990054128,0.287360798802826,2.39059547071662,1.91685508936393,1.65998619633692,0.597019947791771,-0.445041103063912,2.23341857417887,1.56022763013627,0.501356443817814,2.10469469540346,0.957389061847554,0.363002013890102,0.710089222296171,1.06254413647219,0.870932751047783,2.05450425307238,0.808082484418829,2.02702442651927,1.22931023117946,2.88352958892293,1.32857839943728,0.590243373702931,-0.440422043770802,1.61311738154629,2.44621465469867,1.24479582533041,-0.517026089783175,-0.0965988592904572,1.90585387149428,1.54473030454292,-0.232141305513312,1.3901678069023,-0.199688955816028,-0.484444351416916,0.340339223869774,0.823925914728682,-0.399898634726296,0.675887481104727,-0.659554194522494,-0.559661219976825,0.483469642408569,1.62210240431132,2.0543007784685,-0.388287405092906,0.829755517315127,-0.547273332987266,2.07827672859117,2.20816603893248,-0.697113880119278,1.212933446182,0.957825573214004,0.946969112708277,0.577696106884012,1.32519385475215,1.535682233969,-0.654078746223719,-0.578418903939853,1.01553516255511,1.3397132672466,1.23679327697557,1.27633674733179,0.976895018786198,0.635327215128284,2.80089515081147,0.363432977927432,1.90422606211202,0.0637632340190665,-0.490191614502914,0.101850369746447,3.56003632161325,1.15247919769057,0.430914581174829,1.38171634295461,2.4078467123055,2.06139225055037,1.32228393325586,1.53428608454308,0.0693192151083195,1.26600919321082,1.68099373147229,1.5350500546766,1.38219429946713,1.77838060188252,1.46186497453714,1.17922482974955,2.34669454154403,2.46647968879108,2.11332100137175,1.52866468158931,0.845543941416115,1.95252442997967,2.22414302569416,2.00256738272443,0.637969345005678,2.42908241180028,2.29963408848084,3.21286568181913,1.90375871041535,0.717428529983655,2.4919508795793,0.503254777637228,1.78863067825735,2.21212714143511,1.10492595328939,1.60967982466451,-0.362836635108256,1.51897980249569,0.36186324414765,2.29242652194644,1.48086580150637,0.876520730120132,0.742009354169326,1.24824542270529,1.05235517187499,-0.590419110099479,-0.479183249951239,-0.278116366289218,2.39952115196372,1.6109352093672,0.870925307957136,1.85767617810302,2.8255936293677,-0.453520463080941,0.174646641073191,1.32636866797097,1.81133885822834,1.0470888401191,0.233196565393984,2.59864132112959,-0.87797628289153,1.81594660563776,1.02786574831145,1.75103902817586,1.65445945190734,1.91712823426575,1.51392814524645,-0.419839307586847,1.03646829538079,-0.283191597687212,1.49787615145932,0.367277225756232,3.47257620176134,0.426480242549486,-0.419171849570317,2.25444594502277,2.07756141920412,1.62827156957971,1.7346055157453,1.97933201089118,1.54513580232773,0.816338760685308,0.679054457433647,1.85578302487405,-0.404812961836128,1.76355266010819,1.1277531001267,1.95687395038253,-0.0944495437586134,1.57840693814974,2.0159861353752,1.92602452512701,0.665895264625247,1.2943496190487,2.44911863065825,1.25757447350724,-0.356127764920938,0.922849838502015,1.35493985095764,1.97970415175368,1.90409585404645,2.45050049149107,-0.464375891526999,1.85442326936536,1.28129231757082,0.642704969402397,1.17584815020839,0.427238992138652,2.00220169516825,0.196767577555114,1.27805555891385,1.54527124943117,0.771310534437433,0.701116203492451,0.943230470543614,0.247118463143527,0.800068632987807,1.94080555899035,-0.504623527225731,1.17996250468861,-0.354336028023282,1.72436592089839,2.3903611982573,0.763301689088789,1.55245096850396,0.616327769136773,2.23018724519056,1.52944552830426,0.54872449342238,1.59578229783674,0.081031907225705,-0.477833002749308,0.48734249977904,1.37806104768238,1.30567592190358,0.400416432331688,0.470819788812573,-0.430499440370047,2.92625959023193,1.08662110758831,-0.493593930889384,1.39508543580188,0.768621503376491,2.54851486607159,1.74650940617427,1.00853228815831,0.730464099269347,1.8463148935785,1.02027129854764,1.49851347118362,2.25060739646799,1.58545953838406,1.79293601548877,2.58485350120875,3.45705403811694,1.96525883605668,0.873914243319081,0.377426699443042,0.820944986417326,1.76762924016533,1.17491870570711,1.20375685889233,-0.430055780804047,1.65207985593484,-0.735411990123146,1.33455661261588,0.550063681027333,0.645855361946441,-0.388200013230897,2.3977443187298,1.07836182601918,0.0275798605221524,1.96544760757344,0.666482555842058,1.47090243787684,1.16746806184747,0.758534119032694,1.57856029110659,0.584064145813295,1.18587732863261,0.592440874480684,0.791723306263541,2.11998502189425,1.48516195834736,1.57831877357666,0.966771925113392,-0.157811396917427,1.40228245332224,1.01662678430353,1.77166787666127,0.209226857113883,2.06016727286014,0.531984005080499,-0.517699977761507,1.18580752154536,1.83286479633831,-0.521979735973987,-0.61052131080658,-0.545495229195593,1.63403582966482,0.0259895855696584,1.11766535326445,1.94941502641093,0.944267561088461,1.92580882878778,2.06144092951848,-0.794015296702858,0.623764599229968,1.65664438326636,1.77089432212846,1.83212952944209,0.264925167085063,0.0448930882054652,2.27072377491574,2.1286912657178,1.26611692933831,1.7011494317354,1.83251779061672,1.64546770298121,1.06757649443666,1.06461235375078,1.01002647142748,-0.138324598799282,2.20089390446039,1.97054925291153,1.70918838204014,1.19139430513591,1.31160576112128,0.255841136296283,-0.089263756040845,2.12313949973663,2.01062904694181,1.50906992742143,2.25261036458684,0.994753535415825,-0.581450107692442,0.240005374680357,0.485011532324463,1.86236512278457,0.890782889142165,1.57536398728658,1.10449392695243,-0.441282341989839,-0.570098543722644,1.60508547254737,0.964069954273628,0.464669001230108,0.589979519795968,1.59541106948455,2.08708808597349,1.1707564502798,-0.183723791876848,1.39323955450541,2.95869179344736,1.61843106257085,2.03215193916904,0.0562429088481586,1.12558453728515,0.511924285568622,1.22061473228443,0.115996194442919,0.989890667627292,-0.69871053666764,1.40754880018441,1.07206936729802,1.63909281940603,-0.175677778949009,1.50169982523828,0.703356570860682,1.02390577750941,2.0066257336789,0.369950221461232,0.448010577009169,0.513447126478224,1.19979691007451,1.1529235894687,0.7513389939005,1.32413071410849,1.43949918720804,0.75552622007884,0.975138082979149,-0.410458854850929,-0.702854463496712,-0.376085254966847,-0.124337056568981,-0.173192541843486,0.136190631942313,0.149810036810605,0.119001196487799,0.547784614057072,0.180389893116049,1.89359524889477,0.654367089853778,1.42949997410039,1.44404450921901,1.61410542469683,1.4945148503061,-0.145219238885726,1.59463371785702,1.72812487482307,0.989051798935332,2.17263373607653,1.13229298895746,1.56903952115892,0.599593427271347,1.60783558650656,1.97076723975057,1.51601485203087,1.22174612345754,1.62716425012349,2.0490163103462,2.6674358069434,1.31448374015469,1.19226390029426,2.10458567732649,1.06183646091254,1.5191893691728,1.96938084761815,2.21772470703163,1.46889553661875,2.02037658902832,1.22462636285736,2.18600813468388,1.72785499598865,1.6802046373143,2.27885490324063,1.09837734652314,1.88821542367406,3.00199175609504,0.508507889553429,-0.574696478706447,1.07951387243697,-0.0877336011808955,0.713003931228783,-0.120228207038629,0.701370098257844,-0.348425147702436,-0.498591251333388,0.646335087100903,0.703564556560411,1.66945899505472,0.449283808058461,0.155699115139348,2.38682386723307,1.6984967724304,0.791271775262199,1.58566330528692,0.48227366152234,0.0436400850431786,-0.397363968993432,1.85744781588184,0.349136716977885,1.08263753484769,0.965769766022911,0.917340961217084,-0.0889009291128535,-0.56888790075037,-0.680264025007797,-0.470465254505972,0.0560205310397766,0.349006787788641,-0.64437704550372,1.56294126043085,0.560177098589947,0.783225138941803,1.10397895987579,0.194798393241517,1.96332680371601,-0.530264405273805,1.43473186797819,1.55484726700481,0.303802537467792,1.07880732666242,-0.406700539566019,0.602981531291373,0.799467623512864,1.35005564767674,3.09423867291584,-0.520238954117215,-0.713193758009176,0.385684973188469,-0.344789866784545,1.86777858878446,0.201038588791042,1.00992314552196,0.909605309527657,1.56757746671876,1.9311836448918,1.7739991284218,1.28522402465418,-0.553901067919841,-0.479383335875246,0.088495302105231,0.268092661892744,2.04052609780615,0.0632016894300369,1.68171379957254,-0.121289010850034,-0.617518100327603,-0.563722602978791,-0.14757125226783,1.15637124168878,2.44405781857113,1.42301981349683,-0.598331963886002,-0.491698944574237,-0.00763163035782791,1.80559849208668,0.246690967296858,1.50014895959263,1.96911976350685,1.3603566753976,1.41747346228766,1.36453779997899,-0.245196011865309,-0.0738309748247271,0.976707309678691,1.53813786851607,2.1892256556471,0.556002051280986,0.587189340299093,0.881685109259598,1.07784427454156,-0.286543688452876,-0.441748500440315,2.14719653011933,-0.515370748508433,1.7730495397851,0.29951300792416,0.973426084252722,-0.557916730587529,0.885367201527931,0.64872254975107,1.35316723214593,1.39831688186805,2.44846386439549,0.464146264138641,1.28749155898208,0.516142688466892,2.04439628581189,1.35938965963568,-0.628134209307874,1.63549368743275,0.447526655923778,-0.559609290515974,0.105496982406774,-0.624478446322977,-0.397952871008488,-0.465167799440612,-0.014338250474636,0.755083837757812,0.779619059964826,-0.528878550032712,-0.442246094950301,-0.590310521918287,0.0345799968252232,-0.535005976446535,0.752271944096882,0.784747660211097,0.506356078139195,0.379782971953263,-0.518950740640203,"HC"
"HD-20-1",-0.555592417576326,0.931128778685006,0.243702987478922,-1.03790453368905,0.273664298224353,0.67782752101976,-0.489483674713921,0.465263264384186,-0.784333801852103,-0.587392633752342,-0.5360100599205,-0.427166054873635,-0.642142611977996,1.37189427436616,-0.522805082503363,0.120993761907467,-0.57729235363827,0.0270626384336634,-0.496697729346053,1.39620078603139,1.26704683027211,0.822545674647606,0.158446153938361,0.740388896366467,0.0551474382087066,0.351959033379032,-0.671018873252328,-0.886090803404096,0.890664627518495,-0.572265270403078,-0.449126948447106,1.22579565465516,0.594846573335067,1.08046605108069,0.470507992970232,0.829978821001912,-0.497006264132812,-0.559309350558077,-0.748371664804188,0.616148585267743,-0.0754178664420485,1.41117945066186,-1.07616298942653,-0.536928301917431,-0.535926408238852,0.245543672237441,-0.800523516316676,-0.684422976084699,-0.894666522630992,-0.757778983174664,-0.804466674495576,-0.722133608031586,0.894573471596308,1.48018365434996,-0.559247717928647,1.86510206393389,-0.457301332060047,2.01991643299322,-0.535578881140264,0.247952381974047,0.618163731394857,-0.466862369479199,1.0277449536018,-0.361091310062088,-0.742272368002153,0.608403924390629,1.02456849803384,-0.726073619355037,0.812337738563467,0.801052033099527,0.606146643145869,1.26478736345698,1.1947339112488,0.283939680694789,-0.594144064245794,-0.427209662751993,1.30004710514715,0.299169490081833,1.18918106567225,-0.310167173709315,2.23946863664437,2.18016159998539,1.38628180649444,1.12390658156624,-0.632421218362915,-0.539991255188735,-0.729222797826837,-0.510050775686776,-0.56503564513667,-0.642198405803832,0.675417429719911,-0.376516667589985,-0.439395440768505,1.30642273255227,1.6834901517409,-0.386236372075434,-0.370292957722169,-0.652696741503466,1.28811845925421,1.55737197246653,1.50497236285792,-0.0905368250812024,-0.0936171953803156,0.584205101011404,-0.908370117980451,-0.612012511430763,-0.0855961835036312,0.240419043208341,1.02805662680171,-0.458932414488566,0.620433097415305,-0.848866007382096,1.21682105915986,-0.592394335996418,-0.563564816816346,0.0879434550693603,1.13117966312764,2.32969120206379,0.210962323036206,-0.749289324826282,-0.864139486256635,0.733339930153156,-0.434538970011261,1.35955457774073,1.81951923057168,-0.466481924852692,-0.574432165820512,0.349048372480097,-0.467269611423203,-0.781783811545767,-0.612032059829267,-0.42618686188652,-0.515214523200561,1.71128466125639,-0.652232400369068,-0.433250890230484,1.25572312082677,0.596723671347404,0.584965697417415,0.293451439982729,-0.318728268822117,-0.521167552986871,0.651521803617562,-0.74594206276323,0.225130602681612,0.121949847782507,-0.680795110743151,-0.630959826187288,-0.445041103063912,-0.360394763248112,0.114903205528465,0.525206708743675,-0.544945209809633,-0.469833345810156,0.273173817924049,-0.946374554527438,-0.803191037428762,-0.149304594544567,0.287188065816297,-0.938055876675319,1.1356554664757,1.23609957275331,-0.797373187578022,-1.16230080545647,-0.62046370222213,-0.440422043770802,0.490087392586075,2.30885607051465,1.34487473143372,-0.517026089783175,-0.717586015732752,-0.0444150424979283,-1.19702951435578,-0.006050848359504,-0.529739447900487,0.253757502550701,-0.484444351416916,-0.724735509236815,-0.167407642246413,-0.399898634726296,1.32972035871185,-0.414089210402526,-0.973312654081767,-0.59156966366512,0.225620208444847,1.05486845478398,-0.388287405092906,0.0625042348150991,-0.547273332987266,1.09126478107505,1.74022962784028,0.346517376812548,0.375469235054313,0.721199579895697,0.064052898553077,-0.872091461738152,1.56938348070834,0.926373652363761,1.95268563049001,-0.578418903939853,-0.440845057560506,-0.402800957411009,1.49606273826036,-0.574567391161672,0.0376255934519082,0.499367670977985,-0.660262121385938,-0.784182116331742,-0.132935353120285,1.15899473181109,-0.490191614502914,0.853444115608834,-0.387458469999575,-0.67265289501153,0.61256145460483,0.971249766573588,0.0942999469537743,0.0255639763605077,0.201833592389491,-0.721727210801833,-0.876317725753786,1.78793404458623,1.1456942226917,1.46109274813801,0.764886318711728,-0.657239406583379,0.265160574277526,-0.769269638931583,-0.547342081550196,-0.66549608966086,3.52602798331197,-0.258772555091398,-0.961280804736148,-0.802317558831034,-0.431584442518366,-1.3076438001904,-0.631943764721935,0.985514319489766,-0.620100662679788,0.637798491815195,1.06960835541802,-1.02984446404236,0.554562105524959,-0.0584747681147467,-0.557349591175902,1.50302514613667,1.63024499825349,1.47242127457994,-0.362836635108256,0.470783935311678,1.1741077392937,1.49109603527972,2.22705566957318,-0.680703938055349,0.383082726552193,-0.798624539569438,-0.58636397201414,-0.590419110099479,-0.479183249951239,-0.252459135139162,-0.654451544220782,-0.755865250545603,0.150587727985741,0.737522027385356,1.04535980469189,-0.453520463080941,-0.475498315316322,0.501702748620931,-0.632054548348183,0.372695049227818,1.24080904264183,1.05292168787012,-0.29883232069617,0.392336516837677,-0.704852117823712,1.20104429634531,-0.49858944200454,3.22947605430756,2.67765343665314,-0.419839307586847,0.212395843533166,0.126722434422464,1.60064295105998,0.913522508690438,-0.418816240327903,2.2288326238752,4.16633332194042,1.22397126617932,-0.504768109875833,-0.503708930529297,0.720492185323211,1.28029856144052,0.574487728161722,0.136610654465478,-0.133878937026269,1.21243889881364,-0.404812961836128,-0.831170933594364,-0.800640494297979,-1.00352564046401,-0.763076391897337,-0.342303575800151,-0.60699609384901,0.415620215366276,0.527042023266438,1.03322134445277,-0.492093429498443,-0.347516524404465,-0.356127764920938,-0.426152405790388,-0.19209628235962,-0.000636994632848723,-0.627488378610812,3.33781151277294,-0.464375891526999,0.822261840100531,1.1567611723902,-0.455236351660987,1.01145142540125,1.00544066171187,-0.562152010487781,-0.755829565716357,-1.41625945874523,0.170918796817598,0.768598616302327,-0.708710560777974,-1.12086668854464,-0.79167821863407,0.0277204893988065,-0.965937838928799,-0.504623527225731,1.63764325402641,0.281476720477507,-0.680117437351813,-0.466764426657629,-0.836854594027651,-0.561253030076281,-0.883773155823425,-0.444598034495984,0.594728173563356,-0.869130914118606,0.479369249183844,0.660673026491908,2.17061530174206,-1.48122585075984,-0.414352476826801,-0.867875810443468,1.21492942859781,1.39688357055618,-0.430499440370047,-0.796259557655844,0.0914673250647091,-0.493593930889384,-0.96499962340129,1.8230621135767,1.03866622295163,-0.710284973869927,1.19104160562116,-0.0783337457282165,-1.13688436302446,0.571529295774461,-0.747997090271536,-1.01074181138039,-0.566010699037032,-0.603032598624489,2.06582253770575,0.720871027985976,-0.71157305436993,1.15383356514861,0.289007319781692,-0.386808567195655,-0.473937637058681,0.729245819043406,-0.675677485964019,-0.799036810595303,0.691980799220815,-0.735411990123146,-0.858462959667144,0.423893607934456,0.249119155176842,-0.388200013230897,0.59371499514504,-0.689569785356508,0.127396910229403,4.40766356636072,0.19391647246709,-0.574547412051676,0.665617283462591,1.41103569259469,0.54420035979952,-0.371014155693634,-0.543996565944918,1.93986190224852,-0.493412936880667,-0.653697914574418,-0.658091677882378,0.541577888388427,0.872075553442382,1.68343554857934,2.1242523388058,-0.580755287411444,0.345257666130026,2.09069235266096,2.00410851816572,1.17546032664532,1.1976401354398,-0.508516510850491,1.60866539124603,-0.521979735973987,-0.61052131080658,1.01864966029272,2.09995059388998,1.47925508163466,0.418546197298253,-0.719523549783808,-0.588297561945064,0.509916454694012,-0.268696650017953,0.467172242722707,0.367860774998832,1.02972131507231,-0.495614760728454,2.66815660058995,-1.05758031450463,0.535240745773985,-0.677053451143998,-0.593681714206644,-0.792912836073741,0.895148610295345,-0.757800053491713,1.44496399728033,-0.55321502257966,0.246322243346159,-0.392786433490695,0.610963197391196,1.32865469078616,-0.485816253127067,0.524740168535112,0.426199740683741,-0.608508425207776,-0.616708057714315,1.17120855921651,0.724800793221748,-0.609571261310305,1.50495867619217,-0.4791466881953,-0.527848653802147,-0.581450107692442,1.27767904181894,-0.0198749928900084,1.18971253603522,0.125540557934293,0.334844920114118,-0.781460697748757,-0.441282341989839,-0.150523207895976,1.25451277286713,0.537375732786504,-0.569755773406841,2.21500187851605,-0.773643467427534,1.1866205279979,-0.909848144967057,0.551449275441655,-0.384272493327475,-0.228571321229411,1.49748450286217,0.179587277462175,0.947455945549981,-0.620494342313918,-0.601887066668739,-0.600466657719567,0.0902024563243653,1.25105488159578,-0.118727792133059,-0.077915721982395,0.143836971670887,0.495071873222981,-0.730823029159472,2.24044364048981,0.578947878648204,0.540203281059422,-0.877809728241419,0.0924125857661059,-0.367490929903791,1.32788066369366,0.685373586659373,-0.905751916506873,-0.548246753341323,1.307007351376,-0.74633402219577,-0.77689632987442,-0.513527807859149,1.06061463346072,-0.702854463496712,-0.376085254966847,-0.65323427697639,-0.751527203204582,-0.487170846083124,-0.605815007708669,-0.838746468088768,-0.512995918425756,-0.6002692007909,-0.494007793907488,-0.829580232182152,0.68692608394142,0.646097575066807,-0.597600263298091,-0.561688757941423,-0.775810477487309,-0.505226462944271,0.0322124580718913,0.719736063367335,-0.800938882071613,-0.923820668091811,-0.543856568710744,-0.799784033987206,0.420367420403224,1.02562434921813,-0.69252288453592,1.2187353613093,0.648723467218991,-0.574522884957265,2.16610190518056,-0.783162489495666,-0.566224935388611,-0.60068195999903,-0.675382976552414,-0.653790722557568,-0.653851689833047,-0.569897592314005,-0.685835715519622,-0.647904522193843,-0.664556936026652,-0.569034714136114,-0.507817813873977,-0.536494698185429,0.649278117654378,-0.585376536065427,-0.622528035985135,3.50834501944983,-0.564900394388196,-0.574696478706447,-0.333376838461173,-0.785105315526192,-0.540641423031425,-0.665426753584578,-0.539307094691963,2.07113811019848,2.07249903679356,-0.523080667456721,0.781987526863716,0.758927132241152,-0.782401068500164,-0.789447035739829,0.8704323969608,-0.505778909237946,-0.624275977269652,1.15055504639576,0.714156936510895,-0.846638841230125,-0.397363968993432,-0.922357934814868,-0.245691041028297,1.12248819725909,-1.14684228042207,-0.625888537038413,-0.641289533744246,4.3994223849873,0.893989375054994,1.48517761197001,-0.726381607522248,-0.604395814203172,1.0003606050081,-0.609921532378848,0.897397721500843,2.79771347680855,-0.363912718313512,-0.421387307249072,0.579170199261084,-0.530264405273805,-0.73145250418656,2.8337618791867,3.15985427307809,2.04107092108457,3.82774169838641,-0.673273035311341,2.11510330716661,1.03956579157748,-0.730817206313231,-0.520238954117215,0.156860331921776,-0.991190188200663,5.84966485609395,-0.495183843341153,0.0249990652508486,0.567800698436605,-0.726611845001168,1.12619746461008,-0.612887431730709,-0.536600271805562,2.53985231477596,-0.553901067919841,-0.479383335875246,-0.621606511720135,0.619668527030827,-0.48805352537329,-0.865980025698746,-0.543434400240448,-0.767155531633286,0.622096391597798,-0.563722602978791,-0.524092166767868,-0.469274127030998,0.608285140107736,0.216427376841704,-0.598331963886002,-0.491698944574237,1.45015792691765,0.318103304372514,-0.683218747620856,-0.813165332182298,-0.94583725016588,-0.472351838475484,-0.494377357867234,1.21877493449632,1.76790649378278,1.95033840760371,0.973582675999345,1.21446306387559,-0.379161949641383,-1.02737092254885,0.431326360302516,0.879096548089173,2.52321912172692,-0.812575895131137,-0.441748500440315,2.07977951991767,-0.515370748508433,0.0430014750970746,-0.750713194799017,1.06440958149186,0.495710306216308,0.177743703818629,-0.575643008354943,0.717447936444155,-0.46950194156598,-0.567597101091729,-0.623788878529261,0.599070313020218,1.10679960620054,-0.440109756196063,-0.797330693575754,3.51498962003954,0.434518144332665,0.818750094812531,1.04178152926819,3.54550868860285,1.46968374831298,1.27642281498975,2.65713267550837,1.29366048729537,-0.870570227459186,0.776643385805638,2.61114536085439,-0.442246094950301,2.37484680506466,0.806998924928115,2.16064584830836,-0.377283516035196,0.368565750555433,-0.882104756219481,0.940773815577908,-0.518950740640203,"HC"
"HD-22-1",0.573053717796522,-0.665330012844802,-0.874316134855906,-1.03790453368905,-0.136981996691668,0.519491408571582,1.01757166186392,-0.415720833135672,-0.103957261639388,-0.587392633752342,-0.5360100599205,-0.427166054873635,0.839003828304797,1.63426629508886,-0.522805082503363,-0.724415755866975,1.37859770411003,0.189032490162919,-0.496697729346053,-0.533225338772386,-0.892044314129933,0.840203458620554,0.305385340731707,-0.184551969281102,-0.587085888180742,0.0690894294497872,-0.671018873252328,-0.886090803404096,-0.59994073973799,-0.572265270403078,-0.449126948447106,-0.823525490657949,-0.29021847259835,-0.309529644846314,-0.657743062392169,-0.964466112786827,0.733767931492388,0.72720559024267,-0.852492407356835,-0.307243348403012,-0.715558023336625,0.104932995097343,-0.163381274108789,-0.536928301917431,3.13848697360988,-0.398561543968102,-0.261577490192249,-0.684422976084699,0.139257211334279,0.0988359243581949,-0.804466674495576,-0.722133608031586,1.18946276553315,0.199649489754593,-0.559247717928647,-0.374389587264773,-0.457301332060047,-0.488378971130679,-0.535578881140264,0.552241785390051,0.869079061003029,-0.466862369479199,-0.78169417422122,-0.361091310062088,-0.742272368002153,0.400207682087734,0.788545637455459,0.0380681433953948,-0.209565072421856,-0.194478388784525,-0.167471532427066,-0.094681615964651,0.445347694857499,-0.811355606421236,-0.594144064245794,-0.427209662751993,-0.884442638278434,0.731906717790261,-0.518709942838152,-0.310167173709315,-0.824570369406007,-0.472497315307328,0.841222062034364,0.833543703864891,-0.632421218362915,2.13954365900876,1.62548266532016,1.62447584662751,-0.56503564513667,-0.557444219649954,-0.331459343640748,-0.492678966823538,-0.439395440768505,-0.806924516606813,-0.824109659368058,-0.386236372075434,-0.370292957722169,-0.652696741503466,0.322364207290349,-0.893144250525708,-0.504580611844278,-0.238356960317701,0.175134260309565,-0.824988666868521,-0.297450469504667,0.259241454113747,0.768085869991143,0.871099939453807,-0.262071117560727,-0.580532408629248,0.392548539093907,-0.848866007382096,-1.20970090202904,-0.592394335996418,-0.563564816816346,-0.852561903334732,4.29957478734256,1.12947669179193,-0.556437840594048,0.80167097360833,0.103330009210385,0.637687587605914,-0.434538970011261,-0.540935274554197,-0.802246079506914,-0.466481924852692,-0.661310549099187,-0.71314737154191,-0.467269611423203,-0.781783811545767,-0.612032059829267,-0.42618686188652,-0.515214523200561,-0.563237817945086,1.77448936032474,-0.433250890230484,0.0661955462432081,-0.628682208598634,-0.0447542724411053,-0.622774284236347,-1.1053715510427,-0.521167552986871,-0.481132745559693,-0.74594206276323,0.237966858672849,-1.11633127205757,1.34582873462929,1.11208740941402,-0.445041103063912,-0.360394763248112,0.128731091481009,-0.0304930077422309,-0.544945209809633,0.703373698107496,0.843717709997916,0.0242423952039753,1.2977059557971,0.0167466263895882,0.0871983206042397,-0.938055876675319,-0.257721990930819,-0.731115072330784,-0.797373187578022,-1.16230080545647,-0.102090928056431,-0.440422043770802,-0.832999110597407,-0.533884030225674,-0.866575554810563,-0.517026089783175,-0.717586015732752,-0.442287950320178,-0.587498954779417,-1.02331441862592,-0.529739447900487,-0.991195534761472,-0.484444351416916,0.408284020582157,0.850118481901438,-0.399898634726296,1.62676751173693,-0.659554194522494,-0.113011228239086,-0.59156966366512,-0.686166850667112,-0.567826653865324,-0.388287405092906,-0.837265451582914,-0.547273332987266,-0.551980064673498,1.20563832702697,0.655036520869472,-0.954138085945745,-0.182250360947039,-0.830969904512064,0.847079141703732,0.420576984463787,0.842507715322347,1.11983385904307,0.419487240366631,-0.440845057560506,-0.402800957411009,-1.27366017213239,-0.574567391161672,-0.411425277255179,0.321854149230366,-0.660262121385938,-0.784182116331742,-0.187198177897409,-1.07295113119153,0.999796633273879,1.37584970219236,-0.387458469999575,-0.67265289501153,-1.24706496093846,-0.529251059836163,-0.749562816960677,-0.549827641425818,1.40279393118551,-0.721727210801833,0.129644662434621,0.723159262412442,0.424317818876874,-0.752576497540583,-0.774127007600307,-0.657239406583379,1.25827111318512,0.170424590805079,-0.547342081550196,-0.66549608966086,-0.400497512029309,-0.119239602449517,0.536257266433264,1.46534061541527,-0.431584442518366,-0.344481007897812,-0.631943764721935,-0.579507915169398,-0.620100662679788,-0.503796517211337,-0.313105825940476,-0.148875616671122,-0.939825400487642,-0.236136229266373,-0.557349591175902,0.0247655247508522,0.00706656677618548,-0.670603752641226,2.35485425622165,-0.330744509273899,0.181007316856519,-0.0295148732621599,0.25068977706242,-0.680703938055349,-0.679399709028993,-0.0257132608787547,-0.58636397201414,-0.590419110099479,-0.479183249951239,0.401139712115604,-0.654451544220782,0.105920091180021,-0.942110585579901,-0.314572419057349,0.661056797757699,-0.453520463080941,-0.475498315316322,-0.902316908801359,-0.632054548348183,-0.238251145075865,-0.605022983692602,-0.915536831645335,-0.172337256314513,0.230798440228745,-0.704852117823712,-0.657270497541832,1.70152978764052,-0.495454091056586,0.877297234634024,-0.419839307586847,-0.73139551936346,-0.618696368735234,-0.513248218781385,1.16169082770006,-0.418816240327903,1.31302214717771,0.601793087080279,-0.373704809718314,-0.504768109875833,-0.503708930529297,-0.116952807171002,-0.924514780586802,-0.0432561622004815,-0.813303292440974,-0.247783492248663,-0.0492273223209535,-0.404812961836128,-0.831170933594364,0.313803504616831,-1.00352564046401,0.466005432207248,-0.970172314181612,-0.60699609384901,-0.429465616416488,-0.972280070282039,0.423713614480559,-0.492093429498443,-1.12976969199847,-0.356127764920938,-0.426152405790388,0.787997890913558,0.677892130882235,-0.627488378610812,-0.429499750025505,-0.464375891526999,-0.886517603314692,-1.06964048874916,-0.455236351660987,-0.742946755276486,2.01450471388684,-1.18959503173864,-0.755829565716357,-0.365573486150104,-0.274417992042512,-0.796526001879866,0.59163941911962,0.79108215684777,0.416918908018663,0.715901875939033,-0.0408731085991986,-0.504623527225731,-0.863563219649252,-0.379035994545719,1.7237497233996,-0.466764426657629,1.08613135691215,1.3921306223583,-0.0427187218462532,-0.444598034495984,0.406212180540407,-0.869130914118606,-0.799233124164901,-0.940150205056253,-0.477833002749308,-0.788162823651404,-0.414352476826801,0.180356069990416,0.200639919872973,-0.618950848071241,-0.430499440370047,-0.796259557655844,-0.77458771809739,-0.493593930889384,-0.96499962340129,-0.558555906049502,0.756077945589559,0.528422040211842,-0.614764475187905,-0.742079516028399,-0.181648753836073,-0.104523620997687,-0.747997090271536,0.0875183796433903,-0.566010699037032,-0.603032598624489,-0.730318235371536,-0.598204255115836,-0.71157305436993,-0.606204342383374,-0.63129034137311,-0.386808567195655,-0.473937637058681,-0.580904522104346,-0.675677485964019,-0.799036810595303,-0.764417769029699,0.426871972406381,-0.858462959667144,-0.889325548542612,0.874294809633021,-0.388200013230897,-0.672522450531549,-0.689569785356508,0.576056912959693,-0.538722496195877,0.613058465319354,-0.574547412051676,1.60990234959657,-0.380430093207073,-0.834709508043328,-0.895298276157752,-0.543996565944918,0.994713918180548,0.604870095479788,0.32281737465177,-0.658091677882378,-0.719112826150793,0.727566717878274,0.392374905061738,-0.775032802607551,-0.580755287411444,-0.836916634773705,0.95792326143368,0.721877173021686,0.87046230912573,-0.517699977761507,-0.508516510850491,-0.839734362004915,0.855132581347413,-0.61052131080658,1.27747611551824,-0.524254694445744,-0.831984299900153,-0.745395082740569,-0.719523549783808,-0.588297561945064,-0.610421590420214,-0.85534945010494,-0.794015296702858,-0.831249679230584,-0.788184218742662,-0.495614760728454,-0.185827651223121,-0.0593016640762486,-0.997877754173032,-0.677053451143998,-0.593681714206644,1.74917088404138,-0.598637045425795,0.169339958154031,-0.694758292889573,-0.55321502257966,0.468247909400654,1.83087526705785,-0.0985606936310327,-0.130892359829958,-0.485816253127067,-0.60368373581394,0.206267329051875,-0.608508425207776,-0.616708057714315,-0.682642890579754,-0.716476224852673,-0.609571261310305,-0.99456836848483,-0.4791466881953,-0.527848653802147,1.94777011238977,0.670348149308487,-0.442325054985338,-0.456566211138298,-0.179025186328756,-0.0276673400825264,1.4332041527868,-0.441282341989839,0.651453646373952,0.452616976138135,0.374616700560372,-0.569755773406841,-0.969526788505132,0.700382425570334,-0.837555726474759,0.165598881009085,-0.785445256160296,-0.384272493327475,-0.777454081363004,0.0193158777830997,0.639944240471455,0.667669558498831,-0.620494342313918,-0.601887066668739,-0.600466657719567,-0.137373417850391,-0.0571177241825855,-0.69871053666764,-0.855651382052597,-1.13130195465131,1.06981330810623,-0.724656969223459,-0.571646636129868,-0.71593825275176,-0.777414105828957,-0.877809728241419,-0.963894975231911,-0.367490929903791,-1.00723720358106,-0.573648085257991,0.210702898521159,2.49604206285241,-0.621420086873263,-0.74633402219577,-0.77689632987442,-0.513527807859149,-0.410458854850929,-0.702854463496712,-0.376085254966847,-0.65323427697639,0.00108802853912455,-0.487170846083124,0.78318845609506,-0.838746468088768,-0.512995918425756,0.230190833640166,-0.494007793907488,-0.829580232182152,0.245126306044502,-0.682378934286747,-0.597600263298091,-0.561688757941423,-0.775810477487309,-0.505226462944271,-0.131223659702312,-0.755650546229756,-0.800938882071613,-0.923820668091811,-0.543856568710744,-0.799784033987206,-0.367513875164953,-0.547914033241979,-0.69252288453592,-0.518860584787243,-0.718638772768277,-0.574522884957265,0.982932216854105,0.143357470047531,-0.566224935388611,-0.60068195999903,-0.675382976552414,-0.653790722557568,0.797830774252511,-0.569897592314005,-0.685835715519622,-0.647904522193843,-0.664556936026652,-0.569034714136114,-0.507817813873977,-0.536494698185429,-0.768897864954003,-0.585376536065427,-0.622528035985135,-0.454210725594474,0.425154891707698,-0.574696478706447,0.0277445766212984,-0.785105315526192,1.09078870187313,0.33676696022339,-0.539307094691963,-0.348425147702436,-0.498591251333388,-0.523080667456721,-0.831156261607636,-0.622281704570721,0.35364021335336,-0.789447035739829,1.47288131101761,-0.505778909237946,-0.624275977269652,-0.743774131603622,-0.743846574768942,0.187145079165187,-0.397363968993432,-0.922357934814868,-0.389199583676356,0.327418990982838,0.46510907061658,-0.625888537038413,-0.641289533744246,0.537308779094937,0.624513553164308,-0.470465254505972,-0.726381607522248,-0.604395814203172,-0.64437704550372,0.733865123319767,-0.619881066592517,-0.61712009938149,-0.363912718313512,-0.421387307249072,-0.183687408906799,-0.530264405273805,-0.73145250418656,-0.569578522132877,-0.436105875668738,1.18711135800737,-0.406700539566019,0.684398219140256,-0.565998932195026,-0.685817859793634,-0.730817206313231,-0.520238954117215,-0.713193758009176,0.208309408725804,1.03440846299185,-0.495183843341153,-0.939394475450667,-0.74095518162433,-0.726611845001168,-0.553693741254614,-0.612887431730709,-0.536600271805562,-0.606291521024171,-0.553901067919841,-0.479383335875246,-0.621606511720135,0.637493286048322,-0.48805352537329,-0.865980025698746,-0.543434400240448,-0.767155531633286,-0.617518100327603,-0.563722602978791,-0.524092166767868,1.26007677583654,-0.71456688213729,0.0415388334281799,0.314772981299641,-0.491698944574237,-0.703895512265653,-0.74500476256576,-0.683218747620856,0.0774299177948957,-0.215977833050441,-0.472351838475484,-0.494377357867234,-0.975604745971856,0.583737558527168,0.300144247467902,0.52576558081543,0.908343917185006,-0.379161949641383,-1.02737092254885,-0.487037043735268,2.10692404923286,-0.623039723737013,0.154385910129391,-0.441748500440315,-0.788012724473105,-0.515370748508433,0.0571966684380124,0.116700616898471,-0.807101569604255,-0.557916730587529,-1.05244496011756,-0.575643008354943,0.48672569213356,-0.46950194156598,-0.567597101091729,-0.623788878529261,-0.67680156571333,-0.514869524021752,1.29817087764527,1.0509056613221,0.507853343550291,-1.11711648863016,0.125848634950408,-0.559609290515974,-0.575080500923803,0.387178428768186,0.317292623888756,-0.465167799440612,0.583350455722278,-0.870570227459186,-0.978836790500469,0.658783926737117,-0.442246094950301,0.53121154126303,-0.597626308220176,-0.535005976446535,-0.512856884337019,0.155880795155342,0.398538414845034,-0.599446075410806,1.28715360721743,"HC"
"HD-34-1",-0.555592417576326,-0.665330012844802,-0.874316134855906,0.682124853119706,-0.2575978047326,-0.555718470557339,-0.489483674713921,-0.184478126674487,-0.322582001051209,-0.587392633752342,1.58179784673785,-0.427166054873635,1.22800023634039,-0.906954785415906,-0.522805082503363,-0.76934961526061,1.17986952909618,-0.951756607893985,0.841332617330855,0.485889685522828,0.0563046123038857,0.89598106479333,-0.72953949609161,0.297446979948256,-0.259912684088327,-0.491802880264416,-0.671018873252328,0.704538528209772,-0.59994073973799,0.601049744535732,0.984402182713757,-0.823525490657949,-0.499025978439459,-0.309529644846314,-0.0467188090455935,0.577366968859866,-0.497006264132812,-0.559309350558077,-0.271070898455835,0.0582091003246661,0.258705590841417,0.39128133601031,0.53432391012126,0.711539253824547,1.39892292228609,-0.379209438235664,-0.800523516316676,-0.684422976084699,-0.425165681607172,0.922290079124429,-0.804466674495576,-0.722133608031586,-0.170938063139371,-0.252465525209679,0.325654981932117,1.29315950175198,-0.457301332060047,-0.488378971130679,1.39773515926527,0.251973920123713,-0.940150463465516,0.449275555986157,-0.78169417422122,-0.361091310062088,0.136385552281428,-0.597562997079172,-0.0570409174449949,-0.0166056466748401,0.0753093678315739,-0.110114356169091,0.67494299793956,0.80462542065442,0.729783016107644,0.00216261619669309,-0.594144064245794,-0.427209662751993,-0.203809546069552,0.0353015434394425,-0.518709942838152,-0.310167173709315,-0.824570369406007,1.07774657159341,-0.535378700382409,-0.572367111065056,-0.632421218362915,0.676775373181042,0.150329360625862,-0.510050775686776,-0.56503564513667,0.0163895896817043,-0.137341922351916,0.054281871793977,-0.439395440768505,0.318086805858074,0.0887118834118855,1.47242536151627,-0.370292957722169,-0.652696741503466,0.814348817863619,0.358941496643898,-0.504580611844278,0.587086692580741,0.244506500673507,-0.824988666868521,0.516126246031273,0.170129281427237,1.28286808704093,-0.0906153473887708,-0.877494153250386,0.0984951351848877,-0.699577466702064,-0.848866007382096,-0.0976120869329888,-0.592394335996418,-0.563564816816346,-0.852561903334732,-0.415332247460931,0.280001660690217,0.818277666571042,-0.749289324826282,0.197038657059712,0.00372461257025144,-0.434538970011261,-0.540935274554197,-0.338822526892336,-0.466481924852692,0.353577696660959,-0.71314737154191,-0.467269611423203,-0.781783811545767,-0.612032059829267,-0.42618686188652,1.73780324779236,-0.563237817945086,-0.652232400369068,-0.433250890230484,0.392865783722284,0.28147418955782,-0.96051637736292,-0.622774284236347,-0.52618152442445,-0.521167552986871,-0.341926016798321,0.24085005245494,-0.316533364081665,-0.462276225685443,-0.680795110743151,1.73393564163912,-0.445041103063912,-0.360394763248112,0.453704893436825,-0.208515401759123,-0.544945209809633,-1.45479463840887,-1.12931857316399,0.788699564105026,-0.803191037428762,-0.407462132307445,-0.881133953461138,-0.938055876675319,-0.255105358742624,0.710658928419204,-0.797373187578022,-0.284919951150682,-0.186388243332044,-0.440422043770802,-0.134150205991829,-0.533884030225674,-0.866575554810563,-0.517026089783175,1.0461685014614,-0.500456652743834,-0.425646024530615,0.0418182097658195,-0.529739447900487,-0.066520705908944,-0.484444351416916,-0.724735509236815,0.625699893297252,-0.399898634726296,0.867905256160838,0.730804292598055,-0.0336223698711093,1.57003695446811,0.479427145863097,0.28927429642011,-0.388287405092906,-0.481162021181567,0.952424178562724,-0.551980064673498,-0.836461434415258,0.734673909859437,-0.954138085945745,0.0964887002925252,-0.560293673867246,-0.0824462151736017,-0.0546289868123628,0.66385508013189,1.29165421350519,-0.578418903939853,1.51983594395464,-0.402800957411009,-0.184637306636499,-0.574567391161672,0.0866639529150054,-0.205477160788645,-0.660262121385938,0.415357484782621,-0.0774712841005446,0.788314409331645,-0.490191614502914,0.240106931449735,-0.387458469999575,-0.67265289501153,-0.0563921594782923,-0.657081215812199,-0.122793265490475,-0.233390156870455,-0.826299878399175,0.149908828187721,0.0267544632533127,0.562798377707025,-0.969552848986112,1.90529168658433,-0.774127007600307,0.999218859845943,0.312439929936643,-0.769269638931583,-0.547342081550196,0.158920234198914,-0.400497512029309,-0.633523667491966,0.588562225655514,-0.802317558831034,0.757228275892745,0.172785866072499,-0.631943764721935,1.05915908816924,-0.620100662679788,-0.503796517211337,-0.00191731562660184,-0.238386440957274,0.743481880622792,0.114677849262836,0.679668082190708,0.486785107853751,-0.0897641445125465,0.639558310790073,-0.362836635108256,-0.311345278587205,0.994923788505447,0.749754853589017,0.331851125950211,-0.680703938055349,1.37031941384954,-0.798624539569438,1.18514313039389,-0.590419110099479,-0.479183249951239,-0.166648033724056,-0.654451544220782,-0.755865250545603,0.202006495564155,-0.873831727472401,0.0894630607357293,-0.453520463080941,-0.475498315316322,0.143130927292613,-0.632054548348183,0.956711220051499,-0.605022983692602,-0.915536831645335,1.37879726459399,-0.652744683283419,-0.704852117823712,-0.657270497541832,0.500476344704376,-0.495454091056586,-0.625430816380737,-0.419839307586847,-0.73139551936346,-0.618696368735234,0.60330049133283,-0.586212932084341,-0.418816240327903,-0.637586357654596,-0.419171849570317,-1.10378034554778,-0.504768109875833,0.940993007230905,-0.46610613411232,-0.175875460649539,0.117097820639183,-0.107765420766138,-0.793665704950216,-0.816725390488356,-0.404812961836128,-0.831170933594364,-0.800640494297979,-0.181586086310626,1.13598643329581,0.0476852251518581,-0.60699609384901,-0.149235164596453,0.393251416457031,-0.0471309752194151,-0.492093429498443,-0.0565740334801356,-0.356127764920938,-0.426152405790388,-1.21479747878706,-0.826222229547082,0.343651447653666,-0.429499750025505,0.793498670272469,-0.24125289740063,0.681906399963446,-0.455236351660987,-0.742946755276486,-0.582032151080456,0.100635812229053,-0.755829565716357,0.301896220707877,-0.471811228292851,-0.796526001879866,0.458639149916698,-1.12086668854464,-0.79167821863407,-0.809608919621213,-0.965937838928799,-0.504623527225731,-0.863563219649252,0.205752633575284,-0.680117437351813,-0.466764426657629,-0.836854594027651,-0.561253030076281,0.180612368776281,-0.444598034495984,-0.75693076942242,-0.121506468909468,1.49124659351666,0.251839646755073,-0.477833002749308,-0.107227422017757,-0.414352476826801,-0.867875810443468,-0.747265772882252,1.48756127635775,-0.430499440370047,-0.796259557655844,-0.77458771809739,0.703532069052112,0.391013261054275,-0.558555906049502,-0.598213055580144,0.648402628659282,1.11468364347025,-0.439411287728204,-0.278705451154118,-1.10386469962424,-0.747997090271536,0.0906095473120504,-0.566010699037032,-0.603032598624489,-0.730318235371536,-0.598204255115836,-0.71157305436993,-0.606204342383374,-0.63129034137311,-0.386808567195655,-0.473937637058681,0.46213414601413,-0.675677485964019,-0.190142735281645,-0.764417769029699,1.55019648155773,-0.858462959667144,0.789444016808482,0.311946510417719,-0.388200013230897,-0.672522450531549,-0.689569785356508,-0.192497862853884,-0.538722496195877,0.662396736580429,-0.574547412051676,0.283439793007244,-0.380430093207073,0.608317655167097,-0.346343079514126,-0.543996565944918,-0.760805550465173,0.0743259792569085,1.08315622970092,-0.658091677882378,0.60090182257446,0.186012902722461,-0.814187642569382,-0.160828941801562,-0.580755287411444,0.400227044908627,-0.689391508662824,-0.740417895485083,-0.591226315601407,1.27835836617525,2.27103852184372,0.591138159254653,-0.521979735973987,1.74790521686201,-0.545495229195593,-0.524254694445744,-0.831984299900153,0.473317423180303,0.15287866900307,-0.588297561945064,-0.194301911600546,-0.322021912007275,0.142717525514317,0.109020843957655,0.0103039626485806,0.597823582499879,-0.549462056847897,-0.161405967762985,0.604941993884319,-0.677053451143998,-0.593681714206644,-0.792912836073741,-0.598637045425795,0.0745117403327062,0.233184189579229,-0.55321502257966,0.420562922588931,-0.392786433490695,0.981301744255092,-0.100593967612959,-0.485816253127067,0.396145695912416,-0.847748388510819,0.818783259834294,0.823176358439349,-0.682642890579754,1.40445753623161,-0.609571261310305,-0.99456836848483,1.14582703524798,-0.527848653802147,-0.581450107692442,-0.623221682356157,-0.37397483141049,-0.456566211138298,0.0182840723477176,-0.313926456868716,-0.781460697748757,-0.441282341989839,-1.20266300647864,0.335380448951549,0.67967230190965,-0.569755773406841,-0.969526788505132,-0.773643467427534,0.458474267193611,-0.909848144967057,-0.785445256160296,-0.384272493327475,-0.777454081363004,0.092150136681651,0.483320808185921,0.53052559529622,-0.620494342313918,-0.601887066668739,-0.600466657719567,-0.969725385594821,0.0950936542815464,1.12622225843362,-0.855651382052597,0.0300511404255297,-0.626001603827544,-0.780952080293055,-0.571646636129868,0.639880936020373,1.03026314979168,-0.42588103024977,-0.179334446514911,-0.367490929903791,0.44707352151897,-0.573648085257991,0.0972655266213447,-0.548246753341323,-0.320332882458875,-0.74633402219577,0.495531563177533,-0.513527807859149,-0.410458854850929,-0.702854463496712,-0.376085254966847,-0.65323427697639,-0.07588973127598,-0.487170846083124,0.641120676293013,-0.128620638101089,-0.512995918425756,0.45070871894621,-0.494007793907488,0.53469582004271,0.429455522202642,0.304332011511827,-0.597600263298091,-0.561688757941423,0.264793884602594,-0.505226462944271,-0.914483551563009,-0.755650546229756,-0.800938882071613,-0.085810770312437,-0.543856568710744,-0.799784033987206,-0.318270060100633,-0.547914033241979,-0.69252288453592,-0.518860584787243,0.296954110935493,-0.574522884957265,-0.766028616235394,0.0485926713809205,0.538260961144386,0.534594118308273,-0.675382976552414,0.207835694819815,-0.653851689833047,1.07924918257296,-0.685835715519622,-0.647904522193843,0.384291761125674,-0.569034714136114,-0.507817813873977,-0.536494698185429,-0.768897864954003,-0.585376536065427,-0.622528035985135,-0.454210725594474,-0.564900394388196,0.275706381181361,-0.196833167079875,-0.785105315526192,-0.540641423031425,-0.665426753584578,-0.539307094691963,0.929578314912789,-0.498591251333388,-0.523080667456721,-0.831156261607636,-0.622281704570721,1.46980237505283,-0.789447035739829,-0.557501763870755,1.32451382654596,-0.624275977269652,-0.743774131603622,-0.743846574768942,0.598088675442548,-0.397363968993432,0.49988299834105,-0.206574391098517,0.986325849923185,-1.14684228042207,-0.625888537038413,-0.641289533744246,0.831044952370476,0.967189859429759,-0.470465254505972,-0.726381607522248,-0.604395814203172,0.577233296343237,-0.609921532378848,-0.619881066592517,0.542378819391909,1.85975271614303,-0.421387307249072,-0.129196084328225,0.89505789982031,-0.73145250418656,-0.569578522132877,-0.436105875668738,-0.631759280520507,1.62019397917422,-0.673273035311341,-0.565998932195026,-0.685817859793634,0.357203625059411,0.334696510920827,-0.713193758009176,0.523336351338884,-0.344789866784545,-0.495183843341153,-0.939394475450667,0.932108700427676,-0.726611845001168,-0.553693741254614,-0.612887431730709,-0.536600271805562,-0.606291521024171,0.617789882030951,0.308215474120515,-0.621606511720135,0.212516568445531,-0.48805352537329,-0.450040116998842,-0.543434400240448,-0.767155531633286,2.07833636020213,-0.563722602978791,-0.524092166767868,-0.469274127030998,-0.71456688213729,1.01813541071031,-0.598331963886002,-0.491698944574237,-0.703895512265653,-0.66805513889283,0.848254524027759,-0.0136604885025991,0.501110073662899,-0.472351838475484,-0.494377357867234,-0.975604745971856,-0.766724197739351,-0.107596929586957,-0.0916970052637716,-0.558717666256494,-0.379161949641383,-0.117626527939238,-0.276066162707578,-0.614835278634353,-0.623039723737013,0.0554847047641076,-0.441748500440315,-0.788012724473105,-0.515370748508433,-1.2541307915187,-0.750713194799017,-0.807101569604255,0.224652869013108,-1.05244496011756,-0.575643008354943,-0.61899979002849,-0.46950194156598,-0.567597101091729,0.840865567917622,-0.67680156571333,-0.514869524021752,-0.440109756196063,1.33471522629523,-0.628134209307874,0.296059476923001,0.0245469930561497,-0.559609290515974,0.548011376255647,0.28370579539397,0.211648274908318,-0.465167799440612,-0.0468206190019968,-0.870570227459186,0.331483263625622,0.974152285208509,0.817418290107673,-0.590310521918287,0.445643243430918,-0.535005976446535,-0.431764392388388,-0.86340182998155,0.267553765221801,1.66708861939471,-0.518950740640203,"HC"
"HD-39-1",-0.555592417576326,-0.665330012844802,0.600244690655632,1.32630855924329,0.768220209178433,0.955030507412093,2.32844692263235,1.16574239757732,-0.533347004148702,0.215869309464173,-0.5360100599205,0.377168794448353,0.246907944412299,0.469208209952143,-0.522805082503363,-0.14559892004487,-0.57729235363827,0.126367903614316,1.0446173747767,0.820424780000149,0.364629885374387,1.28808340728896,-0.289652085808043,-0.485938302150705,0.13350959264749,0.762779938262893,0.698394614015535,1.27401530700993,0.442842402273204,-0.572265270403078,-0.449126948447106,0.494439946700657,-0.258379349207262,-0.309529644846314,0.336054714817996,1.29784741611986,-0.497006264132812,0.77108695389661,0.0678532248584203,0.391862745428633,0.574675727217833,1.4579097287948,0.24751280226677,-0.536928301917431,0.379477031076368,0.791761953368335,1.04982768212705,1.43297482892177,0.621715773673049,0.127816975423273,1.1517023842088,-0.0318696827057263,-0.447914176145973,1.62368467609534,2.07341309289661,0.414550485344785,2.19480960508676,1.66088879492738,-0.535578881140264,1.38834058088653,0.716448966425939,-0.466862369479199,-0.78169417422122,-0.361091310062088,0.795207632382915,0.855512754782223,-0.275207201715154,0.903242596710186,0.965135039244674,0.520195676361229,1.39179368381674,0.239207192508322,-0.62582241159886,-0.811355606421236,0.00458508177072491,-0.427209662751993,-0.884442638278434,0.780858520639615,3.42087353939589,-0.310167173709315,0.863194287203263,-0.472497315307328,0.111668289024796,-0.572367111065056,0.105718659774468,-0.539991255188735,0.697627440425075,-0.510050775686776,2.10235770650169,0.162429997917776,0.00212924261521643,-1.04938131129347,-0.439395440768505,0.772119704881241,1.99638798645091,-0.386236372075434,1.49518456624681,1.61252797101558,0.933375750396333,0.379415046486342,0.490905130340355,0.811672455643276,0.488573842606734,0.935562378215544,1.74711143916434,-0.0903555456520448,0.450174505591207,0.645912311422084,0.566503003407014,0.647594415400307,1.34250765996513,-0.123053041152076,0.640443029909915,0.47143241688792,1.25413417749641,1.52629489393337,-0.415332247460931,0.957665069614087,-0.0195875303854399,-0.749289324826282,0.420055156379953,0.504788752835044,-0.434538970011261,-0.540935274554197,0.446971031006703,2.41382893854825,1.2669379309225,1.78657078720434,0.256544437196248,-0.259876890340532,0.432240672433319,2.72554975187776,-0.515214523200561,2.01489772029509,0.821555167067755,0.917035721601339,0.0779405511809525,0.721046171460195,0.81435009628649,-0.622774284236347,0.730384839845707,0.319178131337718,0.944534367327848,0.564774816219742,1.59122974725921,1.14765619124248,1.90767316373655,1.60093772557856,-0.445041103063912,0.344688276042993,0.533485838602375,1.12757989455414,0.487609568709065,0.568350875644981,0.361631135929641,0.880997052828093,0.977086935116808,-0.0474970028700296,1.32202022141995,-0.144621992847255,1.38315579198589,1.63050811726632,0.357246858322884,0.87022332751201,0.0917422124199158,-0.440422043770802,0.20336804765118,-0.533884030225674,0.891493361916988,0.196171439608435,0.247610136875233,0.784267649216163,0.393695898362082,-0.519385737475267,-0.529739447900487,0.0739636252322808,0.568113249203152,0.233281842158455,1.44868235393764,-0.399898634726296,1.86762459705959,-0.487834198729466,-0.709299955693897,0.246072188449327,2.23607368112333,2.58174701209104,-0.388287405092906,1.22303621422376,-0.547273332987266,0.262045161560453,-0.209773796570776,-0.697113880119278,0.186790795860656,1.05955709446882,0.736473403139157,0.591937811214921,-0.332693554167701,1.41259072626982,-0.654078746223719,0.0190701313559828,1.62169866550173,-0.402800957411009,1.18085690867927,-0.574567391161672,0.716444790386192,-1.03292766190848,1.63522775160242,1.80361529029554,0.93973695745298,1.69963435202426,-0.490191614502914,0.832669670882794,-0.387458469999575,1.46273169393039,0.940707324885944,0.929521949946835,0.490602038107978,0.981523410258843,-0.104980219172193,1.556447589452,0.70388248350884,1.63730136133445,0.544031040438764,0.151638347433044,1.58905102038904,1.24893731569929,1.52995932810055,0.899893611084223,2.10980592888723,0.111004584046246,-0.400497512029309,0.775988661159925,1.08326103627871,1.0592795889228,-0.431584442518366,0.598637514241372,0.978906848078126,0.9644654355125,-0.620100662679788,0.0617230630841073,-0.287261156843169,0.677588135674434,1.26715173168061,1.10353025195835,0.607771754626258,1.22435774851704,0.988306958640337,-0.670603752641226,2.44537231085383,0.978755946327526,-0.902564283763228,0.214822516652057,1.07612225369585,1.6492769621852,0.882054868754834,2.22372270692802,1.93667477667119,-0.590419110099479,-0.479183249951239,-0.267224588404942,2.16065123790032,0.135314476563808,0.828432894497248,-0.206967889582626,1.80983949923039,-0.453520463080941,3.11666207981294,0.300736841426123,-0.632054548348183,1.73294404371221,0.890332666079195,0.186785285082242,-0.631901264295017,1.67588378802025,0.909055850858393,1.90819512270771,0.652262772140769,3.3602114791585,0.276573991194466,-0.419839307586847,1.88014322733136,-0.618696368735234,1.69602385898278,2.4937726599815,2.32160710644312,0.533256395874691,-0.419171849570317,1.44038767817612,1.25323526512133,-0.503708930529297,1.26948836098986,2.17935694877432,1.09842301109294,0.792165324631896,-0.332098522900241,1.32306929719596,-0.404812961836128,0.784311152756238,1.05563879695342,0.384767184746742,0.507927826400675,0.139062743004358,0.706420580167476,0.989773445281463,0.262862522022987,1.9259846714347,1.87106244865855,0.409542781574997,-0.356127764920938,-0.426152405790388,1.04814630009829,0.511507074853044,0.490055098592128,-0.429499750025505,-0.464375891526999,0.639715149173646,1.07753254198007,-0.455236351660987,1.05664781112676,1.62054451888635,1.24871802733523,0.41387142315957,0.92654801079315,1.11594682708226,-0.0211997170012937,0.841833820239007,0.773678639839535,0.812583168857214,1.30828093438208,0.137114371524966,-0.504623527225731,0.342949037824497,0.755941632820576,-0.680117437351813,-0.466764426657629,2.13297198621778,0.460535185393416,0.610177863595897,-0.444598034495984,1.19405841294867,-0.00792111235729432,0.741361457584592,1.7389493326025,-0.477833002749308,0.28396464094322,-0.414352476826801,0.0184498911989412,1.54231269455726,2.24843153054907,1.09772839603983,0.590251192596162,-0.345564219703311,-0.493593930889384,0.461461825995137,-0.558555906049502,1.67291378287226,-0.183781404589423,-0.614764475187905,0.82376964380991,1.06858995690622,1.33076098480995,-0.21958100679814,1.31523459868644,1.79532859954327,2.27449917525867,1.32020490940693,0.435020934147997,1.75127997919384,0.772424704356856,-0.175396313308866,-0.386808567195655,2.24100528242598,1.06522546683652,-0.675677485964019,0.188739352628329,1.12838758977517,-0.735411990123146,0.512977616371144,1.41771981344502,1.0307460459564,-0.388200013230897,1.99574490287597,0.148548018430425,0.873742305933475,-0.538722496195877,0.945751172817086,0.227886695598859,0.970016515429955,-0.380430093207073,2.15306701952841,-0.378065554311735,0.612493793729007,0.726803147382529,0.57321732961338,-0.653697914574418,2.07726920624266,0.16282886900838,0.294730858895852,-0.0917671056067466,0.622603047425841,1.17564446535281,-0.836916634773705,2.05446668150224,-0.118879820574925,1.70484429080582,-0.517699977761507,0.812861131801933,2.84800156183551,-0.521979735973987,-0.61052131080658,-0.545495229195593,0.234778854016689,0.921889024818108,1.88376452092439,3.04494116803098,-0.588297561945064,0.780242497583541,1.52048056767739,-0.794015296702858,0.842957333637795,0.600275216975427,-0.495614760728454,0.754678946957687,0.809026627817407,0.371459685530909,-0.677053451143998,-0.593681714206644,1.2576756049231,0.446370931723205,1.48162083319545,0.681346194413156,0.578681218438613,1.34621344103322,-0.392786433490695,1.51491281746041,1.41349598319755,-0.485816253127067,1.09023930432954,-0.216664154922049,1.28282142793419,-0.616708057714315,-0.682642890579754,0.705416229820222,-0.609571261310305,-0.26104129925919,-0.4791466881953,-0.527848653802147,0.788128591048137,-0.623221682356157,0.450524077955124,0.695121393317015,1.26134438539429,0.725080082156745,1.10276144825324,-0.441282341989839,0.721065677189839,0.27557479989281,1.43943141245416,-0.569755773406841,0.249937364259032,1.36392388098411,0.258748135995395,0.65634940772328,1.80983987489619,2.36082093463687,0.912779744154462,1.15236441700404,0.932608689409274,-0.67319351540593,0.951105974983819,2.23679270925648,1.09574587889017,0.5417858248476,1.40108465645849,-0.69871053666764,1.07843510948983,0.662579799659826,0.902534068095465,-0.0620241932284242,2.08885274795817,1.28727882864152,1.38400236104942,0.78288464575318,0.308855442767432,-0.367490929903791,1.66748702126729,1.27664617590695,0.646437123935148,-0.548246753341323,2.23077307427021,0.757803576813826,-0.0805735168796695,0.757944532101657,-0.410458854850929,-0.702854463496712,-0.376085254966847,-0.65323427697639,0.0267587624173369,-0.487170846083124,-0.605815007708669,-0.020732384696674,0.914534983999016,0.101920921873967,-0.494007793907488,0.53289999452828,1.28385785007815,0.628230130571364,0.270056345439512,-0.561688757941423,-0.081769423728568,1.63434960158374,0.685546365174941,0.276486005960835,1.06829639604193,0.983091271996485,1.57940510157738,0.291569246485382,1.3975280133819,1.18526633309656,0.534823451608557,0.696709813668656,0.630333026171579,2.40142177494624,1.47344104458547,0.32162494417886,0.706063693075462,2.62023560960959,0.94271789738146,0.743979548487906,1.27307505248066,1.86670974923723,0.999067709902153,-0.647904522193843,0.890847009714631,1.46262198589951,1.44229449721057,0.243080221735073,0.444467694296148,-0.585376536065427,-0.622528035985135,2.34100903095858,-0.564900394388196,0.686419607274702,0.432212767434498,0.153373137104128,0.838803790500981,0.370950493902313,0.250928077882593,-0.348425147702436,-0.498591251333388,1.50289301825237,-0.262869357334043,2.8125323208473,1.34179796406679,0.674798140451251,0.441438467746453,-0.505778909237946,0.480680119742891,0.0300002555852139,1.32821804522164,-0.533543099493026,-0.397363968993432,0.949872943400783,0.5842581068893,0.605985092406426,0.286795092028981,0.0205847643772086,2.00868335389423,-0.56888790075037,-0.680264025007797,-0.470465254505972,0.489700764066221,0.444678113616744,-0.64437704550372,1.17904164736507,0.131743508365479,-0.61712009938149,-0.363912718313512,-0.421387307249072,1.47991829796576,-0.530264405273805,0.657363536893151,2.10494055130672,-0.436105875668738,1.39650556714034,-0.406700539566019,1.98564900957375,1.54275373294092,2.56781096177116,1.71460303100178,-0.520238954117215,-0.282189224981605,0.882648256107898,-0.344789866784545,-0.495183843341153,0.552543361453926,-0.74095518162433,-0.726611845001168,1.29662938275934,0.698963984943477,1.26861460352807,1.15552560553753,-0.553901067919841,-0.479383335875246,0.482099952340824,1.22632987864629,-0.48805352537329,-0.042975692798236,0.964232630648617,0.235058551173435,-0.617518100327603,1.20013806581936,-0.524092166767868,-0.469274127030998,0.210861013450833,1.96829565156177,0.836004590246531,-0.491698944574237,0.233092090004228,1.59051032861248,0.927818734272155,0.768784215722407,1.79895760784931,-0.472351838475484,2.3615188714403,1.52257883760056,0.0438835471392244,-0.149234195038345,2.50283617124488,-0.558717666256494,1.73544504366552,0.848678470096484,0.893983956461287,0.663345602048739,0.79594747025909,0.595632204723394,-0.441748500440315,0.961902149134144,-0.515370748508433,0.357203135457228,1.40239087392998,0.92262364273737,-0.557916730587529,1.03890227707399,0.771254699109799,0.315939255515054,1.97401680805634,1.36881851672301,0.354791038420316,0.981382657933819,1.59272937562589,1.35746138582912,1.11294171778107,-0.628134209307874,0.702565323028213,0.691220600166387,0.233682426014533,0.718640884329842,-0.624478446322977,-0.72921406656607,-0.465167799440612,-0.735980601657659,1.36986064695636,1.96943243278937,-0.528878550032712,-0.442246094950301,-0.590310521918287,0.604145476421933,-0.535005976446535,0.590308117384127,0.351996310139704,1.1295734443455,0.920058512582894,1.46216404870248,"HC"
"HD-40-1",2.43785341245198,1.38014528741466,-0.874316134855906,1.18541974605844,0.905582089718109,1.22944815903625,0.536264591679651,0.878384405785365,0.0530572717794634,0.059203055400175,-0.5360100599205,-0.427166054873635,0.781349233464949,0.574486993280056,-0.522805082503363,0.208425000965331,2.0622750671532,0.763549952632677,2.94977668262857,-0.533225338772386,1.15325931141973,1.39191293224712,-0.229490129127107,0.130677449670619,0.404591536236924,0.567800353374635,2.06785380973215,1.41430494974392,-0.59994073973799,-0.572265270403078,-0.449126948447106,1.8021832387359,0.619071313058383,-0.309529644846314,0.70228610137733,0.780427142428271,-0.497006264132812,-0.559309350558077,0.73138393702792,0.509105127313797,0.745686827990728,0.57258695098605,0.590613185217851,-0.536928301917431,1.99004657745867,0.494191686092694,0.585795390848669,-0.0295237272170943,-0.894666522630992,-0.173519204617262,0.418024937346282,-0.166497078425836,0.169263047583777,0.556130757965975,1.06934016944302,-0.374389587264773,-0.457301332060047,2.48225274377955,-0.535578881140264,0.360352373900236,-0.216871505122868,-0.466862369479199,2.49740589668644,-0.361091310062088,0.874822535586878,0.0815504499013639,-0.591769444305754,0.575534779754812,0.864036109529998,0.571646365907237,1.86339257276759,0.561544380607543,-0.62582241159886,-0.811355606421236,-0.594144064245794,1.47702204293266,0.796943634418649,1.8312013755333,2.47423963651836,-0.310167173709315,-0.0357720757357862,-0.472497315307328,-0.0889310427249693,-0.572367111065056,-0.632421218362915,-0.539991255188735,-0.729222797826837,-0.510050775686776,0.289981993440148,0.667581921638059,0.327249018956601,-1.04938131129347,-0.439395440768505,0.0471778403670805,0.152397722696716,3.00982337823774,-0.370292957722169,-0.0473502424354194,0.286974156666116,-0.499548807202704,-0.504580611844278,1.23518718087124,1.4625104888152,0.544887922034265,1.69312292396757,2.43579260132052,0.945943482560711,1.03191139872287,-0.286202661278877,0.335731735115456,0.349724847216562,-0.848866007382096,0.91211048639656,1.47832156341218,2.37959723872927,0.713728987175562,2.87596027585593,-0.780114254095092,-0.556437840594048,0.543936441275035,-0.396682825103625,1.13245062248836,-0.434538970011261,0.97292009127147,0.493969288670951,-0.466481924852692,0.54821081728529,1.31897435214572,-0.467269611423203,0.0557082419981529,-0.612032059829267,-0.42618686188652,-0.515214523200561,0.727370155005986,1.01911383309512,-0.433250890230484,0.708559653863279,-0.628682208598634,0.711702108734316,-0.622774284236347,0.364187586133025,1.37895772506283,0.132656841934848,0.310176869195763,1.01985621003098,0.926541073638837,-0.680795110743151,-0.630959826187288,-0.445041103063912,4.12510102243836,1.21173670857731,0.936750784147659,-0.544945209809633,0.610282312390115,0.613456374146893,0.77112819728442,1.65743778235743,0.326209736029366,0.643312057742894,0.479742203959064,-0.867315232903987,1.07075114658739,1.03963851052228,1.24892965378762,0.820928528636238,-0.440422043770802,0.733962548489691,1.59626623997639,-0.453875589469637,-0.517026089783175,-0.717586015732752,-0.623919025360645,1.00090496106781,-0.450465066465102,0.864892014982261,-0.290127923829385,-0.484444351416916,0.987159066615437,0.286751320656514,0.910534214111086,-0.465400568692601,-0.521326048699418,-0.223098136877637,1.05166396234864,-0.686166850667112,1.00959448645805,-0.388287405092906,0.242100854304881,-0.547273332987266,-0.551980064673498,-0.33200142794114,-0.697113880119278,0.406335851922902,1.19466090979585,0.422756204804852,1.34460724706491,0.202862442117636,-0.938444320238906,-0.654078746223719,1.07029804160359,0.61364788686077,0.69111114922444,1.42960673848208,1.72951366548806,0.170964409647114,-0.264303333767608,-0.660262121385938,1.8028643037823,1.47036648527769,0.816826212662156,-0.490191614502914,2.97633990731541,-0.387458469999575,-0.67265289501153,0.247927286317208,0.654957225259682,-0.749562816960677,0.783243990140281,0.173148177647557,1.12409681349596,0.64360449140893,0.460548862048527,1.82632001346775,3.42337143523369,1.04856173523893,0.880160434577999,-0.739571250856207,2.24423520411305,1.20971018470346,-0.66549608966086,3.42506664004302,0.142648790413119,0.590982256772817,0.0400274444600045,0.840747996204074,0.706710735696596,0.95482085592124,1.37688226313848,-0.620100662679788,-0.503796517211337,0.961834506727346,0.723715754221361,-0.246217498901461,0.240612942774678,1.3081694423365,0.374775691268462,0.595503390762159,2.23220095323064,-0.362836635108256,0.495507937587087,1.07990824620613,1.3185320416636,0.525723131544235,0.869018401723017,0.648779632811706,0.478361206885298,0.193997742478537,-0.590419110099479,2.09529276431414,-0.636769110324383,-0.654451544220782,2.21087999062051,0.972760411253931,0.652601135447047,1.26576570383309,0.116184502828267,-0.475498315316322,0.760495739118331,1.10535659068594,0.575038574884038,1.18983836444066,1.46591557280572,-0.826125355059599,0.415186079710026,1.45472938033294,-0.657270497541832,1.18289549808157,-0.495454091056586,0.627577811226913,-0.419839307586847,2.12513137600863,-0.618696368735234,0.333293843643369,-0.586212932084341,0.693427203602573,2.80926539916934,1.52174382672496,0.492527484918668,2.60036383174327,2.55567070200482,0.408805753181147,2.08260803245106,1.29779316025895,0.485178938512119,0.416915995880422,0.451316777484127,-0.404812961836128,0.615182411574517,0.506454449632767,0.407370186720424,0.900892875929382,0.0908460293426487,-0.60699609384901,0.60590186426107,1.05023352665171,1.48184003051247,-0.492093429498443,0.904323907907702,-0.356127764920938,-0.426152405790388,0.0597235208846176,1.13832159823145,0.640348309124206,0.460449870696024,-0.464375891526999,0.560297362647232,0.103427473331562,-0.455236351660987,0.868243887477687,-0.582032151080456,1.5574950843542,-0.755829565716357,1.09052916341201,0.735532106182392,0.44762228607547,1.90872537902269,0.606459966473151,0.369873473639829,-0.809608919621213,0.993430245726101,1.52940250942094,0.110454474399124,0.726225788760626,0.618198772344397,-0.466764426657629,0.971127746575036,0.599329107599812,-0.883773155823425,-0.444598034495984,0.812346269371786,2.30301529680034,0.443311618716775,2.24877727623701,-0.477833002749308,-0.246602060461913,1.17405015644549,1.35237108093693,1.44460502828693,1.96248820831732,-0.430499440370047,0.240490474919926,1.43238622242873,0.787635836739058,0.06447783835698,-0.558555906049502,-0.598213055580144,1.32305920310816,0.409884762973907,0.403123860594932,0.813442697292885,0.72450200481316,0.288616678128539,0.770806979042719,0.190903068372139,0.671271116933596,0.781975611676498,-0.598204255115836,-0.0362502725865448,0.95844119783006,0.901347224531505,-0.386808567195655,0.469604530391216,1.5458843799579,-0.675677485964019,1.10277997809276,1.22640220810351,-0.735411990123146,1.46860430000984,1.62303734771139,-0.574304392697677,-0.388200013230897,0.558006065730033,1.50861525868973,1.55500882336887,0.863710615810511,1.31473858199412,1.63969692183877,0.844044921988676,-0.380430093207073,1.04132155103569,-0.895298276157752,-0.543996565944918,0.439004178111608,-0.314013516064751,1.41464695811964,0.0238318685167741,1.38040565536465,0.89297959134274,0.34506400641425,-0.775032802607551,1.76949545986877,-0.363495729709947,1.53373876479496,-0.740417895485083,-0.591226315601407,-0.517699977761507,-0.508516510850491,1.12175661215034,1.34239782573785,-0.61052131080658,-0.545495229195593,1.19201381174694,1.01270936390836,1.19299964061029,2.68000319469351,0.769832380616221,0.0909257996167468,1.47216661823098,1.52002104165578,0.585811913942737,0.611044786024086,-0.495614760728454,1.52246463787787,-1.05758031450463,0.902021768938337,-0.677053451143998,-0.593681714206644,1.98080882290489,-0.598637045425795,-0.126760013642044,0.519361449977907,0.73295540674645,0.874841434090009,4.13344422686727,-0.124561186376799,1.08681491260841,2.85039570295642,0.353140805329926,0.390273363700408,-0.608508425207776,0.474979848296789,-0.682642890579754,-0.716476224852673,0.749800410540826,0.751639625744471,1.85314555603099,2.85813210791065,3.24047325023974,-0.623221682356157,0.766214824559313,-0.456566211138298,1.05616993042026,0.117710150496007,1.48948186400034,-0.441282341989839,-0.265255275466733,0.0865473273461963,1.10166997148332,1.01139717947749,-0.346065413754105,1.09041488085841,1.62027543294662,0.123429193787652,-0.785445256160296,-0.384272493327475,-0.777454081363004,1.02773500155009,-0.911558242630226,1.14210869115517,0.645833172945359,-0.601887066668739,-0.600466657719567,-0.0441836527202492,1.12977297424157,-0.69871053666764,0.439567479496494,-0.501288437492669,0.570117770039507,-0.792047241593388,2.01089909959321,1.19254710093439,1.66021521614722,0.826608364748901,1.2841427889989,0.652821894337836,1.61565852556751,0.427172960822003,0.506120784185264,3.22510020024227,0.491006839872629,0.960754764104232,1.40728278114213,-0.513527807859149,-0.410458854850929,0.293639020242494,-0.376085254966847,0.815718686109129,0.267386746671914,0.858745704934472,-0.605815007708669,0.356435975926128,0.813320679787658,0.879113878808598,-0.494007793907488,0.87145424259222,0.977218608293837,0.805658051436036,-0.597600263298091,0.417479990444562,0.975586264068693,-0.505226462944271,-0.914483551563009,0.678128956831484,0.709497699651311,0.339963551194671,-0.543856568710744,0.0787143592895,0.923323710542869,-0.547914033241979,0.115293257863029,1.16973373748052,0.0513608578493141,-0.574522884957265,-0.766028616235394,0.305105782655709,-0.566224935388611,0.26005877083164,-0.675382976552414,-0.000524995949286313,-0.653851689833047,-0.569897592314005,0.800733460371448,0.20106812733136,-0.664556936026652,1.73766405135106,-0.507817813873977,1.430744800333,-0.768897864954003,0.47164712015178,-0.622528035985135,1.50358668011483,0.386333526509635,2.21609713972835,0.947195981496958,0.0868334611930948,-0.540641423031425,-0.665426753584578,0.359005947602792,-0.348425147702436,-0.498591251333388,0.51271553568585,1.07932688597729,1.55017200117135,0.934059113488062,-0.105113416137458,1.94484465326805,2.34037674068256,-0.624275977269652,-0.743774131603622,1.2397927733824,1.14516857976545,-0.397363968993432,0.521669601537575,0.575507345316688,1.12968543895636,1.33157981382243,1.29752319488758,0.0498301913484299,-0.56888790075037,-0.680264025007797,-0.470465254505972,-0.726381607522248,-0.604395814203172,-0.64437704550372,0.304701042539769,-0.619881066592517,-0.61712009938149,2.19251698601727,2.19775092670223,0.747466370414961,-0.530264405273805,1.74654295602492,1.12196317372376,-0.436105875668738,1.66839095042592,-0.406700539566019,-0.673273035311341,1.57797939791266,2.08497774233019,0.68960927577249,-0.520238954117215,-0.713193758009176,0.295376214813381,-0.344789866784545,0.406536848031807,-0.00219761969223381,-0.74095518162433,1.16476113773359,-0.553693741254614,0.877158449036538,0.493825114614433,0.294452404327188,1.21310017675811,-0.479383335875246,-0.621606511720135,0.295337428232858,1.48671284812034,-0.0406041376388549,-0.543434400240448,0.040385199473639,-0.617518100327603,0.599960263629675,0.140896083343852,2.38791856049381,0.0303678094188315,1.72956858121809,-0.598331963886002,-0.491698944574237,0.166658117851802,0.0825878415978073,-0.683218747620856,0.23290663194112,0.741838599404937,-0.472351838475484,-0.494377357867234,1.69209714118009,-0.766724197739351,-0.823990033085211,0.65806218610456,-0.558717666256494,0.701948782573981,0.69982323600364,0.410257142948532,0.836966451294571,-0.623039723737013,1.75204351305703,-0.441748500440315,1.18937124069322,-0.515370748508433,1.04653036397461,1.25503381244207,0.68367050416831,1.61199596358423,1.52677746630506,-0.575643008354943,-0.61899979002849,-0.46950194156598,0.829914367571158,1.28833807975065,0.0416773030240072,-0.514869524021752,-0.440109756196063,0.827554455279092,0.145053897795684,0.265317958393466,-0.190464525804159,-0.559609290515974,-0.575080500923803,0.0640863731787907,-0.72921406656607,-0.465167799440612,-0.735980601657659,1.58559077304464,0.982122923178544,-0.528878550032712,-0.442246094950301,-0.590310521918287,0.19335714813913,-0.535005976446535,0.48321142480918,0.516534745594406,1.05283638155407,2.0996725755339,-0.518950740640203,"HC"
"HD-45-1",2.29863195996141,2.95900249286302,1.24024495538632,1.82613454056363,1.52518162712,1.39586544070073,1.89941794947511,1.8348172118878,0.301143342358801,3.44998174105811,3.46672736460604,2.46418916523388,2.45452992675791,1.87686088120038,1.15136121748002,2.24693196332209,1.87741729209217,1.99828548632301,2.49687363907453,-0.533225338772386,2.71937648979791,2.66127773104855,1.46876957004826,2.89628461578839,2.18421301301706,2.18649656982632,1.48605659771516,1.32354384319521,1.68403419625512,3.17360420169711,2.99916706475238,1.7905890504165,1.13985092122074,-0.309529644846314,1.50688545480955,2.45734618302826,-0.497006264132812,0.468011277567918,1.26061035630401,2.25331105360289,1.00892736442543,1.40128782664803,2.17887431274386,3.8737866870049,2.64688515412325,2.27465480230764,1.65100469511093,2.1946346756292,3.08178416048932,1.64260783197756,2.48874622244846,1.29490858858963,1.53320080326354,1.98469517758815,-0.00195482284113672,-0.374389587264773,-0.457301332060047,0.345996864712779,-0.535578881140264,2.18757882499098,1.0061607472197,-0.466862369479199,0.905897479216346,0.477237375492992,2.31926292733386,1.25027566148099,1.75236857943732,1.49210798985502,1.09701841783394,1.00308335358021,1.20411745823048,2.493724987083,0.229538930656216,1.07518080230717,3.04853179728273,2.60012264194222,1.90443027144671,0.340894087375055,1.07300671359687,-0.310167173709315,1.01249003483095,-0.472497315307328,1.7445642444164,-0.572367111065056,1.96775537305632,2.8089100707499,1.57267284823271,1.1968344632111,0.438088435515373,1.7152524930367,1.31812136402663,-0.505617392105239,1.9688574056428,2.30016169987957,1.95258453651147,-0.386236372075434,1.71001065973705,1.13361322108761,1.85151923093415,2.36558403559823,1.58672078840254,2.08413530640917,2.01152778350072,1.12301511717708,1.0291960950146,1.20176243299076,1.8940942167802,1.84759775000459,1.92190849715027,0.276588305884838,-0.0821279435809335,1.31539218030916,0.801205946185903,2.23326079821568,1.33158271394248,2.29239389400956,1.02598265799427,2.21775628724352,-0.556437840594048,1.76754005830027,1.45632926324457,1.89836484809373,2.89274601140196,2.08621331792115,1.89408215546654,2.25797632716012,3.06090869136892,2.35849864147215,4.18648834120228,0.759263681755936,0.594295627265658,2.39295927219321,3.60594212163843,0.510011181648375,2.11094851531486,0.609428862841874,0.921343428907074,2.4049488590831,1.56351919648652,-0.194199580465961,0.357758459613455,0.849730209939005,1.88785434163716,0.327731557486541,2.425441666841,1.34528038467601,3.1087416389188,2.2576381510824,0.95597278555015,2.17417840361402,1.58039525264948,0.937173803609642,2.70078403579503,0.733909468849552,1.60898356602909,2.38442044801189,3.02056756844507,1.65233316464915,2.09850828594341,0.874865056160336,2.47479843540669,2.06834911498452,3.07971766395124,1.7762102237321,1.69746120906402,0.282227952547459,2.8631753805754,3.09923201429014,2.97443401447477,-0.517026089783175,-0.0722166986715046,1.6335838633353,1.94326416529849,0.845366685618008,1.66919144991807,0.169073168624633,-0.484444351416916,0.55154948440108,0.644348791450026,2.62836198902717,-0.465400568692601,1.8467851165339,-0.621591002494205,1.75769320204802,2.40886381154087,1.48709874427155,-0.388287405092906,0.581353017696936,2.56732284709892,1.15811182647039,2.87040193951057,-0.697113880119278,2.44710610176742,0.917222188022319,1.41297562972611,2.13496764032638,1.97830747307384,1.5359779298972,0.0578776735400956,2.87128583613992,0.435067588662896,1.61878710093241,1.38651959145723,2.04206408980064,1.66816231174171,1.63767198417061,3.42986574596836,0.718298237016168,1.48318570762296,1.13281563699187,0.352195187169622,2.49337793144258,2.74136250742361,2.09247009142599,1.79605636636939,1.82869915058741,2.37151881785935,2.15661528627163,1.06588684029675,2.55877562440603,2.03807306338202,1.75784366605421,2.42847406251,1.95179260755998,1.40908996070749,1.76679597696033,1.16065850970332,3.0286387945566,-0.547342081550196,2.20704351338883,-0.400497512029309,1.8367120500692,0.501963698961265,1.36387923262495,-0.431584442518366,2.31298223196807,0.687584378128106,1.47300037710253,2.19415277948749,2.09051334784194,2.18790568010932,2.81258092229916,1.76605928174807,1.1399191746292,2.40843761755218,1.53677203547228,1.60094172808335,2.37837900923245,-0.362836635108256,1.70070504250911,1.15064588028511,2.31308610809279,1.41039696644153,2.70059403142812,2.35945075488182,2.75666202592892,2.17793208708204,1.89285558578889,2.19727363118489,-0.26574931075582,2.82639453502648,1.82275010450499,0.80451458343431,1.38649463904315,2.09024965736583,-0.453520463080941,3.15560094556797,1.27900209333872,-0.0375229967275687,1.67640048077157,1.31417556776347,1.97853102026368,0.744548513600952,1.64722985761654,0.963468998392826,1.45513704074598,-0.49858944200454,2.17556944326349,2.30470207181025,-0.419839307586847,3.20819161304137,-0.618696368735234,1.33323230365621,2.08442371596734,1.83003237312197,2.03767793366997,2.72902130088609,2.14955300972768,1.73083907993353,-0.503708930529297,1.42961559709712,2.229789614772,1.89946871364937,0.353472438961194,1.71731809185764,2.03339532100573,0.832270894347774,2.74423999282953,2.13725736563112,2.75558740846157,0.437440107300245,1.9086888495502,1.43291805610675,2.01640015687086,2.45360281699001,0.550967487366247,3.48730480337329,1.97557236692742,2.29356631621977,-0.426152405790388,1.64222061128623,2.51319445934227,1.73874432485684,1.99201512448017,3.72823029972835,2.16822763315121,1.92898715709896,3.68417850768755,2.25124929759368,1.36785473947305,1.28763482556172,1.65750883277961,0.945431512102965,1.16005016324758,0.985508972199195,1.35253304693549,1.35647531232741,0.865915669386781,2.30558699698786,1.20744823778925,0.570375477671531,1.92976948018929,0.0856966906737833,1.6712014696132,3.26796478095838,2.3209574690256,-0.561253030076281,2.23950071442354,1.87707941306395,1.95375672709995,1.18855248834247,1.3254551729193,1.38704862120204,3.55100829698728,0.18976058284735,0.90579938006274,1.15729408785391,0.844498014128202,0.968329235162665,0.405008576211899,2.54234177176301,1.30131443431961,1.00854259148743,1.41400519416728,0.419966151831044,1.79606840671043,2.32957308430611,1.48850164466566,0.416160176806482,1.47359347074752,1.60009689893883,1.32548621105251,2.8834126880085,1.97610566963784,2.12390052433372,1.51132216185408,2.91202212461952,2.43524959812957,1.8905541709407,2.39849442834464,-0.386808567195655,-0.473937637058681,0.791171267477653,1.10993198077121,1.76646730723644,1.25901637344172,-0.735411990123146,2.3324213053925,2.20513504685901,1.161749644236,-0.388200013230897,1.97683652132051,2.49659366860013,0.818344936120758,2.44488370937384,1.80731468684204,1.79481965301617,0.726049791793718,-0.380430093207073,2.00099824299314,1.87695088602665,0.895881951145077,0.755682429222771,3.05551965465376,3.1055076404411,2.43131183922447,0.829388841098947,1.88549892246259,0.703462501973629,2.15217722699178,1.07873271319709,2.01680776795856,0.452845978056398,1.76239098919885,0.83649092523628,-0.517699977761507,0.739390284626552,1.8431901281881,-0.521979735973987,2.57648621853341,-0.545495229195593,2.68165319855618,0.425718761721286,1.57641453391714,1.30356395217846,1.00399809055999,2.41364705264312,2.79268182893203,1.37825389805073,0.849651894090494,2.44917103224654,2.20871678788006,1.4295058107147,-0.0825028484383932,0.476292062000191,1.84263446425004,1.53217196801609,0.659158919142552,0.100097696433584,1.10432868056846,2.44583190871847,0.203616738587591,1.80885178055011,1.77995349482997,-0.113971614608609,1.66434461732717,1.49971063851548,1.90178874325185,1.18859580534898,2.76611519903703,1.9257627386992,0.382766677218134,2.22983479085017,1.96001609963324,2.51164301797813,2.76378909622394,0.121936019351703,0.335729142610491,1.35323438962103,1.35526085617815,2.98795628650668,0.813040822421942,1.74889078026989,1.33411383983558,-0.441282341989839,-0.220030822186607,1.52088524131724,1.27828084524788,0.191308623973771,1.44921567901259,1.3280141684655,1.65725011148285,1.47793775428275,0.460510886968352,-0.384272493327475,3.13018607130102,2.2415726924086,2.40917816423865,0.0848831727778851,0.666881924304428,1.22128328184161,2.54760766353819,0.542578061425035,0.828388567219137,1.19461890457505,1.74501883325548,1.80269418628774,2.14014104292811,-0.358158982932757,2.25642763870264,1.99336259873128,1.09173451531096,1.97693362587389,1.98888912698572,0.829560823903879,0.872099510884233,0.443808493968061,1.18703639165781,0.233364789536151,0.624943480480825,1.34609049831039,0.995575953262393,1.17852019634396,-0.410458854850929,0.31020262114148,0.38398252848723,0.296398303956253,0.195134548797945,0.427843956711268,-0.605815007708669,0.156238254175755,0.267459380501585,0.210889953714546,1.03401474951921,1.23702956149216,1.15879207013687,1.16332785580319,1.39664970915499,2.10258754900887,1.17070744154935,2.55327606020382,1.56966948926622,1.50500550079746,1.66907083317378,1.32683271808909,1.01397241124547,1.24618212291873,1.51570574757398,2.88975729676691,1.94263896964098,1.2894206005711,1.3764973062748,2.73379384836475,2.86706950914183,0.685506233195245,2.08181333818207,1.9392678787427,1.76579190266484,0.667049361071814,1.33713432755029,2.64983824101763,2.03817457097033,1.20387760537157,1.59267516464766,2.13178406750365,0.922972142393947,1.97899020441043,2.26471252583109,2.02249745578277,1.38058857330209,1.64235454576864,0.402144828123177,1.52855085779313,1.69593381372877,0.56219959136691,1.29707604942658,0.313474785127125,0.749842894979856,0.788370704189687,0.493225466711786,0.692136501337299,1.27617963636215,3.28379402864248,0.904159314486207,-0.789447035739829,2.06556826679151,1.12439515296952,0.228961654129103,2.34811800346577,0.529717137324083,0.203631969399233,3.66601925521225,2.61758977340247,0.581238239061866,1.07228055177158,1.4117412373866,1.77138013994011,0.502515392932818,0.511599451244572,-0.156594048039679,-0.470465254505972,0.422084513274885,1.69335763098899,-0.64437704550372,1.98625621765113,0.0898428474554561,1.00749861035025,0.639226430613267,1.00333566773614,1.7928881788129,0.372426458058473,1.51956601318055,-0.569578522132877,-0.436105875668738,0.399304346723482,-0.406700539566019,0.652844322776552,0.334567438632688,1.35312183629025,2.24122234324741,2.27169274968077,-0.306216346221062,0.514223277633361,-0.344789866784545,2.61742968261927,0.663164468926658,1.86972805497456,0.972917068586532,2.13153073922835,2.11749361772096,2.00565084053155,1.05831494239302,0.720950691277105,0.377559127072586,1.31626682971912,1.50227817950304,-0.48805352537329,0.13124845969906,0.880619996921409,0.718779306966456,0.793894354197574,0.800599846094724,0.346486292004466,2.09811032250185,2.40259253195938,1.89752142490475,2.55821985771473,0.31508256908515,0.974139276053829,2.04907467247449,1.11334382597365,2.04955774634425,1.33712843185962,0.632334222891574,1.49110261668687,1.31340229481495,1.08543737358009,1.40882971860338,2.17240007648116,0.874247659338121,4.72656459466559,0.361457618849945,0.258838278397364,0.592459877532595,2.17284516842386,0.622970064917577,0.414734682376302,1.23906086618398,-0.515370748508433,1.32331274985851,1.11623015968597,0.577958379143171,1.2568502911759,2.07055696127559,2.31620043930545,1.23778173827352,0.574030023457041,1.43410505768121,0.679889871400663,1.93138223503887,-0.514869524021752,0.542652802995792,2.04238406654179,-0.628134209307874,2.04361885000395,0.798591728649538,-0.559609290515974,0.646893310021952,-0.624478446322977,-0.384946380305549,-0.465167799440612,-0.12296644912177,0.0620960963083022,0.786621583246183,0.419505431328157,-0.442246094950301,-0.590310521918287,0.059402661052682,-0.535005976446535,0.686479291705119,0.938610804003552,0.728726192818302,0.121008792939855,-0.518950740640203,"HC"
"HD-46-1",2.286984529125,1.81297355899771,1.53226441051261,0.922664342040603,1.29513816038303,0.793958606669908,0.609215712566318,1.64858021070364,-0.631622726948414,2.2543341831987,2.87220259965574,2.82430672036897,1.29011169282482,1.63184586514774,0.802833005796604,1.98533352013116,-0.57729235363827,1.6217701557907,-0.496697729346053,0.052613241260294,1.19770215958048,1.67073574893294,1.96346790124723,2.50531740386899,1.88939129779386,2.39881796579816,1.69398080580308,0.931695349023494,0.50006428170948,2.62608531426689,1.5807824375544,0.0594925744272687,0.324678692250681,0.28394789296613,1.02300599958091,1.56018565357117,0.138140180310946,0.378607886372555,1.34884060596082,2.06821704523215,0.914110009967952,-0.421096720309237,1.11679776914971,0.476950911257262,0.253056846010237,2.00932550637742,0.556851041893715,2.33847152767129,1.9016636927238,1.21770416934783,1.42632575340946,0.117768474002879,0.160019372102071,1.64323472450266,-0.0505611332008531,3.81291564392195,-0.457301332060047,2.01145027337198,-0.535578881140264,0.895753014482136,0.635535218481391,-0.466862369479199,0.760919781377313,1.65076476257907,1.76923930915202,-0.597562997079172,1.17958697872005,1.40223456308278,0.736940215650037,0.67359765632853,1.03109986242343,1.78264696318854,-0.0730403603269784,0.418170778694328,1.61425605597713,2.34376032929043,1.26171533439042,0.503096236342348,-0.518709942838152,-0.310167173709315,1.13848119311199,-0.472497315307328,0.133875481732318,-0.572367111065056,2.10673293146893,1.54092918788393,0.930357273785031,-0.510050775686776,0.727411947044514,0.676051800374733,-0.41045370701514,-1.04938131129347,2.30831926448666,1.34469521252489,0.727867624651993,0.923736035531034,-0.370292957722169,1.40823559665755,-0.580182792717566,0.41585319325161,0.353425319414781,1.27884468195487,0.576385559887548,1.77987578956532,1.17922447270529,0.796524000633149,1.39682180606289,1.2668675932913,1.46700090080822,0.808959386541931,0.78220359846348,-0.0423582811255011,0.00731131214417915,0.589707025537784,0.182470514884139,1.64795896778278,1.19359663909917,1.55053772211521,0.241934472197109,0.232752095822413,1.26833983814304,1.33910253635729,2.45402138703035,0.456435240339229,1.64238067204953,0.92913182587115,2.31879141003334,1.17777732036897,0.414056116031053,0.694704965627746,-0.612032059829267,1.99284070340915,2.84915944351549,0.927579563995233,1.25481998396752,1.96631992157612,0.230900564396476,2.70002703687006,0.234156358084237,-0.622774284236347,0.288590068446419,1.63363083680421,1.4355647703299,0.384984503623581,1.34069640142859,1.37330352711703,1.24074447630869,1.36711262769208,1.20779248323337,0.689961597954448,0.876286530297847,0.732456999602154,1.75656360983519,0.796138189439164,1.25089048247723,1.37623102620727,1.68159161361718,1.73771987827038,0.473099138896841,0.502611346204044,1.7094375173713,1.1713062169513,2.32977794162337,1.67157782857557,0.887430101482077,-0.440422043770802,2.45584598405942,1.66358182702115,2.31490743849661,-0.517026089783175,-0.128504911922081,1.30728014467268,2.08184238453766,-0.157393375037668,1.48146216023474,0.501280150831429,1.96792809468839,0.577193792051182,1.67608666501354,0.594445170308121,-0.465400568692601,1.7980737458622,-0.973312654081767,1.1675944759369,1.417558618494,-0.567826653865324,-0.388287405092906,1.10475304649127,2.01201280023275,1.01025947715747,0.237463936371258,-0.697113880119278,2.00503581828791,1.08254738444778,0.983274800408178,1.88026107093713,1.81911558421118,2.050064341742,-0.654078746223719,1.78608896233057,-0.440845057560506,1.25076033125685,1.36866695180089,1.88838649960392,1.83203300595125,1.77942869358136,1.67749363535579,0.191007785409176,1.23161682661075,0.776621401828871,0.838791577003078,1.58515695087105,2.23072427679917,1.28555072176214,1.6653071683501,1.23149771627388,1.92967439094455,1.93690076841964,0.0502220315501959,1.19107906988904,1.04019334416761,1.41351152672837,1.80880954389177,0.698355124152144,2.54506947998078,1.23931190627112,1.0962614685876,1.08197193766561,1.33367062976954,0.74442487786362,-0.400497512029309,1.81600127944937,1.64525998781854,0.867971787363857,1.36515048438185,1.87096832974635,0.35293098602853,0.908365072933878,-0.00195057175534978,1.41604557410451,1.95867375077001,1.6122837310077,1.38002520481293,1.27792106894382,1.31224081992031,1.52082709457144,1.39944463342498,0.0841405585558467,-0.362836635108256,1.43706688303893,1.77624848518197,2.46897073570644,1.87275488769953,0.836361808975684,3.17831540733787,1.35678571055139,1.35569180480087,1.13052371473642,-0.479183249951239,-0.660340198272134,1.72432927269913,2.01345365564633,1.29095957814503,1.30302629381184,2.00966959839704,0.156701866785313,1.45660579389801,1.69298331542257,1.30044767022616,1.1838782818907,0.905378613843226,1.28516361663683,0.932241758675456,1.29874740198813,0.17895474808135,1.02138864674552,0.0757238277360881,2.41630093444988,1.95656986500451,-0.419839307586847,2.03620906674189,-0.618696368735234,1.05071014737453,0.690400637830361,2.09004806972837,1.70793790844415,1.23139899163169,1.0732639683104,0.571942100915108,1.15201143521591,1.27709303784143,2.00518808492002,1.11490661724232,0.965713038904761,2.04260161808146,2.51625523782202,1.18776257647452,2.27016289656352,0.757932924487296,2.37050192670988,0.132969967042208,0.918756682098384,0.658697508006554,2.14401369302833,0.962425382714964,0.419258939706064,1.14507243106939,1.19672021535224,-0.356127764920938,1.37835315281731,1.97274728120897,1.07861362910615,1.78334391912847,0.245260233301042,0.9772284111246,1.76935941864948,2.24735501423176,2.70020793919104,0.230923487702681,0.769265737588754,1.49867231048912,-0.755829565716357,0.7501973336725,1.17469344076506,1.19155088288669,-0.0376592264225862,0.691944012971801,0.595388587083096,1.75017002142295,0.289176858624656,-0.504623527225731,1.04860383145508,-0.201702078545884,1.54428531900268,1.5369697143549,1.7572784943026,-0.0513469589091372,1.5656991285505,2.9704368817843,1.43927554588695,0.771531782724295,0.99264383514166,0.424610962899476,0.326324862663121,0.0493693115984786,-0.414352476826801,1.12916505935872,0.785191846871058,0.551636559372603,-0.430499440370047,1.70225692973168,0.959712649645674,0.478590857821695,0.928739628039632,0.89302830901101,1.23926975465179,2.58981065761597,0.568836530430124,0.538931652660408,0.754166815403628,2.01470704308182,1.04588498583713,1.41453820409879,1.04535370624019,2.28443542998649,1.28120633403169,2.77217991159997,1.17872112549404,1.22403364974269,1.84224934343785,-0.386808567195655,2.81080076474774,0.19669010761223,1.18040415078616,1.00366756297499,1.89669445739901,-0.735411990123146,2.30834223793979,0.359157231516756,1.16111257144574,0.846970390158088,1.39136984423296,0.449418068143385,-0.0305884976518109,0.628438524672348,0.766395535229806,2.60101171559646,1.35234282767018,-0.380430093207073,1.35771019783343,1.79836177510584,0.771923056217397,1.37726893349499,1.51114511996546,1.9416915430475,0.793628950147901,1.80545693081603,1.10329749916857,0.572248418994916,0.0111468922298442,1.07822233309394,1.3734620606321,0.513755047693064,1.87404164816929,0.474399051565892,-0.517699977761507,1.09931462807747,0.728892849266604,-0.521979735973987,2.29720247467507,-0.545495229195593,0.606471293226905,0.88219703732425,1.21202715857079,1.42664408867885,0.141174949757734,2.13384916744408,2.04846187610301,-0.255534150458126,0.659491639906927,1.99499085629885,1.82489373746552,1.88576329494705,-0.542414220157308,-0.00778516174485082,0.862701768487091,2.06188835219442,0.658712330476689,2.51406862818938,0.880813503098482,1.52934353612749,0.82405818350515,0.576546521338602,0.274926434184535,0.199144303223648,1.40966668605747,0.566032987534977,1.42945791164349,0.856254900069282,0.809654472233647,1.40014911881736,-0.119751320398169,-0.10110343017505,1.88061229713965,1.31113617224609,0.458899994091747,0.792810536267859,1.36409087524428,1.45543462428977,1.933331076616,3.22414891540858,0.931869761680938,1.32635146666699,1.06086699179151,-0.441282341989839,2.57117729914169,1.56451088666204,0.529891723394035,-0.569755773406841,0.58205722948249,1.95996043662833,1.30880200945444,1.13904170876701,0.605406127169826,1.60762657618221,2.23589554270705,1.34614757183335,1.40495140901158,-0.67319351540593,0.340382761049159,-0.601887066668739,1.35566509231976,2.78973105059404,0.736039481844962,1.52725813980693,2.20130025084537,1.19799134691814,2.26115920474258,-0.363808475282554,2.10461591026419,0.0651077325499322,1.05952478254686,0.62807007625949,1.71709055313838,-0.367490929903791,0.549204632129435,1.3406182075635,0.705233973983286,1.1901563625225,1.35925725312548,0.786615243334624,0.736485269485209,0.583145735359838,-0.410458854850929,0.488926891467208,1.00309205652849,-0.65323427697639,0.11328738914348,0.829529504134543,-0.605815007708669,0.155932243885234,0.718281651375747,0.254144487034144,-0.494007793907488,0.631747219723488,1.60725501868832,1.00509911667425,0.893329196003107,0.487118380361708,-0.177618745122104,1.00631363596551,0.288043347439987,0.647005489457085,1.10361149333508,0.58532709676557,1.46163425872827,0.823212592883599,1.28961229419353,2.60314226151088,0.528574764287395,1.13307893094612,1.0182333145027,1.32102920380288,1.93873373936381,1.15614385964548,1.32267243210434,2.19217290386411,1.64022002234321,0.449089342358793,0.928317860147717,1.63740458686613,1.25725397110959,1.2671053546734,0.920640680067223,1.57343463101649,1.74112005536235,0.959629410098035,0.823079029190604,0.799814778312296,1.3325198730098,0.760957048430062,1.1849086885903,1.66988334006561,0.464727116779394,0.14859513904813,0.91449972814863,0.228471974993368,0.637899693878931,1.44168413210574,-0.498591251333388,0.262260224306944,1.55930569138963,1.9644716383922,1.52674932460105,0.47483661550995,2.68656893828204,1.10143363032502,0.719314957994776,0.307772112104926,2.64143987396615,-0.380222709125124,2.6227338657492,1.04755238058721,0.0880076615886888,0.369340496878705,0.696825910076828,1.69730122305091,0.52549778759986,0.237570617964212,-0.202267814296077,-0.470465254505972,-0.726381607522248,0.0358777982737612,-0.64437704550372,0.772625085812255,0.671665853991725,0.0494182048628252,0.692718172031018,1.6601414018362,1.64488857116136,0.55701227103772,-0.73145250418656,-0.569578522132877,0.265786361887984,1.23915222547798,-0.406700539566019,0.316519800551734,2.16365776588196,0.691554284526913,1.87399161292357,1.55213066902807,-0.713193758009176,0.0795419155274981,-0.344789866784545,1.30232789471873,0.0639218359355976,1.24892896621344,1.12412264091846,0.876273072278399,1.10830625798207,1.51747450434787,0.914395204762388,0.788931330575139,0.160224844652322,0.330021659547334,1.04371277504277,1.15542616483854,-0.19463029168177,0.956556769660555,0.0975853972640192,1.2672407492735,0.682386929643215,0.0932454414977903,2.32652822818385,0.770403868751594,-0.185567318859539,1.46857545363869,0.548644920916587,1.53417828827051,1.17336161704335,1.9893086859063,1.05094671959395,0.926979626283028,2.06991717677606,1.67845303307003,1.10688055416848,0.622376480830561,2.52811536339375,1.2386322026997,0.95065960152911,2.0594769527278,0.817222398429985,0.385606685882664,0.805451770216299,0.991563525271475,0.298539910345016,-0.441748500440315,0.0444724872387007,0.262514162164263,0.983827802148602,0.340010056473943,1.85810100036063,0.338957835581231,1.60871980130721,1.53003402112686,2.00098267568207,1.03213376925857,0.729773773421063,1.05315787562884,1.46885649739228,0.177524132570774,0.827161471985498,0.661800498368318,0.677205585850639,1.47582225456127,0.479220355149556,-0.559609290515974,-0.575080500923803,-0.102408460215707,-0.72921406656607,-0.465167799440612,-0.735980601657659,1.18396358538704,0.691851339907896,-0.528878550032712,-0.442246094950301,-0.590310521918287,0.249611817666479,-0.535005976446535,0.920096347622106,0.613506618998852,1.28712461011982,0.537172409560297,0.423522970341859,"HC"
"Control-2",-0.555592417576326,-0.665330012844802,-0.874316134855906,0.14520330915558,-1.40910500646145,-0.165377383750944,-0.489483674713921,-0.128568481177757,-0.420388828053125,-0.587392633752342,-0.5360100599205,-0.427166054873635,-0.642142611977996,-0.906954785415906,-0.522805082503363,-1.16665646400082,-0.57729235363827,-0.951756607893985,-0.496697729346053,-0.533225338772386,-0.892044314129933,-0.756759621065685,-0.72953949609161,-0.769806551234758,-1.18728595031787,-1.15855847049626,-0.671018873252328,-0.886090803404096,-0.59994073973799,-0.174370300788206,-0.449126948447106,-0.823525490657949,2.47139190015982,-0.309529644846314,-0.35553712438042,-0.964466112786827,0.393042439870902,-0.559309350558077,-1.35148615893941,-0.97766678067334,0.462192132560049,-0.985369683958035,-1.07616298942653,-0.536928301917431,-0.535926408238852,-1.2675145430612,-0.800523516316676,-0.684422976084699,-0.894666522630992,-0.757778983174664,-0.804466674495576,-0.722133608031586,-1.00553084851786,-1.06642129487193,-0.559247717928647,-0.374389587264773,-0.457301332060047,-0.488378971130679,-0.535578881140264,-1.23558207417991,-0.940150463465516,-0.466862369479199,-0.78169417422122,-0.361091310062088,-0.742272368002153,-0.597562997079172,2.29256869185319,-1.41989396139844,-1.52931067094053,-0.798129902187098,-0.890457490909887,-0.950184227790595,-0.62582241159886,-0.811355606421236,-0.594144064245794,-0.427209662751993,-0.884442638278434,-0.726511286645635,-0.518709942838152,-0.310167173709315,-0.824570369406007,-0.472497315307328,-1.33974894891408,1.0283550951859,-0.632421218362915,-0.539991255188735,-0.729222797826837,-0.510050775686776,-0.56503564513667,0.692181985036599,2.37188488067439,-0.354955525180532,-0.439395440768505,-0.806924516606813,-0.302499050276779,-0.386236372075434,-0.370292957722169,-0.652696741503466,-0.580182792717566,-0.893144250525708,-0.504580611844278,-0.946777991831266,-1.00272583549808,-0.824988666868521,-0.908370117980451,-0.612012511430763,0.870201560939749,-1.62867629279179,-0.877494153250386,-1.16329464966875,-0.699577466702064,-0.848866007382096,-1.20970090202904,-0.592394335996418,-0.563564816816346,-0.852561903334732,-0.415332247460931,-1.15053595143586,-0.0972899228279853,-0.749289324826282,-0.864139486256635,-1.27839469908618,-0.434538970011261,-0.540935274554197,-1.33738969127492,-0.466481924852692,-1.07767110647549,-0.71314737154191,-0.467269611423203,-0.781783811545767,-0.612032059829267,-0.42618686188652,-0.515214523200561,-0.563237817945086,-0.652232400369068,-0.433250890230484,-1.24113329272812,-0.628682208598634,1.62048916101577,-0.622774284236347,-0.896769515128005,-0.521167552986871,-0.125419761950899,-0.74594206276323,-0.922939115191811,0.161168180488834,0.0698956355333002,-0.630959826187288,-0.445041103063912,-0.360394763248112,-1.12185750843372,-0.486412066904613,-0.544945209809633,-1.45479463840887,-1.12931857316399,-0.946374554527438,-0.803191037428762,-0.552387843830164,-0.881133953461138,-0.938055876675319,-1.18738458930157,-1.23041210025291,-0.797373187578022,-1.16230080545647,-0.316003094133652,-0.440422043770802,-0.832999110597407,-0.533884030225674,-0.866575554810563,-0.517026089783175,-0.717586015732752,-1.01100613021998,0.564682368963055,0.186493366162977,-0.529739447900487,-0.991195534761472,-0.484444351416916,-0.724735509236815,-0.625412759521633,-0.399898634726296,-0.465400568692601,1.13654827469887,-0.149802783243486,-0.59156966366512,-0.686166850667112,-0.567826653865324,-0.388287405092906,-0.0958920124250523,-0.547273332987266,-0.551980064673498,-0.836461434415258,-0.697113880119278,-0.954138085945745,-1.38257659084503,0.174479870366416,-0.872091461738152,-0.889556386155257,-0.938444320238906,-0.654078746223719,4.62249554584521,-0.440845057560506,-0.402800957411009,-0.484053090966354,-0.574567391161672,-0.0780861480876194,-1.03292766190848,-0.660262121385938,-0.784182116331742,-1.33950734716597,0.701621034445931,-0.490191614502914,-0.724722993416231,-0.387458469999575,-0.67265289501153,-0.812740471220553,-1.49858573859642,-0.749562816960677,-1.36414126696315,-0.826299878399175,-0.721727210801833,-0.876317725753786,-0.875446007171464,-0.969552848986112,-0.752576497540583,-0.774127007600307,-0.657239406583379,-0.739571250856207,-0.769269638931583,-0.547342081550196,-0.66549608966086,-0.400497512029309,-0.182409140143453,0.796010882904838,-0.802317558831034,-0.431584442518366,0.555503203417657,-0.631943764721935,-0.579507915169398,-0.620100662679788,-0.503796517211337,-1.0770163128063,-1.02984446404236,-0.939825400487642,-0.30433704434249,-0.557349591175902,-1.1375069142073,-1.56790518709751,-0.670603752641226,-0.362836635108256,-0.244164396840849,-0.902564283763228,-1.0669610666387,0.693296769880451,-0.680703938055349,-0.679399709028993,-0.798624539569438,-0.58636397201414,-0.590419110099479,-0.479183249951239,-0.855989519124928,-0.654451544220782,-0.755865250545603,0.50786714716268,-0.873831727472401,0.0254612035205166,-0.453520463080941,-0.475498315316322,-0.902316908801359,-0.632054548348183,-1.00035456820405,-0.605022983692602,-0.915536831645335,1.98438992165539,-1.52152170269417,-0.704852117823712,-0.657270497541832,-0.49858944200454,-0.495454091056586,-0.625430816380737,-0.419839307586847,-0.73139551936346,-0.618696368735234,-0.513248218781385,-0.586212932084341,-0.418816240327903,-0.637586357654596,-0.419171849570317,-1.10378034554778,-0.504768109875833,-0.503708930529297,-1.19847869296447,-0.924514780586802,-0.880102497862676,-0.813303292440974,-0.793665704950216,-0.816725390488356,-0.404812961836128,-0.831170933594364,-0.800640494297979,1.05208361618498,-0.763076391897337,-1.09637198244524,-0.60699609384901,-0.943549081967018,-0.972280070282039,-0.923566729405713,-0.492093429498443,-1.12976969199847,-0.356127764920938,-0.426152405790388,0.524374334757051,-0.826222229547082,-0.627488378610812,-0.429499750025505,-0.464375891526999,-0.886517603314692,0.825640436407125,-0.455236351660987,-0.742946755276486,-0.582032151080456,0.537073507325839,-0.755829565716357,-1.41625945874523,-0.450675514384452,-0.796526001879866,-0.708710560777974,-0.61904450893541,-0.79167821863407,-0.809608919621213,-0.965937838928799,-0.504623527225731,-0.863563219649252,-1.41377333935745,-0.680117437351813,-0.466764426657629,-0.836854594027651,-0.561253030076281,-0.883773155823425,-0.444598034495984,-1.42991269894957,1.90088401295594,-0.799233124164901,-0.940150205056253,-0.477833002749308,-0.773895243374375,-0.414352476826801,-0.867875810443468,-0.747265772882252,-0.618950848071241,-0.430499440370047,-0.796259557655844,-0.77458771809739,-0.493593930889384,1.06029306365628,-0.558555906049502,-0.598213055580144,-0.710284973869927,-0.614764475187905,-1.28069712164799,-1.13688436302446,-0.683356304700429,-0.747997090271536,-1.01074181138039,-0.566010699037032,-0.603032598624489,-0.730318235371536,-0.598204255115836,-0.71157305436993,-0.606204342383374,-0.63129034137311,-0.386808567195655,-0.473937637058681,-1.36280025391078,-0.675677485964019,-0.799036810595303,-0.764417769029699,-0.735411990123146,-0.858462959667144,0.219548631569495,-1.13280417093144,-0.388200013230897,0.396680661893803,-0.689569785356508,-1.15140774083531,-0.538722496195877,-0.7995406586986,-0.574547412051676,-0.819944378140991,-0.380430093207073,-0.834709508043328,0.780884084703668,-0.543996565944918,-0.760805550465173,-1.21080455522408,-0.653697914574418,-0.658091677882378,-0.719112826150793,-1.08773769552895,0.0583521260052963,-0.280258418120208,-0.580755287411444,0.477807611300391,-0.689391508662824,-0.740417895485083,-0.591226315601407,0.508615728911261,-0.508516510850491,-0.839734362004915,-0.521979735973987,0.226424956556594,-0.545495229195593,-0.524254694445744,-0.831984299900153,-0.745395082740569,-0.719523549783808,1.44359613542908,-1.14485071477297,-0.605734344943806,0.705885562694087,-1.42834670580536,-0.788184218742662,-0.495614760728454,-1.18836044397162,-0.335663473701012,-0.997877754173032,-0.677053451143998,-0.593681714206644,-0.792912836073741,-0.598637045425795,-0.757800053491713,-0.694758292889573,-0.55321502257966,-0.0640673075345695,-0.392786433490695,-0.761647247973245,-0.998362605765605,-0.485816253127067,-1.26637581039537,-0.847748388510819,-0.608508425207776,-0.616708057714315,3.22131837000457,-0.716476224852673,-0.609571261310305,1.21435619960884,-0.4791466881953,-0.527848653802147,-0.581450107692442,-0.623221682356157,-0.628468256335602,-0.456566211138298,-1.65595898620029,0.494176691990899,-0.781460697748757,-0.441282341989839,0.621567717010563,0.476213513302394,-1.20503058070316,-0.569755773406841,-0.969526788505132,0.904632248538237,-0.837555726474759,-0.909848144967057,-0.785445256160296,-0.384272493327475,-0.777454081363004,-1.21732527311908,-0.911558242630226,0.296467243990425,-0.620494342313918,-0.601887066668739,-0.600466657719567,-0.969725385594821,-1.56744407700638,1.84790844214691,-0.855651382052597,-1.13130195465131,-1.13339019479525,-0.951150117846441,-0.571646636129868,-0.71593825275176,-0.777414105828957,-0.877809728241419,1.09084615793346,-0.367490929903791,-1.00723720358106,-0.573648085257991,-0.905751916506873,-0.548246753341323,-1.17376531728267,0.406763952949608,-0.77689632987442,-0.513527807859149,-0.410458854850929,-0.702854463496712,-0.376085254966847,-0.65323427697639,-0.751527203204582,-0.487170846083124,-0.605815007708669,-0.838746468088768,-0.512995918425756,0.731670166549998,-0.494007793907488,-0.829580232182152,-1.18723863498533,-0.682378934286747,2.14149078915813,-0.561688757941423,-0.775810477487309,-0.505226462944271,-0.914483551563009,-0.755650546229756,-0.800938882071613,-0.923820668091811,-0.543856568710744,-0.799784033987206,-0.745993785593826,-0.547914033241979,-0.69252288453592,-0.518860584787243,-0.718638772768277,-0.574522884957265,-0.766028616235394,-0.783162489495666,-0.566224935388611,-0.60068195999903,-0.675382976552414,-0.653790722557568,-0.653851689833047,-0.569897592314005,-0.685835715519622,-0.647904522193843,-0.664556936026652,-0.569034714136114,-0.507817813873977,-0.536494698185429,-0.768897864954003,-0.585376536065427,-0.622528035985135,-0.454210725594474,-0.564900394388196,-0.574696478706447,-0.268392651781383,-0.785105315526192,-0.540641423031425,-0.665426753584578,-0.539307094691963,-0.348425147702436,-0.498591251333388,1.37522223211329,-0.831156261607636,-0.622281704570721,-0.782401068500164,-0.789447035739829,-0.557501763870755,-0.505778909237946,-0.624275977269652,-0.743774131603622,-0.743846574768942,-0.846638841230125,-0.397363968993432,-0.922357934814868,-1.07695751091064,-0.527943253584933,-1.14684228042207,-0.625888537038413,-0.641289533744246,-0.56888790075037,-0.680264025007797,0.699627472330011,-0.726381607522248,-0.604395814203172,-0.64437704550372,-0.609921532378848,-0.619881066592517,-0.61712009938149,-0.363912718313512,-0.421387307249072,-1.03296915725892,3.29793823411876,-0.73145250418656,-0.569578522132877,-0.436105875668738,0.686024057787394,-0.406700539566019,-0.673273035311341,-0.565998932195026,-0.685817859793634,-0.730817206313231,-0.520238954117215,-0.713193758009176,-0.991190188200663,-0.344789866784545,-0.495183843341153,-0.939394475450667,-0.74095518162433,-0.726611845001168,-0.553693741254614,-0.612887431730709,-0.536600271805562,-0.606291521024171,-0.553901067919841,-0.479383335875246,-0.621606511720135,-0.974570951392448,-0.48805352537329,-0.865980025698746,-0.543434400240448,-0.767155531633286,2.72464488195171,-0.563722602978791,-0.524092166767868,-0.469274127030998,-0.71456688213729,-0.796606268568196,-0.598331963886002,-0.491698944574237,-0.703895512265653,0.0448065912843924,-0.683218747620856,-0.813165332182298,-0.0354167992426771,-0.472351838475484,-0.494377357867234,-0.975604745971856,-0.766724197739351,-0.823990033085211,-0.926108184691356,-0.558717666256494,-0.379161949641383,-1.02737092254885,-1.2533399552999,-0.614835278634353,-0.623039723737013,-0.812575895131137,-0.441748500440315,-0.788012724473105,-0.515370748508433,-1.2541307915187,-0.750713194799017,-0.807101569604255,-0.557916730587529,-1.05244496011756,-0.575643008354943,-0.61899979002849,-0.46950194156598,-0.567597101091729,-0.623788878529261,-0.67680156571333,-0.514869524021752,-0.440109756196063,-0.797330693575754,-0.628134209307874,1.84135966711024,-0.864582352823089,-0.559609290515974,-0.575080500923803,-0.624478446322977,-0.72921406656607,-0.465167799440612,-0.735980601657659,-0.870570227459186,-0.978836790500469,-0.528878550032712,-0.442246094950301,-0.590310521918287,-0.597626308220176,-0.535005976446535,-0.720629133695369,-0.86340182998155,1.36340674912396,-0.599446075410806,-0.518950740640203,"HC"
"Control-3",-0.555592417576326,-0.665330012844802,1.32895387534361,-1.03790453368905,-1.40910500646145,-1.61692665523069,-0.489483674713921,-0.491470000231155,0.325595803404325,-0.587392633752342,-0.5360100599205,-0.427166054873635,-0.642142611977996,-0.906954785415906,-0.522805082503363,-1.16665646400082,-0.57729235363827,0.697299752205001,-0.496697729346053,-0.533225338772386,-0.892044314129933,-0.756759621065685,-0.72953949609161,-1.10737391109703,-1.18728595031787,-0.558033946046572,-0.671018873252328,-0.886090803404096,-0.59994073973799,-0.267942506484799,-0.449126948447106,-0.823525490657949,-1.24614815954864,-0.309529644846314,-1.55698223891445,-0.964466112786827,-0.497006264132812,-0.559309350558077,-1.35148615893941,-0.97766678067334,1.01866212162851,-0.985369683958035,-1.07616298942653,-0.536928301917431,-0.535926408238852,-1.64761388866376,-0.800523516316676,-0.684422976084699,-0.894666522630992,-0.757778983174664,-0.804466674495576,-0.722133608031586,-1.00553084851786,-1.06642129487193,-0.559247717928647,-0.374389587264773,-0.457301332060047,-0.488378971130679,-0.535578881140264,-0.943037407763299,-0.940150463465516,-0.466862369479199,-0.78169417422122,-0.361091310062088,-0.742272368002153,-0.597562997079172,-1.01277899053072,-0.970337397779279,-0.973941701928642,-1.603118182257,-0.890457490909887,-0.950184227790595,-0.62582241159886,-0.811355606421236,-0.594144064245794,-0.427209662751993,-0.884442638278434,-0.726511286645635,-0.518709942838152,0.0470622349324131,-0.824570369406007,-0.472497315307328,-1.33974894891408,-0.572367111065056,-0.632421218362915,-0.539991255188735,-0.729222797826837,-0.510050775686776,-0.56503564513667,-1.15438649345439,-1.06249646629166,0.475052408665171,4.86358406439708,-0.806924516606813,-0.824109659368058,-0.386236372075434,-0.370292957722169,-0.652696741503466,-0.580182792717566,-0.893144250525708,0.793227582959334,-0.946777991831266,-1.00272583549808,-0.824988666868521,-0.908370117980451,-0.612012511430763,-0.949267944187187,-1.62867629279179,-0.877494153250386,-1.16329464966875,-0.699577466702064,-0.848866007382096,-1.20970090202904,-0.592394335996418,-0.563564816816346,0.00435676709500554,-0.415332247460931,-1.15053595143586,-0.556437840594048,-0.749289324826282,-0.864139486256635,-1.27839469908618,-0.434538970011261,-0.540935274554197,-0.680583361912634,-0.466481924852692,-1.07767110647549,-0.71314737154191,-0.467269611423203,-0.781783811545767,-0.612032059829267,-0.42618686188652,-0.515214523200561,-0.563237817945086,0.802019529986799,-0.433250890230484,-0.684521551449449,-0.628682208598634,-0.96051637736292,-0.622774284236347,-0.795094702338743,-0.521167552986871,-0.415533394616368,-0.74594206276323,-0.922939115191811,1.37753440193362,-0.680795110743151,1.82089496081159,-0.445041103063912,-0.360394763248112,-1.12185750843372,-2.22050692104642,-0.544945209809633,-1.45479463840887,1.46958454278467,-0.946374554527438,-0.803191037428762,-1.15278844781279,-0.881133953461138,-0.938055876675319,-0.669520861340805,-1.23041210025291,-0.797373187578022,-1.16230080545647,-0.526339545123173,-0.440422043770802,-0.832999110597407,-0.533884030225674,-0.866575554810563,-0.517026089783175,-0.717586015732752,0.546330890550538,1.35902100422262,0.567020288365551,-0.529739447900487,-0.991195534761472,-0.484444351416916,-0.724735509236815,-0.923033030400764,-0.399898634726296,-0.465400568692601,1.24707861430533,-0.553185567818192,-0.59156966366512,-0.686166850667112,-0.567826653865324,-0.388287405092906,0.0887251089279178,-0.547273332987266,-0.551980064673498,-0.836461434415258,-0.697113880119278,-0.954138085945745,-0.845167500945802,-0.0897848408240997,-0.872091461738152,-0.889556386155257,-0.235250445128067,-0.654078746223719,-0.578418903939853,-0.440845057560506,-0.402800957411009,-1.27366017213239,-0.574567391161672,0.143992084900604,-1.03292766190848,-0.660262121385938,-0.784182116331742,-1.33950734716597,-1.07295113119153,-0.490191614502914,-0.724722993416231,-0.387458469999575,-0.67265289501153,-1.24706496093846,-1.49858573859642,-0.749562816960677,-1.36414126696315,-0.826299878399175,-0.721727210801833,-0.876317725753786,2.06599434970179,-0.969552848986112,-0.752576497540583,-0.774127007600307,-0.657239406583379,-0.739571250856207,-0.769269638931583,-0.547342081550196,-0.66549608966086,-0.400497512029309,-2.15363318872871,-0.961280804736148,1.50924939201816,-0.431584442518366,-1.3076438001904,-0.631943764721935,-0.579507915169398,-0.620100662679788,-0.503796517211337,-1.0770163128063,-1.02984446404236,-0.939825400487642,-0.249957537671361,-0.557349591175902,-1.1375069142073,-1.56790518709751,-0.670603752641226,-0.362836635108256,-0.678498064595642,-0.902564283763228,-1.0669610666387,-1.35873215774737,-0.680703938055349,-0.679399709028993,-0.798624539569438,-0.58636397201414,-0.590419110099479,-0.479183249951239,-1.03549869307092,-0.654451544220782,-0.755865250545603,-0.942110585579901,-0.873831727472401,-1.09491872168078,1.56995741443129,-0.475498315316322,-0.902316908801359,-0.632054548348183,-1.00035456820405,-0.605022983692602,-0.915536831645335,2.70085713662804,0.0420540456574029,-0.704852117823712,0.19620158586918,-0.49858944200454,-0.495454091056586,-0.625430816380737,-0.419839307586847,-0.73139551936346,-0.618696368735234,-0.513248218781385,-0.586212932084341,-0.418816240327903,-0.637586357654596,-0.419171849570317,-1.10378034554778,-0.504768109875833,-0.503708930529297,-1.19847869296447,-0.924514780586802,-1.28931703069017,-0.813303292440974,-0.793665704950216,-0.816725390488356,-0.404812961836128,-0.831170933594364,-0.800640494297979,-1.00352564046401,-0.763076391897337,-1.42603282070303,-0.60699609384901,-0.943549081967018,1.52543071892038,-0.923566729405713,-0.492093429498443,-1.12976969199847,-0.356127764920938,-0.426152405790388,-0.745099382590946,-0.826222229547082,-0.627488378610812,-0.429499750025505,-0.464375891526999,-0.886517603314692,-1.06964048874916,-0.455236351660987,-0.742946755276486,-0.582032151080456,-1.18959503173864,-0.755829565716357,0.442027710495656,-1.33208129736574,-0.796526001879866,-0.708710560777974,-1.12086668854464,-0.79167821863407,-0.809608919621213,1.98356008523351,-0.504623527225731,-0.863563219649252,-1.41377333935745,-0.680117437351813,-0.466764426657629,-0.836854594027651,0.21002401316018,-0.883773155823425,-0.444598034495984,-0.144363813530637,-0.869130914118606,-0.799233124164901,-0.940150205056253,-0.477833002749308,-0.717995345137609,-0.414352476826801,-0.867875810443468,-0.747265772882252,-0.618950848071241,-0.430499440370047,-0.796259557655844,-0.215272613536222,-0.493593930889384,-0.96499962340129,-0.558555906049502,-0.598213055580144,-0.710284973869927,-0.614764475187905,-1.30875076601106,-1.13688436302446,-1.10386469962424,-0.747997090271536,1.34962179860365,-0.566010699037032,-0.603032598624489,-0.730318235371536,-0.598204255115836,-0.71157305436993,-0.606204342383374,-0.63129034137311,-0.386808567195655,-0.473937637058681,-0.893761889112677,-0.675677485964019,-0.799036810595303,-0.764417769029699,-0.735411990123146,0.180395990260697,-0.889325548542612,-1.13280417093144,-0.388200013230897,-0.672522450531549,-0.689569785356508,-1.15140774083531,-0.538722496195877,-0.7995406586986,0.471580640383692,-0.819944378140991,-0.380430093207073,-0.834709508043328,-0.895298276157752,-0.543996565944918,-0.760805550465173,0.224062578915219,-0.653697914574418,-0.658091677882378,0.09506563096815,-1.08773769552895,-0.814187642569382,-0.775032802607551,-0.580755287411444,-0.836916634773705,-0.689391508662824,-0.740417895485083,-0.591226315601407,-0.517699977761507,0.711334207480781,-0.839734362004915,-0.521979735973987,0.607857565251553,-0.545495229195593,-0.524254694445744,-0.831984299900153,-0.745395082740569,-0.719523549783808,-0.588297561945064,-1.14485071477297,-0.85534945010494,-0.794015296702858,-1.42834670580536,-0.788184218742662,-0.495614760728454,-1.18836044397162,0.0417666269952849,-0.997877754173032,-0.677053451143998,-0.593681714206644,-0.792912836073741,-0.598637045425795,-0.757800053491713,-0.694758292889573,-0.55321502257966,0.477650251019107,-0.392786433490695,-0.761647247973245,-0.998362605765605,-0.485816253127067,-1.26637581039537,-0.847748388510819,2.98744329873347,-0.616708057714315,-0.682642890579754,-0.716476224852673,-0.609571261310305,-0.99456836848483,-0.4791466881953,-0.527848653802147,-0.581450107692442,-0.623221682356157,-0.999113318116945,-0.456566211138298,-1.93032179154566,-1.07895318716734,-0.781460697748757,-0.441282341989839,-1.20266300647864,-0.693610145686299,-1.08147865138505,-0.569755773406841,-0.969526788505132,-0.773643467427534,-0.837555726474759,-0.0703790080323028,-0.785445256160296,-0.384272493327475,-0.777454081363004,-1.21732527311908,-0.911558242630226,-0.67319351540593,-0.620494342313918,-0.601887066668739,2.62288690940463,0.465460729492105,-1.28603760533992,1.3332003908179,-0.353374644023493,-1.13130195465131,-1.13339019479525,-0.924978519583251,-0.571646636129868,-0.71593825275176,-0.777414105828957,-0.877809728241419,0.934268805758511,-0.367490929903791,-1.00723720358106,-0.573648085257991,-0.905751916506873,-0.548246753341323,-1.17376531728267,-0.74633402219577,-0.77689632987442,-0.513527807859149,-0.410458854850929,-0.702854463496712,-0.376085254966847,-0.65323427697639,-0.751527203204582,-0.487170846083124,-0.605815007708669,-0.838746468088768,1.00720962563813,-0.6002692007909,-0.494007793907488,-0.829580232182152,0.527802094868576,-0.682378934286747,-0.597600263298091,-0.561688757941423,-0.775810477487309,-0.505226462944271,-0.914483551563009,-0.755650546229756,-0.800938882071613,-0.923820668091811,-0.543856568710744,-0.799784033987206,-1.12097849659516,-0.547914033241979,-0.69252288453592,-0.518860584787243,-0.718638772768277,-0.574522884957265,-0.766028616235394,-0.783162489495666,-0.566224935388611,-0.60068195999903,-0.675382976552414,-0.653790722557568,-0.653851689833047,-0.569897592314005,-0.685835715519622,-0.647904522193843,-0.664556936026652,-0.569034714136114,-0.507817813873977,-0.536494698185429,-0.768897864954003,-0.585376536065427,-0.622528035985135,-0.454210725594474,-0.564900394388196,0.164738001950442,-1.57250043000024,-0.785105315526192,-0.540641423031425,0.116862537892318,-0.539307094691963,-0.348425147702436,-0.498591251333388,1.15281011198019,-0.831156261607636,-0.622281704570721,-0.782401068500164,-0.789447035739829,-0.557501763870755,-0.505778909237946,-0.624275977269652,-0.743774131603622,-0.743846574768942,-0.846638841230125,-0.397363968993432,-0.362374242394081,-1.07695751091064,-0.478607274019666,-1.14684228042207,-0.625888537038413,-0.641289533744246,-0.56888790075037,-0.680264025007797,-0.470465254505972,0.39626411210296,-0.604395814203172,0.417826353962575,-0.609921532378848,-0.619881066592517,-0.61712009938149,-0.363912718313512,-0.421387307249072,-1.02539228698609,2.21275109128554,-0.357559465362856,-0.569578522132877,-0.436105875668738,-0.631759280520507,-0.406700539566019,-0.673273035311341,-0.565998932195026,-0.685817859793634,-0.730817206313231,-0.520238954117215,-0.713193758009176,-0.991190188200663,-0.344789866784545,-0.495183843341153,-0.939394475450667,-0.74095518162433,-0.726611845001168,-0.553693741254614,-0.612887431730709,-0.536600271805562,-0.606291521024171,-0.553901067919841,-0.479383335875246,-0.621606511720135,-0.974570951392448,-0.48805352537329,0.0774887339867745,-0.543434400240448,1.53440314385349,0.762465203262274,-0.563722602978791,-0.524092166767868,-0.469274127030998,-0.71456688213729,-0.796606268568196,0.407218067988891,-0.491698944574237,-0.703895512265653,-1.53945026252568,1.19250855011172,2.42643948349217,-0.94583725016588,-0.472351838475484,-0.494377357867234,-0.975604745971856,-0.766724197739351,-0.823990033085211,-0.926108184691356,-0.558717666256494,-0.379161949641383,-1.02737092254885,-1.70419157515665,-0.614835278634353,-0.623039723737013,-0.812575895131137,-0.441748500440315,-0.788012724473105,-0.515370748508433,-1.2541307915187,-0.750713194799017,-0.807101569604255,-0.557916730587529,-1.05244496011756,-0.575643008354943,-0.61899979002849,-0.46950194156598,-0.567597101091729,-0.623788878529261,-0.67680156571333,-0.514869524021752,0.916752002863331,0.0421268967572476,0.258591466185902,-1.11711648863016,-0.864582352823089,-0.559609290515974,-0.575080500923803,-0.624478446322977,-0.72921406656607,-0.465167799440612,-0.735980601657659,-0.870570227459186,-0.978836790500469,-0.528878550032712,-0.442246094950301,-0.590310521918287,-0.597626308220176,-0.535005976446535,-1.08374091525535,-0.86340182998155,-0.882104756219481,-0.599446075410806,-0.518950740640203,"HC"
"Control-4",-0.555592417576326,-0.665330012844802,-0.874316134855906,1.04775009683935,0.100186212066093,-1.26276400255963,-0.489483674713921,-0.0424715277008049,0.0405813112396242,-0.587392633752342,0.275811444412546,-0.427166054873635,-0.642142611977996,-0.334227063460137,-0.522805082503363,-1.16665646400082,-0.57729235363827,-0.951756607893985,-0.496697729346053,0.713111803667708,-0.892044314129933,-0.756759621065685,-0.72953949609161,-0.594892501990367,-1.18728595031787,-1.45831178871341,-0.671018873252328,-0.886090803404096,-0.59994073973799,1.62628665225565,-0.449126948447106,-0.823525490657949,-1.24614815954864,-0.309529644846314,-1.01973118352476,-0.964466112786827,-0.497006264132812,-0.559309350558077,-1.35148615893941,-0.97766678067334,-1.31380191096635,-0.985369683958035,-1.07616298942653,-0.536928301917431,-0.535926408238852,-0.758592471364672,-0.800523516316676,1.26901905514304,-0.894666522630992,-0.757778983174664,-0.804466674495576,-0.722133608031586,-1.00553084851786,0.371913513710208,-0.559247717928647,-0.374389587264773,-0.457301332060047,-0.488378971130679,-0.535578881140264,-1.23558207417991,-0.940150463465516,-0.466862369479199,-0.78169417422122,-0.361091310062088,-0.742272368002153,-0.597562997079172,-1.01277899053072,-0.53588857857518,-0.635504557766978,-0.732601283028053,-0.890457490909887,-0.950184227790595,-0.62582241159886,-0.811355606421236,-0.594144064245794,-0.427209662751993,1.10872480946432,-0.726511286645635,-0.518709942838152,-0.310167173709315,0.966331936922182,-0.472497315307328,-1.33974894891408,-0.572367111065056,-0.632421218362915,-0.539991255188735,-0.729222797826837,-0.510050775686776,-0.56503564513667,-1.15438649345439,-1.06249646629166,0.414124664654329,-0.439395440768505,-0.806924516606813,-0.824109659368058,-0.386236372075434,-0.370292957722169,-0.652696741503466,-0.580182792717566,-0.893144250525708,-0.504580611844278,-0.946777991831266,-1.00272583549808,-0.824988666868521,-0.908370117980451,-0.612012511430763,0.00927638372135309,-0.675073099305995,-0.877494153250386,-1.16329464966875,-0.699577466702064,-0.848866007382096,1.63363961023428,-0.592394335996418,-0.563564816816346,-0.852561903334732,-0.415332247460931,-0.420485346714747,-0.556437840594048,0.107497113230872,-0.864139486256635,1.3636992869253,-0.434538970011261,-0.540935274554197,-0.0407106734186782,-0.466481924852692,-1.07767110647549,-0.71314737154191,-0.467269611423203,-0.103467538722894,-0.612032059829267,-0.42618686188652,-0.515214523200561,-0.563237817945086,-0.652232400369068,-0.433250890230484,-0.847810787446255,-0.628682208598634,-0.96051637736292,-0.622774284236347,-0.769564526302416,-0.521167552986871,-1.52198170189138,-0.74594206276323,-0.922939115191811,-0.316447963441149,-0.680795110743151,-0.630959826187288,-0.445041103063912,-0.360394763248112,-0.555592887039278,-0.543824996704439,-0.544945209809633,-1.45479463840887,0.968355996894321,-0.946374554527438,0.836637501016175,-1.15278844781279,-0.881133953461138,-0.938055876675319,-1.18738458930157,-0.45884001543092,-0.797373187578022,-1.16230080545647,0.202689944179817,-0.440422043770802,-0.832999110597407,-0.533884030225674,-0.866575554810563,-0.517026089783175,-0.717586015732752,-1.01100613021998,-1.19702951435578,-1.02331441862592,-0.529739447900487,1.36932360156171,-0.484444351416916,-0.724735509236815,0.258208501554127,-0.399898634726296,-0.465400568692601,0.615574022162553,-0.490802605204478,-0.59156966366512,-0.686166850667112,-0.567826653865324,-0.388287405092906,-0.259848864263886,0.523076126721175,-0.551980064673498,-0.836461434415258,-0.697113880119278,-0.954138085945745,-0.371536023823836,0.366262080297214,-0.872091461738152,-0.165808328177596,-0.938444320238906,-0.654078746223719,-0.578418903939853,-0.440845057560506,-0.402800957411009,-0.424790496954092,-0.574567391161672,-0.317455423808372,-1.03292766190848,-0.660262121385938,-0.784182116331742,-1.33950734716597,-0.342360237432841,-0.490191614502914,-0.724722993416231,-0.387458469999575,-0.67265289501153,-1.24706496093846,-1.49858573859642,-0.749562816960677,-0.158608593501581,-0.826299878399175,-0.721727210801833,1.16598149367756,-0.875446007171464,-0.969552848986112,-0.752576497540583,-0.774127007600307,-0.657239406583379,-0.739571250856207,-0.769269638931583,-0.547342081550196,-0.66549608966086,-0.400497512029309,0.0671723388933513,-0.961280804736148,-0.802317558831034,-0.431584442518366,-1.3076438001904,-0.631943764721935,-0.579507915169398,-0.620100662679788,-0.503796517211337,-1.0770163128063,-1.02984446404236,-0.939825400487642,-0.232239160593657,-0.557349591175902,-1.1375069142073,-1.56790518709751,-0.670603752641226,-0.362836635108256,-0.788648589360508,-0.902564283763228,-1.0669610666387,-0.086067541322314,-0.680703938055349,-0.679399709028993,-0.798624539569438,-0.58636397201414,-0.590419110099479,-0.479183249951239,-1.42880819914641,-0.654451544220782,-0.755865250545603,1.01560307162598,-0.873831727472401,0.0536858291924106,-0.453520463080941,-0.475498315316322,-0.902316908801359,-0.632054548348183,-1.00035456820405,-0.605022983692602,-0.915536831645335,1.96112682667587,0.311161526397467,-0.704852117823712,-0.657270497541832,-0.49858944200454,-0.495454091056586,-0.625430816380737,-0.419839307586847,-0.73139551936346,-0.618696368735234,-0.513248218781385,-0.586212932084341,-0.418816240327903,-0.637586357654596,-0.419171849570317,-1.10378034554778,-0.504768109875833,-0.503708930529297,-1.19847869296447,-0.924514780586802,-1.28931703069017,-0.813303292440974,-0.793665704950216,-0.816725390488356,-0.404812961836128,-0.239121477192041,-0.800640494297979,-1.00352564046401,-0.763076391897337,0.0954893202061583,-0.60699609384901,-0.943549081967018,1.86460345093193,-0.923566729405713,3.44130738470893,-1.12976969199847,-0.356127764920938,-0.426152405790388,-1.21479747878706,-0.826222229547082,-0.627488378610812,-0.429499750025505,-0.464375891526999,-0.886517603314692,0.762671262766858,-0.455236351660987,-0.742946755276486,-0.582032151080456,-0.493228684609491,-0.755829565716357,0.397792563694511,-0.254922591937824,-0.796526001879866,-0.708710560777974,-1.12086668854464,-0.79167821863407,0.937871480317476,-0.965937838928799,-0.504623527225731,-0.863563219649252,-0.974567895855258,-0.680117437351813,-0.466764426657629,0.00639834051696805,-0.561253030076281,-0.883773155823425,-0.444598034495984,-0.211238089846667,-0.869130914118606,-0.799233124164901,-0.940150205056253,-0.477833002749308,-0.0741731657888905,-0.414352476826801,-0.867875810443468,-0.747265772882252,-0.618950848071241,0.71950980869607,-0.796259557655844,-0.77458771809739,-0.493593930889384,1.35529170604137,3.20917497167375,-0.598213055580144,-0.710284973869927,-0.614764475187905,-0.941631655295717,0.331556764010083,-1.10386469962424,1.66165035407385,-1.01074181138039,-0.566010699037032,-0.603032598624489,-0.730318235371536,-0.598204255115836,-0.71157305436993,-0.606204342383374,-0.63129034137311,-0.386808567195655,-0.473937637058681,-0.468300774690531,-0.675677485964019,-0.799036810595303,-0.764417769029699,-0.277903862978872,-0.858462959667144,-0.889325548542612,-1.13280417093144,2.22995116026031,-0.672522450531549,-0.689569785356508,0.816347219755078,-0.538722496195877,0.102856110094392,-0.574547412051676,-0.819944378140991,-0.380430093207073,-0.834709508043328,0.28905091194361,-0.543996565944918,-0.760805550465173,-0.414608942543677,-0.653697914574418,-0.658091677882378,-0.719112826150793,-0.182674461438288,-0.814187642569382,-0.775032802607551,-0.580755287411444,-0.836916634773705,-0.689391508662824,0.863732271755005,-0.591226315601407,-0.517699977761507,-0.508516510850491,1.77860651749478,-0.521979735973987,1.78338019519586,-0.545495229195593,-0.524254694445744,-0.831984299900153,-0.745395082740569,-0.719523549783808,-0.588297561945064,-0.728969273539364,-0.85534945010494,-0.794015296702858,0.19308837126827,-0.788184218742662,-0.495614760728454,1.39322128554743,-0.280740982636817,-0.997877754173032,-0.677053451143998,-0.593681714206644,-0.792912836073741,-0.598637045425795,-0.757800053491713,-0.694758292889573,-0.55321502257966,-1.1319511214443,-0.392786433490695,-0.761647247973245,-0.998362605765605,-0.485816253127067,-1.26637581039537,-0.847748388510819,-0.608508425207776,-0.616708057714315,-0.682642890579754,-0.716476224852673,-0.609571261310305,-0.99456836848483,-0.4791466881953,-0.527848653802147,-0.581450107692442,-0.623221682356157,-0.320033597304597,-0.456566211138298,0.0435434558794016,-0.922461431540486,-0.781460697748757,-0.441282341989839,1.27802219555646,-0.693610145686299,-1.44135041402852,-0.569755773406841,-0.969526788505132,-0.773643467427534,-0.837555726474759,-0.909848144967057,0.0752945965310415,-0.384272493327475,-0.777454081363004,-1.21732527311908,-0.911558242630226,-0.67319351540593,-0.620494342313918,-0.601887066668739,-0.600466657719567,-0.472436138416095,-1.08384383449006,1.89996606003946,-0.855651382052597,-1.13130195465131,-1.13339019479525,-0.926071103891876,-0.571646636129868,-0.71593825275176,-0.777414105828957,-0.877809728241419,-0.963894975231911,-0.367490929903791,-1.00723720358106,-0.573648085257991,-0.0356168139248841,-0.548246753341323,-1.17376531728267,2.22388133576772,-0.77689632987442,-0.513527807859149,1.88243336934902,-0.702854463496712,-0.376085254966847,-0.65323427697639,-0.751527203204582,-0.487170846083124,-0.605815007708669,-0.838746468088768,-0.512995918425756,-0.6002692007909,-0.494007793907488,-0.829580232182152,-0.681053360634654,-0.682378934286747,-0.597600263298091,-0.561688757941423,-0.775810477487309,-0.505226462944271,-0.914483551563009,-0.755650546229756,-0.800938882071613,0.328387589806886,-0.543856568710744,-0.799784033987206,-0.312368109413945,-0.547914033241979,-0.69252288453592,-0.518860584787243,-0.718638772768277,-0.574522884957265,-0.766028616235394,-0.783162489495666,-0.566224935388611,-0.60068195999903,-0.675382976552414,-0.653790722557568,-0.653851689833047,-0.569897592314005,-0.685835715519622,-0.647904522193843,-0.664556936026652,-0.569034714136114,-0.507817813873977,2.28299928121631,-0.768897864954003,-0.585376536065427,-0.622528035985135,-0.454210725594474,-0.564900394388196,-0.574696478706447,-0.760033907051365,-0.785105315526192,-0.540641423031425,-0.665426753584578,-0.539307094691963,-0.348425147702436,-0.498591251333388,-0.523080667456721,-0.831156261607636,-0.622281704570721,-0.782401068500164,-0.789447035739829,-0.557501763870755,-0.505778909237946,-0.624275977269652,-0.743774131603622,-0.743846574768942,-0.846638841230125,-0.397363968993432,-0.922357934814868,-1.07695751091064,-0.480667903309704,-1.14684228042207,-0.625888537038413,-0.641289533744246,-0.56888790075037,-0.680264025007797,-0.470465254505972,-0.726381607522248,-0.604395814203172,-0.64437704550372,0.865388794220552,-0.619881066592517,0.387979375554776,-0.363912718313512,-0.421387307249072,-0.273569345326298,3.63897117598487,-0.35870813522203,-0.569578522132877,-0.436105875668738,-0.631759280520507,-0.406700539566019,-0.673273035311341,-0.565998932195026,-0.685817859793634,-0.730817206313231,-0.520238954117215,-0.713193758009176,0.96023452568648,-0.344789866784545,-0.495183843341153,0.130935712929512,-0.74095518162433,-0.726611845001168,-0.553693741254614,-0.612887431730709,-0.536600271805562,-0.606291521024171,-0.553901067919841,-0.479383335875246,-0.621606511720135,-0.244630709541404,-0.48805352537329,-0.244455876826731,-0.543434400240448,-0.767155531633286,1.73287877582357,-0.563722602978791,-0.524092166767868,-0.469274127030998,-0.71456688213729,-0.796606268568196,-0.598331963886002,-0.491698944574237,-0.703895512265653,-1.10058014391066,-0.683218747620856,-0.813165332182298,-0.94583725016588,-0.472351838475484,-0.494377357867234,-0.975604745971856,-0.766724197739351,-0.823990033085211,-0.926108184691356,2.2050547356833,-0.379161949641383,-1.02737092254885,-0.871972156186295,-0.614835278634353,-0.623039723737013,-0.812575895131137,-0.441748500440315,-0.788012724473105,-0.515370748508433,-1.2541307915187,-0.750713194799017,1.42844835013943,-0.557916730587529,-1.05244496011756,-0.575643008354943,1.28694445635939,-0.46950194156598,-0.567597101091729,-0.623788878529261,-0.67680156571333,-0.514869524021752,-0.440109756196063,-0.797330693575754,-0.628134209307874,-1.11711648863016,-0.864582352823089,-0.559609290515974,0.398459911905901,-0.624478446322977,-0.72921406656607,-0.465167799440612,-0.735980601657659,-0.870570227459186,0.74285924670052,-0.528878550032712,-0.442246094950301,-0.590310521918287,-0.597626308220176,-0.535005976446535,-1.70271229229294,-0.86340182998155,-0.882104756219481,-0.599446075410806,-0.518950740640203,"HC"
"Control-5",-0.555592417576326,-0.665330012844802,-0.874316134855906,-1.03790453368905,-1.40910500646145,-1.61692665523069,-0.489483674713921,-2.46256364502315,-0.159697274151133,-0.587392633752342,-0.152670464884888,-0.427166054873635,-0.642142611977996,-0.906954785415906,-0.522805082503363,-1.16665646400082,-0.57729235363827,-0.951756607893985,-0.496697729346053,-0.533225338772386,-0.892044314129933,-0.756759621065685,-0.72953949609161,-0.284529736179038,-1.18728595031787,-1.45831178871341,-0.671018873252328,1.4442285429039,-0.59994073973799,-0.572265270403078,-0.449126948447106,-0.823525490657949,-0.81600783967254,-0.309529644846314,-1.55698223891445,-0.964466112786827,-0.497006264132812,-0.559309350558077,-1.35148615893941,-0.97766678067334,-1.31380191096635,2.9596870855746,-1.07616298942653,-0.536928301917431,-0.535926408238852,-0.833616139072275,-0.800523516316676,-0.684422976084699,-0.894666522630992,-0.757778983174664,-0.804466674495576,-0.722133608031586,-1.00553084851786,-1.06642129487193,-0.559247717928647,-0.374389587264773,-0.457301332060047,-0.488378971130679,-0.535578881140264,-1.23558207417991,-0.940150463465516,-0.466862369479199,-0.78169417422122,-0.361091310062088,0.128402809271691,-0.597562997079172,-1.01277899053072,-1.41989396139844,0.529843906701875,-2.08804593970252,-0.890457490909887,-0.950184227790595,-0.62582241159886,-0.811355606421236,-0.594144064245794,-0.427209662751993,-0.884442638278434,-0.726511286645635,-0.518709942838152,-0.310167173709315,-0.824570369406007,-0.472497315307328,-1.33974894891408,-0.572367111065056,-0.632421218362915,-0.539991255188735,-0.729222797826837,-0.510050775686776,-0.56503564513667,-1.15438649345439,-1.06249646629166,-1.04938131129347,-0.439395440768505,-0.806924516606813,-0.824109659368058,-0.386236372075434,-0.370292957722169,3.52709908097324,-0.580182792717566,-0.893144250525708,-0.504580611844278,-0.946777991831266,-1.00272583549808,-0.824988666868521,-0.908370117980451,-0.612012511430763,-0.949267944187187,-1.62867629279179,-0.877494153250386,-1.16329464966875,-0.699577466702064,-0.848866007382096,0.590294860090383,-0.592394335996418,-0.563564816816346,-0.852561903334732,-0.415332247460931,-1.15053595143586,-0.556437840594048,-0.749289324826282,-0.864139486256635,-1.27839469908618,-0.434538970011261,-0.540935274554197,-1.33738969127492,-0.466481924852692,-1.07767110647549,-0.71314737154191,-0.467269611423203,-0.781783811545767,-0.612032059829267,-0.42618686188652,-0.0293759402706034,-0.563237817945086,-0.652232400369068,-0.433250890230484,-1.24113329272812,-0.628682208598634,-0.96051637736292,-0.622774284236347,-0.405530471762728,2.49091199862294,-0.943527000607546,-0.74594206276323,-0.922939115191811,0.167967649646658,-0.680795110743151,-0.630959826187288,-0.445041103063912,-0.360394763248112,-1.12185750843372,-2.22050692104642,-0.544945209809633,-1.03152302315679,-1.12931857316399,-0.946374554527438,-0.803191037428762,-0.111570751302874,-0.881133953461138,0.90576713359986,-1.18738458930157,-1.23041210025291,-0.0258569428517243,-1.16230080545647,-1.47320437666668,-0.440422043770802,-0.832999110597407,-0.533884030225674,-0.866575554810563,-0.517026089783175,0.297859585256492,-1.01100613021998,-1.19702951435578,-0.274617762588389,-0.529739447900487,1.03272183353743,-0.484444351416916,-0.724735509236815,-1.57512717781599,-0.399898634726296,-0.465400568692601,1.54083433075281,-0.973312654081767,-0.59156966366512,-0.686166850667112,-0.567826653865324,-0.388287405092906,0.603521248079239,-0.547273332987266,-0.551980064673498,-0.836461434415258,-0.697113880119278,-0.954138085945745,-1.34294672208963,0.139459960596222,-0.872091461738152,-0.889556386155257,-0.938444320238906,-0.654078746223719,-0.578418903939853,-0.440845057560506,-0.402800957411009,-1.27366017213239,-0.574567391161672,-0.50738560530128,-1.03292766190848,-0.660262121385938,-0.784182116331742,-1.33950734716597,-1.07295113119153,-0.490191614502914,-0.724722993416231,-0.387458469999575,-0.67265289501153,-1.24706496093846,-1.49858573859642,-0.749562816960677,-1.36414126696315,2.22459922843555,-0.721727210801833,-0.876317725753786,-0.875446007171464,-0.969552848986112,-0.752576497540583,-0.774127007600307,-0.657239406583379,-0.739571250856207,-0.769269638931583,2.66300656059491,-0.66549608966086,-0.400497512029309,-0.259991925026666,-0.961280804736148,-0.802317558831034,-0.431584442518366,0.810047092698534,-0.631943764721935,-0.579507915169398,-0.620100662679788,-0.503796517211337,-1.0770163128063,-1.02984446404236,-0.939825400487642,0.178916864923025,-0.557349591175902,-1.1375069142073,-1.56790518709751,-0.670603752641226,-0.362836635108256,-0.707265377575181,1.52849320656424,-1.0669610666387,-0.944090140793828,-0.680703938055349,-0.679399709028993,-0.798624539569438,-0.58636397201414,-0.590419110099479,-0.479183249951239,-0.662329375204808,-0.654451544220782,-0.755865250545603,-0.942110585579901,-0.873831727472401,-1.09491872168078,-0.453520463080941,-0.475498315316322,0.720882887818039,-0.632054548348183,-1.00035456820405,-0.605022983692602,-0.915536831645335,2.29362657056084,-1.52152170269417,-0.704852117823712,-0.657270497541832,-0.49858944200454,-0.495454091056586,-0.625430816380737,-0.419839307586847,-0.73139551936346,-0.618696368735234,-0.513248218781385,-0.586212932084341,-0.418816240327903,-0.637586357654596,-0.419171849570317,-1.10378034554778,-0.504768109875833,-0.503708930529297,-1.19847869296447,-0.924514780586802,0.583246961925922,-0.813303292440974,-0.793665704950216,-0.816725390488356,-0.404812961836128,-0.831170933594364,-0.800640494297979,0.225987825462296,-0.763076391897337,-0.372413043750088,-0.60699609384901,-0.943549081967018,-0.972280070282039,-0.923566729405713,-0.492093429498443,-1.12976969199847,-0.356127764920938,-0.426152405790388,0.580655676579031,-0.826222229547082,-0.627488378610812,-0.429499750025505,-0.464375891526999,-0.886517603314692,-1.06964048874916,-0.455236351660987,-0.742946755276486,-0.582032151080456,0.474446463699079,-0.755829565716357,-1.41625945874523,-0.599187790415291,-0.796526001879866,-0.708710560777974,-1.12086668854464,-0.79167821863407,-0.809608919621213,0.851738648833917,-0.504623527225731,-0.863563219649252,-1.41377333935745,-0.680117437351813,-0.466764426657629,-0.836854594027651,-0.561253030076281,-0.883773155823425,-0.444598034495984,-0.385016824260695,-0.869130914118606,-0.799233124164901,-0.940150205056253,-0.477833002749308,-0.612048218877405,-0.414352476826801,-0.867875810443468,-0.747265772882252,-0.618950848071241,-0.430499440370047,-0.796259557655844,1.86658757428327,-0.493593930889384,-0.96499962340129,-0.558555906049502,-0.598213055580144,1.01756305947332,-0.614764475187905,-0.668952117250833,-1.13688436302446,0.240110410091389,-0.747997090271536,-1.01074181138039,-0.566010699037032,-0.603032598624489,-0.730318235371536,-0.598204255115836,-0.71157305436993,-0.606204342383374,-0.63129034137311,-0.386808567195655,-0.473937637058681,-1.43155787294728,-0.675677485964019,0.656588942039368,-0.764417769029699,-0.212418299003154,-0.858462959667144,0.774378222631131,-1.13280417093144,5.21838230170507,-0.672522450531549,-0.689569785356508,1.12173607066419,-0.538722496195877,-0.7995406586986,-0.574547412051676,-0.819944378140991,-0.380430093207073,-0.834709508043328,-0.895298276157752,-0.543996565944918,-0.760805550465173,-0.682810904982185,-0.653697914574418,-0.658091677882378,-0.719112826150793,-1.08773769552895,-0.814187642569382,-0.775032802607551,-0.580755287411444,-0.836916634773705,-0.689391508662824,0.561439172706581,-0.591226315601407,-0.517699977761507,-0.508516510850491,-0.839734362004915,-0.521979735973987,0.519480823509348,-0.545495229195593,-0.524254694445744,-0.831984299900153,-0.745395082740569,-0.719523549783808,-0.588297561945064,-1.14485071477297,-0.85534945010494,-0.794015296702858,-1.42834670580536,-0.788184218742662,-0.495614760728454,-1.18836044397162,0.194371440818738,-0.997877754173032,-0.677053451143998,-0.593681714206644,2.05128490285082,-0.598637045425795,-0.757800053491713,-0.694758292889573,-0.55321502257966,1.26290799783729,-0.392786433490695,-0.761647247973245,-0.00656148510227811,-0.485816253127067,-1.26637581039537,-0.847748388510819,-0.608508425207776,-0.616708057714315,-0.682642890579754,-0.716476224852673,-0.609571261310305,-0.99456836848483,-0.4791466881953,-0.527848653802147,-0.581450107692442,-0.623221682356157,-0.519769957673993,-0.456566211138298,-0.843490861618301,-0.248820139083847,-0.781460697748757,-0.441282341989839,0.466831386443299,-0.693610145686299,-1.44135041402852,-0.569755773406841,-0.969526788505132,-0.773643467427534,-0.837555726474759,-0.909848144967057,2.09674897451397,-0.384272493327475,-0.777454081363004,-1.21732527311908,-0.911558242630226,-0.67319351540593,-0.620494342313918,-0.601887066668739,-0.600466657719567,-0.683460154925488,-1.56744407700638,1.92113670255297,-0.855651382052597,0.108409529978792,-1.13339019479525,-0.482873717481606,-0.571646636129868,-0.71593825275176,-0.777414105828957,-0.877809728241419,0.576663799800704,-0.367490929903791,-1.00723720358106,-0.573648085257991,-0.905751916506873,-0.548246753341323,-1.17376531728267,0.2587295881749,-0.77689632987442,-0.513527807859149,-0.410458854850929,-0.702854463496712,-0.376085254966847,-0.65323427697639,-0.751527203204582,-0.487170846083124,-0.605815007708669,-0.135072241022438,-0.512995918425756,0.138477912105785,-0.494007793907488,-0.829580232182152,0.0908899575130885,-0.682378934286747,-0.597600263298091,0.718054973718128,-0.775810477487309,-0.505226462944271,1.01525922717058,-0.755650546229756,-0.800938882071613,-0.923820668091811,-0.543856568710744,1.47542823462129,-0.593484846975882,-0.547914033241979,-0.69252288453592,-0.518860584787243,-0.718638772768277,1.42865823942622,-0.766028616235394,-0.783162489495666,-0.566224935388611,-0.60068195999903,-0.675382976552414,-0.653790722557568,-0.653851689833047,-0.569897592314005,-0.685835715519622,-0.647904522193843,-0.664556936026652,-0.569034714136114,-0.507817813873977,-0.536494698185429,-0.768897864954003,-0.585376536065427,-0.622528035985135,-0.454210725594474,-0.564900394388196,-0.574696478706447,-0.786156907591438,-0.785105315526192,-0.540641423031425,0.22608840902774,-0.539307094691963,-0.348425147702436,-0.498591251333388,-0.523080667456721,-0.831156261607636,-0.622281704570721,-0.782401068500164,-0.789447035739829,-0.557501763870755,-0.505778909237946,-0.624275977269652,-0.743774131603622,-0.743846574768942,-0.846638841230125,-0.397363968993432,-0.922357934814868,-1.07695751091064,-0.38495676236154,-1.14684228042207,-0.625888537038413,-0.641289533744246,-0.56888790075037,-0.680264025007797,-0.470465254505972,-0.726381607522248,-0.604395814203172,-0.64437704550372,-0.609921532378848,-0.619881066592517,-0.61712009938149,-0.363912718313512,-0.421387307249072,-0.363732557460203,3.42304211650397,-0.73145250418656,-0.569578522132877,-0.436105875668738,0.516847436544512,-0.406700539566019,-0.673273035311341,-0.565998932195026,-0.685817859793634,-0.730817206313231,-0.520238954117215,-0.713193758009176,-0.991190188200663,-0.344789866784545,-0.495183843341153,-0.939394475450667,-0.74095518162433,-0.726611845001168,-0.553693741254614,-0.612887431730709,-0.536600271805562,-0.606291521024171,-0.553901067919841,-0.479383335875246,-0.621606511720135,0.461749466498036,-0.48805352537329,-0.865980025698746,-0.543434400240448,-0.767155531633286,1.19038241435673,-0.563722602978791,-0.524092166767868,-0.469274127030998,-0.71456688213729,1.79930356405172,-0.598331963886002,-0.491698944574237,-0.703895512265653,-0.329116087978423,-0.683218747620856,-0.813165332182298,0.171753158304296,-0.472351838475484,-0.494377357867234,-0.975604745971856,-0.766724197739351,-0.823990033085211,-0.926108184691356,-0.558717666256494,-0.379161949641383,0.385130844945579,-0.438709322746297,-0.614835278634353,-0.623039723737013,-0.812575895131137,-0.441748500440315,-0.788012724473105,-0.515370748508433,-1.2541307915187,-0.750713194799017,-0.807101569604255,-0.557916730587529,1.03023364228806,-0.575643008354943,-0.61899979002849,-0.46950194156598,-0.567597101091729,-0.623788878529261,-0.67680156571333,-0.514869524021752,-0.440109756196063,-0.797330693575754,-0.628134209307874,-1.11711648863016,-0.864582352823089,-0.559609290515974,-0.575080500923803,-0.624478446322977,-0.72921406656607,-0.465167799440612,-0.735980601657659,-0.870570227459186,-0.978836790500469,-0.528878550032712,-0.442246094950301,-0.590310521918287,-0.597626308220176,-0.535005976446535,-1.12579370504066,0.933346140807151,-0.882104756219481,-0.599446075410806,-0.518950740640203,"HC"
"Control-6",1.30862018701016,-0.665330012844802,-0.874316134855906,1.02991208926603,0.980880794309626,-1.34861147712676,-0.489483674713921,0.618683046808825,-0.843509355478524,-0.587392633752342,-0.5360100599205,1.65117978127913,-0.642142611977996,2.00923919335818,-0.522805082503363,0.244715329025931,-0.57729235363827,-0.277486004272175,0.382015450175767,-0.533225338772386,-0.892044314129933,-0.756759621065685,-0.72953949609161,0.472639167028228,0.200202729887535,-0.392375671245647,-0.671018873252328,-0.886090803404096,-0.59994073973799,-0.572265270403078,-0.449126948447106,-0.823525490657949,0.583328058804667,-0.309529644846314,0.396982812020425,0.278856200642269,-0.497006264132812,-0.559309350558077,1.50093026468387,1.48290079793572,-1.31380191096635,-0.985369683958035,-0.694147200250168,-0.536928301917431,-0.535926408238852,0.3556971424943,0.482079487144879,0.445435539168714,-0.894666522630992,-0.757778983174664,1.29139195127061,-0.722133608031586,1.22668093191075,0.78316232822975,-0.559247717928647,-0.374389587264773,-0.457301332060047,2.48144873202181,-0.535578881140264,-1.23558207417991,-0.940150463465516,-0.466862369479199,-0.78169417422122,-0.361091310062088,-0.742272368002153,-0.597562997079172,-1.01277899053072,-0.13019033080533,-1.52931067094053,0.41580157828759,-0.890457490909887,-0.950184227790595,-0.62582241159886,-0.811355606421236,-0.594144064245794,-0.427209662751993,1.32230926951391,-0.726511286645635,-0.518709942838152,-0.310167173709315,-0.824570369406007,-0.472497315307328,0.399715752469201,-0.572367111065056,1.24616231719277,-0.539991255188735,-0.729222797826837,-0.510050775686776,-0.56503564513667,1.82686169013226,-0.631512282307835,-0.585870963322794,2.07026794108941,0.468082892492533,1.45465562662525,-0.386236372075434,-0.370292957722169,-0.652696741503466,-0.580182792717566,-0.214097566669546,-0.504580611844278,1.51118463515134,-0.235539639171466,-0.824988666868521,-0.908370117980451,-0.612012511430763,-0.527992676543316,0.0556387695177225,-0.877494153250386,0.33533380054383,-0.699577466702064,-0.848866007382096,-0.606579092079862,-0.592394335996418,-0.563564816816346,-0.852561903334732,-0.415332247460931,0.908569077202066,-0.556437840594048,0.371898257554812,-0.0576644597103294,-1.05189934149341,-0.434538970011261,1.30602485791368,0.512772509400225,-0.466481924852692,0.257210227951692,-0.195037579461994,-0.467269611423203,0.105858368856369,-0.612032059829267,-0.42618686188652,-0.515214523200561,-0.563237817945086,-0.652232400369068,2.19434160543957,-0.943150438632522,-0.628682208598634,-0.96051637736292,-0.622774284236347,-0.0978650531068319,2.81897274727746,-0.0121590763205097,-0.74594206276323,0.0459035523456851,2.9061668603404,0.0682301437360984,0.401848702535861,0.90065941599846,-0.360394763248112,1.27733882180689,-0.153777918285783,-0.544945209809633,-0.970257350197389,0.389117145329876,0.604738971387902,0.214618894026814,0.707921612972144,-0.881133953461138,1.41689142293285,0.181332466110926,-1.23041210025291,0.544431140412555,-0.169637202605475,1.61849805616313,-0.440422043770802,-0.374050070692267,-0.533884030225674,-0.509101322999731,-0.517026089783175,-0.717586015732752,1.47939174503169,1.13151468839007,0.922324506830829,-0.529739447900487,1.08155271806827,-0.484444351416916,-0.724735509236815,0.209133392063767,-0.399898634726296,-0.465400568692601,-0.659554194522494,-0.52547613365641,-0.59156966366512,0.0820324089575421,-0.567826653865324,-0.388287405092906,-0.287337354954758,-0.547273332987266,-0.551980064673498,-0.399506095335805,-0.697113880119278,2.60501878516666,-0.237996729188284,0.0335865952166216,-0.504234421574824,-0.889556386155257,-0.938444320238906,-0.654078746223719,-0.578418903939853,-0.440845057560506,2.25185642391966,-0.628623127958158,-0.574567391161672,-0.0292254323846621,-1.03292766190848,1.85316002286189,-0.784182116331742,0.706974347147083,-0.519452267600047,-0.490191614502914,-0.724722993416231,0.56731098550233,-0.67265289501153,0.78582819017767,-0.418552203836157,-0.749562816960677,0.233613369550009,-0.826299878399175,-0.721727210801833,1.304553838321,-0.875446007171464,0.862741872458278,-0.752576497540583,1.18898487515961,0.675639705670373,-0.739571250856207,-0.215271301160771,-0.547342081550196,2.10168016790564,-0.400497512029309,1.14052672152451,-0.961280804736148,1.65530694953545,-0.431584442518366,0.272969345192132,-0.631943764721935,-0.579507915169398,2.14895611690935,0.734526008543299,1.09036325998191,0.652738268648524,1.40782857778482,0.726634555767607,-0.557349591175902,0.337932949580559,-0.11855643302435,-0.670603752641226,-0.362836635108256,0.906920792159144,2.31994881433234,-0.0108031428678954,-0.884073543198988,0.197975459615166,0.352834538972278,-0.0115519948849466,-0.58636397201414,1.60260472374605,-0.479183249951239,-1.21824941917158,-0.654451544220782,-0.755865250545603,2.11795855407982,-0.873831727472401,-0.261176734151137,-0.453520463080941,-0.475498315316322,-0.415293972484289,-0.632054548348183,-1.00035456820405,-0.605022983692602,1.10957165867677,-1.08443220697467,0.214848987787614,-0.704852117823712,-0.0126627652099523,-0.49858944200454,-0.495454091056586,2.42290398260414,-0.419839307586847,-0.73139551936346,-0.618696368735234,-0.513248218781385,-0.586212932084341,-0.418816240327903,-0.637586357654596,-0.419171849570317,-0.79823042348217,-0.504768109875833,-0.503708930529297,0.0164463243985716,-0.924514780586802,-1.28931703069017,-0.813303292440974,1.18858666800514,-0.816725390488356,-0.404812961836128,-0.382631670228075,1.80777344301935,-0.124869424804071,-0.763076391897337,1.04403777461912,-0.60699609384901,1.65999639490422,2.95107736209752,-0.923566729405713,-0.492093429498443,1.92657438988473,-0.356127764920938,-0.426152405790388,-0.602040583078269,0.230542797549178,-0.627488378610812,-0.429499750025505,-0.464375891526999,-0.886517603314692,0.0518875614512338,-0.455236351660987,-0.742946755276486,-0.582032151080456,-0.757373877256466,-0.755829565716357,1.82027531404032,0.63710444393679,0.901211860482398,-0.708710560777974,-0.711760203241989,1.66000202826143,0.971925654327206,2.0840485789952,-0.504623527225731,-0.439408559114987,-0.676958647618886,-0.680117437351813,-0.466764426657629,-0.466249296652547,-0.561253030076281,0.103836364826065,-0.444598034495984,0.850447981321727,-0.869130914118606,0.718032149470025,0.0189916023148123,-0.477833002749308,0.607126118521067,2.91248023675244,1.06276278990519,-0.747265772882252,-0.618950848071241,-0.430499440370047,0.748036664099281,-0.352149950983553,-0.493593930889384,1.5119796570112,-0.558555906049502,1.89612672912552,-0.710284973869927,-0.614764475187905,-0.0754583613737966,-0.57228632127812,0.493785620283506,-0.747997090271536,0.107177951562343,-0.566010699037032,-0.0481126385531608,-0.730318235371536,-0.598204255115836,-0.126619061357249,-0.606204342383374,-0.63129034137311,-0.386808567195655,-0.473937637058681,-0.172218504838025,-0.675677485964019,-0.799036810595303,-0.764417769029699,-0.735411990123146,1.34778606671338,-0.889325548542612,-1.13280417093144,-0.388200013230897,-0.672522450531549,0.135718102193165,1.63169302804403,-0.538722496195877,-0.7995406586986,3.59558316997491,-0.819944378140991,3.14693845780502,-0.834709508043328,0.475112025364564,-0.543996565944918,-0.760805550465173,0.990340279989656,-0.653697914574418,-0.658091677882378,-0.104182661288955,-0.248256478710726,-0.814187642569382,-0.775032802607551,-0.580755287411444,-0.836916634773705,-0.689391508662824,-0.740417895485083,-0.591226315601407,-0.517699977761507,-0.508516510850491,-0.839734362004915,-0.521979735973987,-0.61052131080658,-0.545495229195593,-0.524254694445744,-0.173735990018905,-0.745395082740569,0.270079796569282,2.01519932864221,1.06237080969002,-0.85534945010494,-0.794015296702858,-1.42834670580536,-0.788184218742662,-0.495614760728454,0.0568100085964034,0.251234352144532,-0.997877754173032,-0.677053451143998,2.42402193479935,-0.792912836073741,-0.598637045425795,-0.211203076434087,-0.694758292889573,-0.55321502257966,1.45956212236692,-0.392786433490695,-0.086411634182884,-0.0687034533203288,-0.485816253127067,1.17034295985058,-0.847748388510819,1.00908193769395,1.8647565179632,-0.682642890579754,-0.716476224852673,1.52200388678343,0.0241199574484809,-0.4791466881953,-0.527848653802147,-0.581450107692442,-0.623221682356157,1.38311035795152,0.346443162796817,-0.0359741947723427,0.808585914912273,-0.276666392478896,-0.441282341989839,1.73623973729518,-0.693610145686299,-1.44135041402852,0.801055961935759,0.717576148302475,0.0975888491494206,-0.452145309176492,0.500139777941826,-0.785445256160296,-0.384272493327475,0.333217816135411,0.38743397167118,-0.911558242630226,-0.67319351540593,0.721662531881446,-0.601887066668739,-0.600466657719567,2.02035659024689,0.103541191759464,-0.495585885560122,-0.855651382052597,1.38374907605611,-1.13339019479525,-0.7803021364435,-0.571646636129868,-0.71593825275176,-0.777414105828957,1.98073811027804,1.6695042004724,-0.367490929903791,-1.00723720358106,-0.573648085257991,1.40107391399774,-0.548246753341323,0.671797218255508,-0.74633402219577,-0.291388155646824,0.510182568247372,-0.410458854850929,2.0267807983006,0.741607185290367,1.90550660542029,1.72988426939924,2.16175839914196,1.68843620521184,2.09479049749874,2.7722380244807,1.81686026106399,-0.494007793907488,1.142935711651,-0.423418245799073,-0.682378934286747,0.256737370394879,2.33328211333327,-0.775810477487309,0.36092155182491,0.528128345248652,0.487392870350962,-0.800938882071613,0.30004793403746,-0.543856568710744,0.89243177865908,0.466964012397967,-0.547914033241979,-0.69252288453592,2.59782134555091,0.609795548846201,-0.574522884957265,0.568205355850684,1.54204229626269,-0.566224935388611,-0.60068195999903,0.562329112779672,-0.653790722557568,-0.653851689833047,-0.569897592314005,-0.685835715519622,1.53442258026508,0.525197237184115,-0.569034714136114,-0.507817813873977,-0.536494698185429,1.39217340128322,-0.585376536065427,-0.622528035985135,-0.454210725594474,0.733132853823398,-0.574696478706447,1.52145164147037,1.43446527345303,1.59828008367623,2.03091583227894,0.80469897825816,-0.348425147702436,-0.498591251333388,1.99054361693293,-0.831156261607636,-0.622281704570721,-0.782401068500164,-0.789447035739829,-0.557501763870755,-0.505778909237946,-0.624275977269652,-0.743774131603622,-0.743846574768942,-0.232596836275469,-0.397363968993432,0.0182010549084193,-0.0905275040694442,-1.14934390124832,0.545396894076626,-0.625888537038413,-0.641289533744246,-0.56888790075037,-0.680264025007797,-0.470465254505972,0.962457110615634,-0.604395814203172,-0.64437704550372,0.758485957295064,-0.619881066592517,-0.61712009938149,-0.363912718313512,-0.421387307249072,0.62988051906949,-0.530264405273805,-0.73145250418656,-0.569578522132877,-0.436105875668738,-0.631759280520507,-0.406700539566019,-0.673273035311341,0.582444661343658,1.43770083197529,-0.0150055937516899,-0.520238954117215,-0.288805366162008,-0.991190188200663,0.468318863665493,-0.495183843341153,-0.939394475450667,-0.74095518162433,0.43913941776855,1.26853489901708,-0.612887431730709,-0.536600271805562,-0.606291521024171,1.31808676102421,1.72238060668892,0.911169765211202,0.987541839520743,-0.48805352537329,1.13503859471872,-0.543434400240448,0.924199585462944,-0.617518100327603,1.87355504172596,1.4536782685885,2.38713732899518,-0.71456688213729,2.4052970448111,0.331502873029181,1.18397065519341,0.218788015446086,0.752628531293627,0.73778665760505,-0.813165332182298,-0.94583725016588,1.51181583540867,-0.494377357867234,-0.274163287433666,-0.766724197739351,-0.823990033085211,-0.926108184691356,-0.558717666256494,-0.379161949641383,-1.02737092254885,-0.541560429854684,-0.614835278634353,1.2180531754255,1.13326607616595,-0.441748500440315,-0.788012724473105,-0.515370748508433,1.50916242184711,1.31358917723551,-0.807101569604255,-0.557916730587529,-0.0126866925233707,-0.575643008354943,-0.61899979002849,-0.46950194156598,-0.567597101091729,-0.623788878529261,-0.67680156571333,-0.514869524021752,-0.440109756196063,-0.797330693575754,0.0415891923013062,-0.0390680338354475,-0.280672072713157,-0.559609290515974,-0.575080500923803,-0.624478446322977,-0.72921406656607,-0.465167799440612,-0.283394484263128,1.0509156896928,-0.978836790500469,-0.528878550032712,-0.442246094950301,-0.590310521918287,-0.597626308220176,-0.535005976446535,-0.206729295147126,1.01391789047902,-0.882104756219481,-0.599446075410806,-0.518950740640203,"HC"
"Control-8",-0.555592417576326,-0.665330012844802,0.933497824852182,0.699843559848588,-0.0463761919893063,-0.771766854918958,-0.489483674713921,-0.262711157828743,-0.633824900782465,-0.587392633752342,-0.5360100599205,-0.427166054873635,-0.642142611977996,-0.906954785415906,-0.522805082503363,-1.16665646400082,-0.57729235363827,-0.951756607893985,-0.496697729346053,-0.533225338772386,-0.892044314129933,-0.756759621065685,-0.72953949609161,-1.10737391109703,-0.233269778226462,-0.508242524810046,-0.671018873252328,0.44523999292435,0.0992540524525729,-0.572265270403078,-0.449126948447106,-0.262253841456432,0.110351403959685,-0.309529644846314,-1.27858860205671,-0.964466112786827,-0.497006264132812,-0.559309350558077,0.0483643889403444,-0.321004816279635,0.333748404265369,-0.985369683958035,-0.258864680951241,-0.536928301917431,-0.535926408238852,-0.650615285872351,-0.272640182915606,-0.684422976084699,-0.894666522630992,-0.757778983174664,1.68726419807167,-0.722133608031586,-1.00553084851786,-0.088153486127232,-0.559247717928647,-0.374389587264773,-0.457301332060047,-0.488378971130679,-0.535578881140264,0.382407152308099,0.575918714687302,-0.466862369479199,-0.78169417422122,-0.361091310062088,1.68251255364402,-0.597562997079172,0.624877708640972,-1.41989396139844,-1.29530308995452,-0.4540750571884,-0.890457490909887,0.690415919928488,-0.62582241159886,0.629054836909989,-0.594144064245794,-0.427209662751993,-0.884442638278434,-0.726511286645635,-0.518709942838152,-0.310167173709315,-0.824570369406007,1.62187607319903,-0.82984292910042,-0.572367111065056,-0.632421218362915,-0.539991255188735,-0.729222797826837,-0.510050775686776,-0.56503564513667,0.466863654409939,-1.06249646629166,-0.504106135179394,-0.439395440768505,-0.806924516606813,-0.824109659368058,-0.386236372075434,-0.370292957722169,-0.652696741503466,-0.580182792717566,-0.893144250525708,-0.504580611844278,0.309077374741053,-1.00272583549808,-0.824988666868521,-0.908370117980451,-0.612012511430763,1.05534544039859,-1.2411655253652,-0.877494153250386,-0.130201255643564,-0.699577466702064,-0.848866007382096,-1.20970090202904,-0.592394335996418,-0.563564816816346,0.654878453984505,-0.415332247460931,-1.15053595143586,-0.196475230957118,0.13235357356382,-0.864139486256635,-0.108086542011635,0.347863061276169,-0.540935274554197,-0.697707734727148,-0.466481924852692,-1.07767110647549,-0.71314737154191,-0.467269611423203,-0.781783811545767,-0.612032059829267,3.87483312129784,-0.515214523200561,-0.563237817945086,-0.652232400369068,-0.433250890230484,-1.24113329272812,-0.628682208598634,-0.591950342593764,-0.622774284236347,-0.607141684986296,-0.521167552986871,0.677271313349618,-0.74594206276323,-0.922939115191811,1.43668047941167,-0.680795110743151,-0.630959826187288,0.434789879631492,-0.360394763248112,0.44856361462839,-0.450458132655293,-0.544945209809633,-0.917324070602954,0.466750350008157,-0.034635603576471,-0.110131630400403,-1.15278844781279,-0.881133953461138,-0.938055876675319,-0.276389520506581,0.80795076484368,0.0521215476315398,-0.605093948097349,-0.708215018551291,-0.440422043770802,-0.832999110597407,-0.533884030225674,-0.866575554810563,-0.517026089783175,-0.717586015732752,-0.55560231538592,-0.289633687126329,0.0382589679468217,0.143420755354168,0.0176878907931301,-0.484444351416916,-0.724735509236815,-0.00740237867742003,-0.399898634726296,-0.465400568692601,-0.659554194522494,-0.0513143154617826,0.528687367045281,-0.686166850667112,-0.567826653865324,-0.388287405092906,0.66943847703582,-0.547273332987266,-0.551980064673498,-0.836461434415258,-0.697113880119278,-0.954138085945745,-0.627804729449687,-0.423281176535513,-0.372452009597982,0.0214064609504209,0.0791436622746129,-0.654078746223719,-0.578418903939853,-0.440845057560506,-0.402800957411009,-1.27366017213239,-0.574567391161672,-0.293151292803757,0.731164839219136,0.973132567567434,-0.784182116331742,-0.122792570609921,-1.07295113119153,-0.490191614502914,-0.724722993416231,-0.387458469999575,-0.67265289501153,-0.182365319087888,-1.16961833922542,-0.749562816960677,-0.243851015113148,-0.826299878399175,-0.721727210801833,-0.876317725753786,-0.875446007171464,-0.0476896836410372,-0.752576497540583,0.750620670873978,-0.657239406583379,1.63420126572296,-0.769269638931583,-0.547342081550196,-0.66549608966086,-0.400497512029309,-0.0357358215043559,0.423761738478248,-0.802317558831034,-0.431584442518366,0.539416626592063,-0.631943764721935,-0.579507915169398,-0.620100662679788,-0.503796517211337,0.130269168217936,-1.02984446404236,-0.939825400487642,0.27136810593562,-0.557349591175902,-1.1375069142073,-0.289618675390775,-0.670603752641226,-0.362836635108256,-0.0774653016921855,-0.902564283763228,-0.724720658887268,-1.35873215774737,-0.680703938055349,-0.679399709028993,-0.798624539569438,-0.58636397201414,-0.590419110099479,-0.479183249951239,-1.2263237773019,-0.654451544220782,-0.755865250545603,-0.942110585579901,-0.873831727472401,0.962359770417024,-0.453520463080941,-0.475498315316322,-0.902316908801359,-0.632054548348183,-1.00035456820405,-0.605022983692602,-0.915536831645335,-0.869270740070128,0.0945068690928211,-0.704852117823712,0.413672327476008,-0.49858944200454,-0.495454091056586,-0.625430816380737,-0.419839307586847,-0.73139551936346,-0.618696368735234,2.17094065259545,-0.586212932084341,-0.418816240327903,-0.637586357654596,-0.419171849570317,0.651799181613069,-0.504768109875833,-0.503708930529297,0.326204609264247,-0.924514780586802,-1.28931703069017,-0.813303292440974,-0.793665704950216,-0.381596966792031,-0.404812961836128,-0.831170933594364,-0.800640494297979,0.461488312248735,-0.763076391897337,-0.0799453854610481,-0.60699609384901,-0.943549081967018,1.802910989067,-0.923566729405713,-0.492093429498443,-1.12976969199847,-0.356127764920938,-0.426152405790388,0.72441312126049,-0.826222229547082,1.27359440676353,-0.429499750025505,-0.464375891526999,1.30305835207348,-1.06964048874916,-0.455236351660987,0.60418722559568,-0.582032151080456,-1.18959503173864,-0.755829565716357,-0.131442826055718,0.324483186171942,0.240390574742099,-0.708710560777974,-0.727448327366606,-0.79167821863407,-0.809608919621213,0.826134948370355,-0.504623527225731,-0.863563219649252,-1.18696719367624,-0.680117437351813,0.370512201241008,0.330506497273273,-0.561253030076281,-0.210294777158289,-0.444598034495984,0.453578520057573,-0.869130914118606,-0.799233124164901,-0.940150205056253,-0.477833002749308,-0.314217384634094,-0.414352476826801,1.16280135853223,-0.747265772882252,0.242295785914042,-0.430499440370047,-0.796259557655844,-0.20081434561997,-0.493593930889384,-0.96499962340129,-0.558555906049502,0.728279048338782,-0.211743562331789,-0.614764475187905,-0.82993046167785,0.176786312689113,1.15945445243313,-0.747997090271536,-0.183726252136379,0.064474614490564,-0.603032598624489,-0.730318235371536,-0.598204255115836,-0.71157305436993,-0.606204342383374,-0.63129034137311,-0.386808567195655,-0.473937637058681,-0.661213740436444,-0.675677485964019,-0.799036810595303,-0.764417769029699,-0.735411990123146,-0.858462959667144,-0.889325548542612,0.199556430538879,-0.388200013230897,-0.672522450531549,-0.689569785356508,-0.293950509594479,-0.538722496195877,-0.7995406586986,-0.574547412051676,0.87616714361641,-0.380430093207073,-0.834709508043328,-0.895298276157752,-0.543996565944918,-0.760805550465173,0.11057221010129,-0.653697914574418,1.35964813745068,-0.719112826150793,-1.08773769552895,0.151973114106134,-0.775032802607551,-0.580755287411444,1.46288517609168,-0.689391508662824,1.00753115950258,-0.591226315601407,-0.517699977761507,-0.508516510850491,-0.839734362004915,-0.521979735973987,-0.61052131080658,-0.545495229195593,-0.524254694445744,-0.831984299900153,-0.745395082740569,-0.719523549783808,-0.588297561945064,-0.0685560506586503,0.0585070135163938,0.0415387867657878,-0.306121798495899,0.274232540928522,-0.495614760728454,-0.618470990307325,0.0700438767086219,0.251432837295781,1.33476400711188,-0.593681714206644,-0.792912836073741,-0.598637045425795,-0.757800053491713,-0.694758292889573,-0.55321502257966,-1.1319511214443,-0.392786433490695,-0.761647247973245,-0.998362605765605,1.33398937198943,-0.219056086700419,-0.847748388510819,2.49746901792035,-0.616708057714315,-0.682642890579754,-0.716476224852673,0.697711782737759,0.543332512814365,-0.4791466881953,-0.527848653802147,-0.581450107692442,-0.623221682356157,-0.66029248778649,-0.456566211138298,-0.675897608995231,0.534355002815324,-0.781460697748757,-0.441282341989839,-0.70274678935139,-0.693610145686299,-1.02917131055673,-0.569755773406841,0.9425731170272,-0.773643467427534,-0.837555726474759,-0.909848144967057,-0.158351248089892,3.07419933344844,0.102294254644512,-1.21732527311908,-0.911558242630226,-0.67319351540593,-0.620494342313918,-0.601887066668739,-0.600466657719567,0.313964873259523,0.215664287778375,-0.560396450806744,-0.855651382052597,0.345863340934146,-0.812955055512917,-0.679743094143189,-0.571646636129868,-0.71593825275176,-0.0180740353260451,0.65571938252973,1.20121444475459,-0.367490929903791,-1.00723720358106,-0.573648085257991,-0.905751916506873,-0.548246753341323,-1.17376531728267,-0.74633402219577,-0.77689632987442,-0.513527807859149,-0.410458854850929,0.31301816200657,-0.376085254966847,-0.65323427697639,-0.751527203204582,-0.487170846083124,-0.605815007708669,-0.205323016972413,-0.512995918425756,-0.6002692007909,0.758677496346006,-0.829580232182152,-0.81845618402031,1.26610756510615,-0.597600263298091,-0.561688757941423,0.359559990826539,-0.505226462944271,0.330505662741588,0.784000735339161,0.578591453747065,0.809679612302771,2.66812845403536,-0.0680225589457067,-0.0581179557180078,-0.547914033241979,0.257864117032374,-0.518860584787243,0.842520827402722,0.167157736183311,0.748951447907408,-0.783162489495666,-0.566224935388611,0.827795405214013,0.515110968468516,0.114769377386512,-0.653851689833047,-0.569897592314005,2.66494841861615,0.573824197688674,-0.664556936026652,-0.569034714136114,-0.507817813873977,-0.536494698185429,0.170663220374598,-0.585376536065427,-0.622528035985135,3.36622782991856,-0.564900394388196,-0.574696478706447,-0.265911938982488,-0.0584011275024537,-0.540641423031425,0.466619770185882,-0.539307094691963,-0.348425147702436,-0.498591251333388,-0.523080667456721,-0.831156261607636,-0.622281704570721,-0.782401068500164,-0.789447035739829,-0.557501763870755,1.69399229545495,0.231339003586688,-0.743774131603622,-0.743846574768942,-0.846638841230125,-0.397363968993432,0.767646617687045,-0.526232046498652,-1.14934390124832,-0.136667058712624,-0.625888537038413,-0.641289533744246,-0.56888790075037,-0.680264025007797,-0.470465254505972,0.682322205805189,-0.604395814203172,-0.64437704550372,1.3905465080013,-0.619881066592517,-0.61712009938149,-0.363912718313512,-0.421387307249072,0.16895997275667,-0.530264405273805,-0.73145250418656,-0.569578522132877,-0.436105875668738,-0.631759280520507,-0.406700539566019,0.413888744318657,-0.565998932195026,0.460889512322445,-0.042383844029095,-0.520238954117215,-0.713193758009176,0.442627262231359,-0.344789866784545,-0.495183843341153,-0.300470496411866,-0.74095518162433,-0.726611845001168,-0.553693741254614,-0.612887431730709,-0.536600271805562,-0.606291521024171,-0.553901067919841,-0.479383335875246,-0.621606511720135,0.0849766810275679,-0.48805352537329,-0.865980025698746,0.884577802863562,-0.767155531633286,-0.617518100327603,-0.563722602978791,-0.131694648295868,-0.469274127030998,-0.0940597612654211,-0.796606268568196,-0.598331963886002,-0.491698944574237,-0.703895512265653,0.0426833358857273,-0.683218747620856,-0.813165332182298,-0.94583725016588,-0.472351838475484,-0.494377357867234,0.578462965389986,-0.766724197739351,-0.823990033085211,0.855015939786349,1.09842899392537,-0.379161949641383,0.115255425109279,-0.280533152207333,-0.614835278634353,-0.623039723737013,-0.812575895131137,-0.441748500440315,-0.788012724473105,-0.515370748508433,-1.2541307915187,-0.750713194799017,0.436723612264103,-0.557916730587529,1.20105873893039,0.895588506334546,1.24286694996742,-0.46950194156598,0.597137699337363,-0.623788878529261,-0.67680156571333,-0.514869524021752,0.951826812532901,-0.797330693575754,-0.628134209307874,0.420432089028153,-0.303063448262308,-0.559609290515974,-0.575080500923803,-0.624478446322977,-0.72921406656607,-0.465167799440612,-0.735980601657659,-0.870570227459186,1.12209992637485,-0.528878550032712,-0.442246094950301,-0.590310521918287,-0.597626308220176,-0.535005976446535,-0.460008430564988,-0.285525662767367,-0.882104756219481,-0.599446075410806,-0.518950740640203,"HC"
"Control-9",0.603471391008556,-0.665330012844802,-0.874316134855906,1.20254787600721,0.744107520297918,0.0838741251056153,-0.489483674713921,-0.101253733736702,-0.154344330547794,-0.587392633752342,-0.5360100599205,-0.427166054873635,-0.642142611977996,-0.906954785415906,-0.522805082503363,-0.751585665012811,-0.57729235363827,-0.951756607893985,-0.496697729346053,-0.533225338772386,-0.122483671719195,0.34360353848984,-0.72953949609161,-0.0870587026449549,-1.18728595031787,-1.11026349528993,-0.671018873252328,-0.886090803404096,0.133330497292433,-0.572265270403078,-0.449126948447106,-0.823525490657949,0.65024916246753,-0.309529644846314,-1.55698223891445,0.564849640604539,-0.497006264132812,-0.559309350558077,-0.339039462032608,1.39451257551856,-0.25838906860019,-0.985369683958035,0.956058214328327,-0.536928301917431,-0.535926408238852,-0.164841319605573,1.10644538682052,-0.684422976084699,-0.894666522630992,-0.757778983174664,0.318224300912458,1.91582833989819,-0.613422220495436,0.533576478039746,-0.559247717928647,-0.374389587264773,-0.457301332060047,-0.488378971130679,-0.535578881140264,-1.23558207417991,-0.940150463465516,-0.466862369479199,-0.78169417422122,-0.361091310062088,-0.742272368002153,-0.597562997079172,-0.194971026721383,-0.558925439454233,-0.0188962777403909,-0.0345415496749492,-0.890457490909887,1.57694901830815,-0.62582241159886,0.261749313332206,-0.594144064245794,-0.427209662751993,-0.884442638278434,-0.726511286645635,-0.518709942838152,-0.310167173709315,-0.824570369406007,1.29755293467497,-1.33974894891408,-0.572367111065056,-0.632421218362915,-0.539991255188735,1.17658510904703,-0.510050775686776,0.725033618462782,1.33194523874862,1.08228055405812,-0.477675513163667,0.922692663390245,0.478799013229793,-0.824109659368058,-0.386236372075434,3.81404281578997,-0.652696741503466,-0.580182792717566,0.127049300403139,-0.504580611844278,-0.351935005673935,1.0758489053931,-0.824988666868521,-0.908370117980451,-0.612012511430763,2.09313070960811,-0.407261209687775,-0.877494153250386,0.273612334122414,-0.699577466702064,-0.848866007382096,0.76748092118989,0.0192674372943004,-0.563564816816346,-0.852561903334732,-0.415332247460931,-1.15053595143586,-0.556437840594048,-0.749289324826282,0.783687599716331,-1.27839469908618,2.78183626224916,-0.540935274554197,-1.33738969127492,1.32695771295287,0.207739153388701,-0.71314737154191,0.251506098751597,-0.781783811545767,-0.612032059829267,-0.42618686188652,-0.515214523200561,-0.563237817945086,0.458783161336104,-0.433250890230484,-0.722071669667353,-0.628682208598634,-0.96051637736292,-0.622774284236347,-0.0164083650884261,-0.521167552986871,0.507075912718313,-0.74594206276323,-0.355742688826278,0.300870956289628,-0.680795110743151,0.709968859808441,-0.445041103063912,-0.360394763248112,-1.12185750843372,0.122341898942831,-0.544945209809633,-0.489368292347792,-1.12931857316399,0.519722092899756,-0.0763542039691268,1.36885012326471,0.33158730631372,0.624833237096434,-0.792524351021443,0.7629916639872,-0.797373187578022,-1.16230080545647,0.0503772286017701,-0.440422043770802,-0.832999110597407,-0.533884030225674,0.588229217018933,-0.517026089783175,-0.717586015732752,0.596037891856743,-1.19702951435578,0.378473252149687,-0.529739447900487,0.0665905690129565,-0.484444351416916,0.438819559331423,-0.475442913594146,-0.399898634726296,-0.465400568692601,-0.489026158939728,-0.339784532909282,-0.59156966366512,-0.686166850667112,-0.567826653865324,-0.388287405092906,0.975608779506264,-0.547273332987266,-0.551980064673498,0.991017584270734,-0.697113880119278,0.670926925389365,-0.102360108956463,-0.612961866434951,-0.872091461738152,-0.889556386155257,0.734571569626033,0.0946617570597629,-0.578418903939853,-0.440845057560506,-0.402800957411009,0.526787017793319,0.780926524183469,0.190622379458646,1.73859536151471,1.72530882926609,-0.784182116331742,0.0976800945007618,-0.514736186497139,-0.490191614502914,-0.724722993416231,-0.387458469999575,-0.67265289501153,0.926862209150687,-1.19950406173965,-0.749562816960677,0.553232270406553,-0.826299878399175,-0.721727210801833,-0.876317725753786,-0.875446007171464,0.904561520654369,0.145361919858262,2.353860854855,-0.657239406583379,1.25489814927549,-0.769269638931583,1.22406802202114,-0.66549608966086,-0.400497512029309,0.567546010552576,-0.961280804736148,-0.802317558831034,-0.431584442518366,0.464930373439674,-0.631943764721935,-0.579507915169398,-0.620100662679788,1.94481362280293,-1.0770163128063,-1.02984446404236,-0.939825400487642,0.211116212697595,-0.557349591175902,0.349933250645202,-0.10703555800607,0.392558898881773,-0.362836635108256,0.504001664611384,-0.902564283763228,-0.56008472464625,0.502208574880421,-0.680703938055349,-0.679399709028993,-0.149630745485216,-0.58636397201414,-0.590419110099479,-0.479183249951239,-0.871625152983213,-0.654451544220782,0.264638788625396,1.03397121104315,0.348594120045083,-0.254224546851955,-0.453520463080941,-0.475498315316322,1.0230097108546,1.96083159879217,0.202342201338919,-0.605022983692602,0.764483368198546,-1.08443220697467,0.287561545878282,-0.704852117823712,-0.657270497541832,-0.49858944200454,2.30835381878046,-0.625430816380737,-0.419839307586847,-0.0757301596309951,-0.618696368735234,-0.513248218781385,-0.586212932084341,-0.418816240327903,-0.637586357654596,-0.419171849570317,0.0290622714513971,-0.504768109875833,0.453141723407602,0.603618494608797,-0.924514780586802,0.512571169019333,-0.813303292440974,-0.793665704950216,-0.816725390488356,-0.404812961836128,-0.831170933594364,0.136201510838465,0.375567457135924,-0.763076391897337,0.242129546269034,-0.60699609384901,0.643556491167168,-0.972280070282039,-0.444230661372015,-0.492093429498443,0.220574160986967,-0.356127764920938,-0.426152405790388,-1.21479747878706,-0.826222229547082,-0.627488378610812,-0.429499750025505,-0.464375891526999,0.511637772394953,0.778603918677681,-0.455236351660987,-0.742946755276486,-0.582032151080456,-0.273767406886956,-0.755829565716357,-0.531075609610611,0.582689375718306,-0.796526001879866,-0.708710560777974,0.720218743404436,0.224312317129085,0.412572821045041,1.05606344020317,-0.504623527225731,1.62169028928217,-0.884858635840052,-0.680117437351813,-0.466764426657629,-0.836854594027651,-0.561253030076281,-0.883773155823425,-0.444598034495984,1.30733080618521,1.52971259631776,0.287143455710994,-0.940150205056253,-0.477833002749308,-0.66051843753324,3.76835156831108,2.09414446029642,-0.747265772882252,1.40394915698518,-0.430499440370047,-0.0551135583518014,-0.77458771809739,-0.493593930889384,-0.96499962340129,-0.558555906049502,-0.598213055580144,-0.710284973869927,-0.614764475187905,-0.520907034153134,1.49822423907227,0.571072119733004,0.158330771818157,-0.44023355560874,0.367771759616827,0.511580313832572,-0.730318235371536,-0.598204255115836,-0.71157305436993,-0.606204342383374,-0.63129034137311,-0.386808567195655,3.20404098300419,-1.12247248425382,2.00400136400056,-0.799036810595303,-0.764417769029699,-0.385848539397425,-0.858462959667144,0.547167522736049,-0.787181875228601,-0.388200013230897,1.91061636349804,-0.100216492230996,-1.15140774083531,-0.538722496195877,-0.7995406586986,-0.574547412051676,-0.819944378140991,-0.380430093207073,-0.834709508043328,0.674804595968983,-0.543996565944918,-0.760805550465173,0.839507635943389,-0.653697914574418,-0.658091677882378,0.156707046074795,0.104578432022074,-0.0967957440692448,0.0351582495872513,-0.580755287411444,0.6300551428653,-0.689391508662824,-0.740417895485083,-0.591226315601407,-0.517699977761507,-0.508516510850491,-0.839734362004915,-0.521979735973987,-0.61052131080658,-0.545495229195593,3.05795818351846,-0.831984299900153,-0.745395082740569,-0.141716729065898,-0.588297561945064,0.631045718571933,-0.356119046748209,-0.794015296702858,-0.926405310650445,-0.788184218742662,2.50763067150174,0.782785363910501,0.605086333799614,-0.997877754173032,-0.677053451143998,-0.593681714206644,-0.792912836073741,0.136198666084472,-0.757800053491713,-0.0801662113266001,-0.55321502257966,0.673871033941237,-0.392786433490695,-0.761647247973245,0.0661873544762878,0.725659464681944,-0.644397498990607,-0.847748388510819,-0.608508425207776,-0.616708057714315,-0.682642890579754,-0.716476224852673,-0.609571261310305,0.0327280906712479,-0.4791466881953,-0.527848653802147,2.17433230068852,-0.623221682356157,-0.324122754069547,-0.456566211138298,-0.389542487698025,0.865530522645579,-0.781460697748757,-0.441282341989839,0.344877329754783,-0.693610145686299,-0.614571862270037,-0.569755773406841,-0.969526788505132,-0.773643467427534,-0.837555726474759,0.881345026740267,1.26870962635436,-0.384272493327475,0.646796806356319,1.15588517740089,1.42884265576517,-0.67319351540593,-0.620494342313918,0.615185073052547,-0.600466657719567,0.694167398178356,-1.56744407700638,-0.69871053666764,-0.855651382052597,1.65435560009389,0.143710447142893,-0.741875662732362,-0.571646636129868,-0.71593825275176,0.590276129365597,1.31254481087301,-0.963894975231911,-0.367490929903791,-1.00723720358106,-0.573648085257991,2.02554256681776,-0.548246753341323,-1.17376531728267,-0.74633402219577,0.0688189770975609,-0.513527807859149,-0.410458854850929,1.12689102745584,-0.376085254966847,-0.075171643581353,-0.119575479635029,-0.487170846083124,0.22005169425204,-0.174536354148557,-0.512995918425756,0.864815864905375,-0.494007793907488,-0.185516486943223,-1.18723863498533,-0.682378934286747,1.49831243736554,0.293678414701747,0.596841823873637,0.368301556651422,1.79118281009063,0.269321635288178,-0.800938882071613,0.809780220444231,0.795336956760151,1.8190407329089,0.598017658630605,-0.547914033241979,0.304056350865668,-0.518860584787243,-0.718638772768277,0.768941988759943,-0.766028616235394,-0.232276906249322,1.35317682737111,0.151230686848661,1.22080310260221,-0.653790722557568,0.404460155312363,0.204905030758371,1.7760176727967,1.66854480457635,-0.664556936026652,-0.569034714136114,-0.507817813873977,-0.536494698185429,1.41014696624095,-0.585376536065427,0.179713378563848,1.51958491601938,0.0237617041552238,-0.574696478706447,-0.0923915407202207,0.289561244372573,1.13475669755605,-0.665426753584578,-0.539307094691963,-0.348425147702436,-0.498591251333388,1.03975123768554,-0.831156261607636,-0.622281704570721,-0.782401068500164,-0.789447035739829,-0.557501763870755,-0.505778909237946,-0.624275977269652,1.62864059530275,-0.743846574768942,-0.846638841230125,-0.397363968993432,0.798882523618272,-0.370664105439249,0.853343722547569,-0.395084591988599,-0.625888537038413,-0.0375517958059293,-0.56888790075037,-0.680264025007797,-0.470465254505972,0.750605009888648,-0.604395814203172,-0.64437704550372,-0.609921532378848,0.866658089827727,-0.61712009938149,-0.363912718313512,-0.421387307249072,0.455958184593463,-0.530264405273805,-0.73145250418656,-0.569578522132877,-0.436105875668738,0.694241679857419,-0.406700539566019,0.133964319007623,-0.565998932195026,-0.685817859793634,-0.00892350124579336,-0.520238954117215,-0.713193758009176,-0.991190188200663,-0.344789866784545,-0.495183843341153,-0.26941648810498,-0.74095518162433,-0.726611845001168,1.2838914522178,1.06433027020263,-0.536600271805562,-0.606291521024171,0.222129767485913,-0.479383335875246,1.10418604432593,0.265592330187492,-0.48805352537329,0.111202713987394,0.323419424543764,-0.267416602029085,-0.617518100327603,-0.563722602978791,-0.524092166767868,-0.469274127030998,-0.71456688213729,-0.796606268568196,-0.598331963886002,-0.491698944574237,-0.703895512265653,0.173456395433372,-0.683218747620856,0.993831681829575,1.03366457868219,-0.472351838475484,-0.494377357867234,0.233294792276509,-0.766724197739351,-0.823990033085211,-0.534084878830228,-0.558717666256494,-0.379161949641383,-1.02737092254885,-0.036528224419526,1.17285251519272,0.376190194796495,-0.000642846626997291,-0.441748500440315,-0.788012724473105,-0.515370748508433,-1.2541307915187,0.503848105236291,1.02690187084018,-0.557916730587529,-1.05244496011756,1.72215856487289,-0.61899979002849,-0.46950194156598,-0.567597101091729,-0.623788878529261,-0.67680156571333,0.611727216989845,-0.440109756196063,0.105682193925447,0.0472955633279963,0.152460057116637,-0.864582352823089,-0.559609290515974,-0.575080500923803,-0.624478446322977,-0.72921406656607,-0.465167799440612,-0.735980601657659,-0.870570227459186,0.34417980281194,-0.528878550032712,-0.442246094950301,-0.590310521918287,-0.597626308220176,-0.535005976446535,-0.630562110759731,0.484212454163425,-0.120666372776397,-0.599446075410806,-0.518950740640203,"HC"
"Control-10",-0.555592417576326,-0.665330012844802,-0.874316134855906,0.0655211742368316,-1.40910500646145,-1.61692665523069,-0.489483674713921,0.489797635787462,-0.36618528692502,1.83265705099046,-0.5360100599205,-0.427166054873635,-0.642142611977996,-0.906954785415906,2.27471567383651,-1.16665646400082,-0.57729235363827,-0.951756607893985,-0.496697729346053,-0.533225338772386,0.11231116200381,-0.756759621065685,-0.72953949609161,0.823635570165877,-1.18728595031787,-0.727231409558414,2.61415193437939,-0.886090803404096,-0.59994073973799,-0.572265270403078,-0.449126948447106,-0.823525490657949,-1.24614815954864,-0.309529644846314,0.043911200630329,-0.964466112786827,-0.497006264132812,-0.559309350558077,-1.01529271686092,0.617494284687522,0.791868898664884,-0.985369683958035,-0.207695508210448,-0.536928301917431,0.494142851884734,-0.326002500313604,-0.800523516316676,-0.684422976084699,-0.894666522630992,-0.757778983174664,-0.804466674495576,-0.722133608031586,-1.00553084851786,-0.565385630252391,-0.559247717928647,-0.374389587264773,-0.457301332060047,-0.488378971130679,-0.535578881140264,-0.251144375655052,-0.940150463465516,-0.466862369479199,-0.78169417422122,-0.361091310062088,-0.742272368002153,-0.597562997079172,-1.01277899053072,-1.41989396139844,-0.3830563898843,-0.306357809342556,-0.890457490909887,-0.950184227790595,-0.62582241159886,0.670967282150276,-0.594144064245794,-0.427209662751993,-0.884442638278434,-0.726511286645635,-0.518709942838152,-0.310167173709315,1.82911482462239,-0.472497315307328,-0.24790905620166,-0.572367111065056,-0.632421218362915,-0.539991255188735,-0.729222797826837,-0.510050775686776,-0.56503564513667,-0.00887291013206499,0.857724442040311,-1.04938131129347,1.10344378430896,-0.806924516606813,-0.824109659368058,-0.386236372075434,-0.370292957722169,-0.652696741503466,-0.580182792717566,-0.893144250525708,-0.504580611844278,0.608894267135151,1.44096842823183,-0.824988666868521,-0.908370117980451,-0.612012511430763,-0.949267944187187,0.00795347826713042,0.280906348858798,-1.16329464966875,-0.699577466702064,-0.848866007382096,-1.20970090202904,-0.592394335996418,-0.563564816816346,1.25088737480301,-0.415332247460931,-0.421113755047195,-0.556437840594048,-0.749289324826282,-0.864139486256635,-1.27839469908618,-0.434538970011261,-0.540935274554197,-0.715978487558282,-0.466481924852692,-1.07767110647549,-0.71314737154191,-0.467269611423203,-0.194501469039589,-0.612032059829267,-0.42618686188652,-0.515214523200561,-0.563237817945086,-0.652232400369068,-0.433250890230484,-0.900596921249014,-0.628682208598634,-0.96051637736292,-0.622774284236347,-0.440572168037788,3.66891242477441,-0.855693038387631,-0.74594206276323,0.268465026928602,0.335756457262631,-0.680795110743151,0.728382522272127,-0.445041103063912,-0.360394763248112,-1.12185750843372,-1.02769182430152,-0.544945209809633,0.513551329353563,-1.12931857316399,-0.946374554527438,-0.803191037428762,-0.593417558900289,-0.881133953461138,-0.938055876675319,-0.302233326964639,0.324719514220642,0.499962898045248,-0.829949046457886,-0.271128433841758,-0.440422043770802,-0.832999110597407,-0.533884030225674,-0.866575554810563,-0.517026089783175,-0.717586015732752,-1.01100613021998,0.198665463374386,1.18744048344115,-0.529739447900487,0.549556655817226,-0.484444351416916,-0.724735509236815,-0.6893758824698,-0.399898634726296,-0.465400568692601,-0.659554194522494,-0.385588112750294,-0.59156966366512,-0.686166850667112,2.74108808139796,-0.388287405092906,-1.49053808632399,-0.547273332987266,-0.551980064673498,-0.836461434415258,-0.697113880119278,0.875590938916157,-0.526241960762468,-0.927341873000978,-0.872091461738152,-0.889556386155257,-0.0816319277832625,-0.654078746223719,-0.578418903939853,-0.440845057560506,-0.402800957411009,-1.27366017213239,-0.574567391161672,-0.0977675018613415,0.386412307851562,-0.660262121385938,-0.784182116331742,-1.33950734716597,-1.07295113119153,-0.490191614502914,-0.724722993416231,-0.387458469999575,-0.67265289501153,0.282901808537961,-0.306284115295249,-0.279169334461048,-0.208566388305563,-0.826299878399175,-0.721727210801833,-0.876317725753786,0.976137981538079,-0.969552848986112,-0.752576497540583,-0.774127007600307,-0.657239406583379,-0.739571250856207,2.03610677749284,-0.547342081550196,2.51723672740431,-0.400497512029309,0.492939077384151,-0.961280804736148,-0.802317558831034,-0.431584442518366,-0.512606408784544,-0.631943764721935,1.15593368495106,-0.620100662679788,-0.503796517211337,-1.0770163128063,-0.608490425050113,-0.939825400487642,-0.820122660624311,-0.557349591175902,-0.349537728395868,0.928756976780724,-0.670603752641226,-0.362836635108256,0.160548477802929,-0.902564283763228,-1.0669610666387,-1.35873215774737,-0.680703938055349,-0.679399709028993,-0.798624539569438,0.186100460847269,1.3545484371433,-0.479183249951239,-1.01352263814536,-0.654451544220782,-0.175243590557579,-0.942110585579901,-0.873831727472401,-1.09491872168078,-0.453520463080941,-0.475498315316322,0.0582395370186008,-0.632054548348183,-1.00035456820405,-0.605022983692602,0.734739695513731,-1.08443220697467,0.616536639274441,-0.704852117823712,-0.657270497541832,-0.49858944200454,-0.495454091056586,-0.625430816380737,-0.419839307586847,-0.73139551936346,-0.618696368735234,-0.513248218781385,-0.586212932084341,-0.418816240327903,1.43373305875555,-0.419171849570317,-1.10378034554778,-0.504768109875833,-0.503708930529297,-1.19847869296447,-0.924514780586802,0.322649856585077,-0.813303292440974,-0.793665704950216,0.0757015423894628,-0.404812961836128,-0.831170933594364,-0.800640494297979,-1.00352564046401,-0.763076391897337,-0.160063519002094,-0.60699609384901,-0.943549081967018,-0.972280070282039,-0.923566729405713,-0.492093429498443,-1.12976969199847,-0.356127764920938,3.22956869929943,-1.21479747878706,-0.826222229547082,-0.627488378610812,-0.429499750025505,-0.464375891526999,0.381232648035556,-1.06964048874916,-0.455236351660987,-0.742946755276486,-0.582032151080456,1.6500098156072,-0.755829565716357,-1.41625945874523,0.0437765649928667,0.435076706696264,-0.708710560777974,-1.12086668854464,-0.79167821863407,0.118899479324373,1.53468130166411,-0.504623527225731,-0.863563219649252,-1.41377333935745,-0.680117437351813,2.13798124354129,-0.836854594027651,-0.561253030076281,-0.317118795448391,-0.444598034495984,0.259398570667577,-0.869130914118606,1.19197124697099,-0.940150205056253,-0.477833002749308,-0.444516026446464,-0.414352476826801,0.84676682254217,-0.747265772882252,1.65729684237997,-0.430499440370047,-0.201574536434689,1.70874643396764,-0.493593930889384,-0.96499962340129,1.91098003609493,-0.598213055580144,0.312198869019781,-0.614764475187905,-1.16916368490636,0.139519095932742,-0.550813101736474,0.434853618687316,-1.01074181138039,-0.566010699037032,-0.603032598624489,-0.730318235371536,-0.598204255115836,-0.71157305436993,-0.606204342383374,-0.63129034137311,-0.386808567195655,-0.473937637058681,-1.905419118184,-0.675677485964019,-0.799036810595303,-0.764417769029699,-0.735411990123146,0.0392967643342071,0.566893477458471,1.08905685649471,-0.388200013230897,-0.672522450531549,-0.689569785356508,-1.15140774083531,-0.538722496195877,-0.7995406586986,-0.574547412051676,0.827383979243274,-0.380430093207073,-0.834709508043328,0.309330550843718,-0.543996565944918,-0.760805550465173,-0.0278422138043226,-0.653697914574418,-0.658091677882378,-0.719112826150793,-1.08773769552895,-0.0012748261571431,1.93537203076508,-0.580755287411444,-0.836916634773705,0.0984941628259149,-0.740417895485083,-0.591226315601407,-0.517699977761507,-0.508516510850491,-0.839734362004915,2.07013578023866,-0.61052131080658,-0.545495229195593,-0.524254694445744,-0.831984299900153,-0.745395082740569,-0.719523549783808,-0.588297561945064,-1.14485071477297,-0.85534945010494,-0.794015296702858,-0.191461505349604,-0.788184218742662,2.50690339755453,0.151242384978032,-0.384997271978394,-0.997877754173032,0.0875469526667524,-0.593681714206644,-0.792912836073741,-0.598637045425795,-0.757800053491713,-0.694758292889573,-0.55321502257966,-1.1319511214443,-0.392786433490695,-0.761647247973245,-0.411447204834219,-0.485816253127067,-1.26637581039537,-0.137612898901198,-0.608508425207776,0.463931937197224,-0.682642890579754,-0.716476224852673,-0.609571261310305,-0.99456836848483,-0.4791466881953,-0.527848653802147,-0.581450107692442,-0.623221682356157,-0.461287608537367,-0.456566211138298,-0.427345289485462,0.190312652034311,-0.781460697748757,-0.441282341989839,0.897371268714134,0.0786521126440227,-1.0033657221602,-0.569755773406841,0.258172799826574,-0.773643467427534,-0.837555726474759,-0.185273465846723,-0.785445256160296,-0.384272493327475,-0.777454081363004,-1.21732527311908,0.787714161708352,-0.67319351540593,0.267504279755988,-0.601887066668739,-0.600466657719567,0.631398349853224,-1.32455247451741,-0.69871053666764,-0.855651382052597,0.784988447359844,-1.13339019479525,-1.06369493258822,-0.571646636129868,-0.71593825275176,-0.777414105828957,-0.877809728241419,-0.963894975231911,-0.367490929903791,-1.00723720358106,-0.573648085257991,-0.905751916506873,-0.548246753341323,-0.531512547785868,-0.74633402219577,1.18253478606208,-0.513527807859149,0.409560004578144,-0.702854463496712,-0.376085254966847,-0.65323427697639,-0.244458117633583,-0.487170846083124,-0.605815007708669,-0.838746468088768,0.417069406263025,-0.6002692007909,-0.494007793907488,-0.829580232182152,-0.0399660844457025,0.961741792016266,-0.597600263298091,0.80658287224165,1.12028922991613,-0.505226462944271,-0.00372917714679702,-0.755650546229756,0.538913723676439,1.29725717209059,-0.543856568710744,0.70102265481047,-0.250717356579383,0.329221718238201,0.687531853309469,-0.518860584787243,-0.718638772768277,-0.574522884957265,-0.0803829192132126,-0.783162489495666,-0.566224935388611,-0.60068195999903,-0.675382976552414,0.916190777999685,-0.653851689833047,-0.569897592314005,-0.685835715519622,-0.647904522193843,1.5346044801898,-0.569034714136114,-0.507817813873977,-0.536494698185429,-0.768897864954003,-0.585376536065427,-0.622528035985135,-0.454210725594474,0.762046666151459,-0.574696478706447,-0.585994011297183,-0.785105315526192,-0.540641423031425,-0.665426753584578,0.715978322475823,-0.348425147702436,-0.498591251333388,0.924321081983763,-0.831156261607636,-0.622281704570721,-0.782401068500164,-0.789447035739829,-0.557501763870755,-0.505778909237946,-0.624275977269652,1.08011170247367,-0.743846574768942,-0.846638841230125,-0.397363968993432,0.0391520946062077,-1.07695751091064,-0.570408053501685,-1.14684228042207,-0.625888537038413,-0.641289533744246,-0.56888790075037,-0.680264025007797,-0.470465254505972,0.242612517781104,-0.604395814203172,-0.64437704550372,-0.609921532378848,0.839793717499879,-0.61712009938149,-0.363912718313512,-0.421387307249072,0.0668625548948815,-0.530264405273805,-0.73145250418656,-0.569578522132877,-0.436105875668738,-0.631759280520507,-0.406700539566019,0.24144818273496,-0.565998932195026,-0.685817859793634,0.0868728690306309,-0.520238954117215,-0.713193758009176,-0.18131339021887,-0.344789866784545,-0.495183843341153,-0.401813656021688,-0.74095518162433,-0.726611845001168,-0.553693741254614,-0.612887431730709,-0.536600271805562,-0.606291521024171,1.74811775116424,-0.479383335875246,-0.621606511720135,-0.0824283971809786,-0.48805352537329,0.00613718354309112,-0.543434400240448,-0.767155531633286,-0.617518100327603,0.588226070915998,-0.524092166767868,2.58086496125009,-0.71456688213729,-0.796606268568196,-0.598331963886002,-0.491698944574237,-0.703895512265653,-0.300986651422729,-0.683218747620856,-0.813165332182298,-0.251667656003051,-0.472351838475484,-0.494377357867234,-0.975604745971856,-0.766724197739351,-0.823990033085211,-0.926108184691356,-0.558717666256494,-0.379161949641383,-1.02737092254885,-0.149314283248126,-0.614835278634353,-0.623039723737013,-0.812575895131137,-0.441748500440315,-0.788012724473105,-0.515370748508433,0.57595839893223,-0.750713194799017,1.9073294658478,-0.557916730587529,-1.05244496011756,-0.575643008354943,-0.61899979002849,-0.46950194156598,-0.567597101091729,-0.623788878529261,-0.67680156571333,-0.514869524021752,-0.440109756196063,-0.797330693575754,-0.628134209307874,-1.11711648863016,-0.864582352823089,-0.559609290515974,-0.575080500923803,-0.624478446322977,-0.72921406656607,-0.465167799440612,-0.735980601657659,-0.870570227459186,0.157777210820269,-0.528878550032712,-0.442246094950301,-0.590310521918287,-0.597626308220176,-0.535005976446535,-1.16781044382486,-0.86340182998155,-0.882104756219481,-0.599446075410806,-0.518950740640203,"HC"
"Control-13",0.972382697430703,1.90089031938457,-0.573985456718963,0.306288394602967,1.86335248321732,0.388467920327157,-0.489483674713921,1.28926537886727,-0.374965345090661,0.15876251482561,0.249242952900173,-0.427166054873635,-0.642142611977996,0.794861754995232,-0.522805082503363,0.200058892690428,-0.57729235363827,1.57738940790229,0.332108070513148,0.0980372069219374,0.588970626674444,0.692378532371385,1.09921529714025,-0.475422715796573,-0.251265342544946,-0.000744774951878403,1.24798801987105,0.1048482994625,-0.59994073973799,1.68836598380875,0.88246955375499,-0.273021481382214,0.418447109588942,-0.309529644846314,-0.141108460201577,0.108149826059856,-0.497006264132812,-0.559309350558077,1.23495267602586,1.1996788663421,0.935373189386398,-0.377448206963174,0.251279150182219,0.236400310325807,-0.535926408238852,0.648102044862229,1.50188453857668,1.1447416788974,1.10587783958341,-0.419631895983972,-0.483522480096069,1.56684164997735,1.08191543558778,0.747079840184088,-0.559247717928647,-0.374389587264773,-0.457301332060047,-0.488378971130679,-0.535578881140264,0.0260775589789898,1.0165419986226,-0.466862369479199,-0.78169417422122,-0.361091310062088,2.31444415637115,0.186116825465272,-1.01277899053072,0.584534882476928,-0.392394838304025,-0.383936441936882,-0.890457490909887,0.526741763082257,-0.62582241159886,1.0450922244115,-0.594144064245794,0.924169143425905,-0.0443356115673621,0.749617197080546,-0.518709942838152,-0.310167173709315,0.288893646241943,-0.472497315307328,0.452395554616824,-0.572367111065056,1.01808221250781,-0.539991255188735,1.81740512741159,-0.510050775686776,-0.56503564513667,1.44088934926656,1.75738468545461,-0.181196018269783,-0.439395440768505,0.293026199612327,0.490249383037172,-0.386236372075434,-0.370292957722169,-0.15813560527678,-0.580182792717566,1.31888571538493,-0.504580611844278,2.22973054582399,-0.705287013096003,0.544869059005626,-0.908370117980451,-0.612012511430763,1.40017040798722,0.453356972369726,1.850324548951,-0.101368302859712,-0.699577466702064,-0.848866007382096,0.00911552780798104,0.910110914015262,1.21646105830571,0.993945467267041,-0.415332247460931,0.264050349597283,-0.556437840594048,-0.749289324826282,0.270558241158678,-0.0785819717443771,-0.434538970011261,2.24245475966196,-0.103600339986833,-0.466481924852692,0.445438047484436,-0.71314737154191,0.482229784193823,-0.297075623776165,-0.612032059829267,-0.42618686188652,0.387115414148709,-0.563237817945086,-0.652232400369068,-0.433250890230484,-0.361936739879144,-0.628682208598634,-0.96051637736292,-0.622774284236347,0.431922417294256,-0.521167552986871,1.37263504179988,-0.74594206276323,1.57126925965594,2.73202554553645,0.229333004790802,0.850350271347327,-0.445041103063912,0.771019999212415,0.0129687611541446,-0.17529635912955,-0.544945209809633,0.425490372860384,1.07108138623872,-0.180699689753199,1.21648040622864,0.141988936237325,-0.498886650701717,1.86912047389854,1.72682204386764,0.860792220986869,1.7971822080098,0.625108855147138,1.46557133025773,-0.440422043770802,0.815848695759918,1.64508632964679,0.135206539002503,-0.517026089783175,-0.717586015732752,0.765117419440648,0.732320496411137,1.74393832142223,1.20442211737129,1.57271282823555,-0.484444351416916,-0.724735509236815,0.371789231178608,-0.399898634726296,-0.465400568692601,1.79719641462019,-0.270865804388501,0.50724906449188,3.01789351539781,1.009572765567,-0.388287405092906,1.37078158262902,1.13715672305159,0.754249282301494,-0.124368027203482,-0.697113880119278,2.05260381249722,-0.161341099080141,0.0939603227317111,0.815056229699903,1.14262763931493,0.841988150254682,0.0461698428761702,1.2399947674597,3.41559223431286,-0.402800957411009,0.418237827314999,-0.574567391161672,0.212274975002379,-0.403108015327816,0.428083500813635,-0.257113353506189,1.52246512938578,-1.07295113119153,-0.490191614502914,-0.724722993416231,-0.387458469999575,0.55943586768458,0.727625010158425,-0.507013015204442,-0.361327796190189,1.30298299049702,1.16264988975662,-0.721727210801833,0.873522298475603,-0.425794629713857,1.09084315957249,-0.157924069470179,1.42799622572203,1.38400504861392,1.37595451761954,1.01712111030293,1.11020462021804,1.86406054566387,-0.400497512029309,1.42999619970847,-0.276878693758483,0.93040192900388,1.98151772196872,1.16984914453403,1.34112674995337,-0.579507915169398,1.91699273547745,0.238052167163161,1.71193852874025,-0.538641522722998,-0.372811014478107,1.04203732544731,-0.557349591175902,0.421768751261831,-0.927289215684001,0.610373310662403,-0.362836635108256,1.38723090549292,0.194165802512859,-0.24972108634838,-0.437514218456306,-0.680703938055349,-0.190584574524541,0.890200616269017,1.50287131766964,1.26302401221068,-0.479183249951239,-0.722949792075945,0.271769765909021,0.667936516424854,1.30823803032632,-0.562845780587167,1.46769889084336,-0.453520463080941,-0.475498315316322,1.56896588566069,1.00791419573636,0.152259924836828,-0.605022983692602,-0.455105376031425,1.85393464163435,1.19418371015069,-0.704852117823712,-0.0492738956455448,0.120254159354517,-0.495454091056586,-0.0322318084929417,-0.419839307586847,-0.73139551936346,-0.618696368735234,-0.513248218781385,-0.586212932084341,0.489873877212704,-0.637586357654596,-0.419171849570317,0.774154520299851,0.166490283701122,-0.503708930529297,1.24999466561828,1.24307218939761,-0.462847313609186,-0.813303292440974,1.74861610239304,1.04974972743032,-0.404812961836128,-0.831170933594364,1.76874295386712,1.0313312956837,-0.763076391897337,1.61725101205981,1.7260138289773,-0.141828542056976,0.597577690522189,-0.923566729405713,-0.492093429498443,0.810908429044165,-0.356127764920938,3.59760590505061,-0.400165281004717,0.0985094616808073,-0.20077677502196,-0.429499750025505,-0.464375891526999,1.4185139126242,0.0200599350387577,1.31268971946698,0.801432934948494,-0.582032151080456,0.691409684613221,-0.755829565716357,0.372886672440683,1.38577483540241,1.2229264808306,-0.708710560777974,-1.12086668854464,0.159006074171272,-0.809608919621213,2.71803823485876,-0.504623527225731,1.58598872110825,-1.02941485500821,-0.680117437351813,-0.466764426657629,0.201725862252937,-0.561253030076281,0.505777966985408,-0.444598034495984,0.899253409846554,0.506789116577393,0.745815437827179,-0.416398745820426,-0.477833002749308,0.528396845539126,2.59820753954367,0.863964279303271,0.818820043295324,-0.618950848071241,-0.430499440370047,0.398694895105948,1.23451775820524,0.553792796348924,2.24041263604182,1.75791708772244,0.154864207542216,0.377773573448625,0.659340816422463,0.333795116309926,2.36433167114254,1.63193768676499,-0.0548207795198045,0.307535618053731,0.666234382981662,1.39060608303965,1.52123433596211,-0.166634053764906,2.1654384868944,-0.606204342383374,-0.63129034137311,-0.386808567195655,2.36598107947863,-0.464191792313791,1.5312004569784,-0.799036810595303,-0.764417769029699,-0.735411990123146,-0.858462959667144,-0.0359494424586912,0.438973282289873,0.942515197919853,-0.672522450531549,0.262767753319487,0.846713333247946,-0.538722496195877,0.558444107481607,-0.574547412051676,-0.819944378140991,3.1367798281452,-0.383562847247479,0.513472189079658,-0.543996565944918,-0.760805550465173,1.11624132544694,0.113287270049052,-0.100967973613651,-0.719112826150793,-0.440246611527479,-0.814187642569382,-0.775032802607551,0.455484389130085,-0.836916634773705,-0.0391171715062879,0.544036483075115,0.556828949961049,-0.517699977761507,-0.508516510850491,1.35780588083548,-0.521979735973987,0.455913507180468,-0.545495229195593,-0.524254694445744,-0.831984299900153,-0.745395082740569,0.0437565935054378,0.521953941449711,1.03163040849563,0.831845175441722,0.025548830220038,-0.34962303844468,-0.788184218742662,-0.495614760728454,0.218196129874305,1.18824728973153,-0.997877754173032,1.48034465836437,-0.593681714206644,-0.792912836073741,0.0886072908278516,1.79598225260161,1.42280559298519,-0.55321502257966,0.947431197998033,-0.392786433490695,-0.761647247973245,1.07210645447364,-0.485816253127067,0.592651862794906,0.164923847877536,-0.608508425207776,0.643072304845959,-0.682642890579754,2.25174995660595,1.84172065980533,0.179892762929945,1.74839486004727,-0.527848653802147,2.21178801158511,1.50015144391492,1.13266323854154,-0.456566211138298,0.158813734789182,1.88826422128643,1.03209355454451,-0.441282341989839,1.54635026380217,-0.693610145686299,-0.0819793431339967,-0.569755773406841,0.36832882895277,0.642985358561737,-0.837555726474759,0.866955545847477,1.77217726174236,-0.384272493327475,-0.0692404095621276,-0.149721754301969,0.804641832902545,-0.67319351540593,-0.620494342313918,0.204109078499686,2.18350131866293,-0.790780584303657,-0.236289418684484,1.68102183156993,0.948567629313886,1.53739051915858,-0.307901254689683,-0.438907221639771,-0.571646636129868,-0.71593825275176,0.354868740607227,1.32715227397104,0.556310642094198,-0.367490929903791,-0.176138140173253,1.1473443935502,1.27734079952328,-0.548246753341323,0.0688458163815809,1.93475305287035,0.0143222206146332,0.170176417773443,-0.410458854850929,1.4939155311481,0.538413180033926,1.19500489534758,1.2445660198809,0.412834052418284,1.42286997750786,0.781760018485741,2.11127836027252,1.32000256000382,0.734704920838385,0.290706622685548,0.604475144260559,1.64564385828952,2.47174428418003,1.03238434076175,1.67936718453704,1.64053528445697,1.42867038308634,2.06692215948395,1.57129390948789,1.73872933172476,1.78554159070966,2.26305242817926,1.16428114935861,1.353531846834,2.45528886098245,-0.518860584787243,2.16042804005887,1.33615754545184,0.91531333534803,1.41545262420877,1.86533840832626,2.07786194125159,1.33271518811982,0.931937318096235,0.488043890019376,2.44330556043469,2.24066000580067,1.52179058445331,2.55362555811891,1.31890733714629,2.49303527646549,2.1308172121918,1.71631432220248,0.278199649213715,1.20412865930453,-0.454210725594474,2.00848048616211,1.22613837860687,1.581050234136,0.940128695287168,1.66800888338502,0.121727056595491,1.38833942607232,-0.348425147702436,-0.498591251333388,1.35993490068661,-0.0856774011544335,-0.622281704570721,-0.782401068500164,0.454630569107089,-0.557501763870755,-0.505778909237946,-0.624275977269652,1.06483412285583,-0.266822346512794,-0.846638841230125,1.54856465720575,0.125424117349137,-0.0724645655705216,1.25999677260874,0.187082446634898,-0.625888537038413,-0.641289533744246,-0.56888790075037,0.047242499290009,-0.470465254505972,1.05320120325414,-0.604395814203172,-0.64437704550372,0.681155455544914,0.366100182341124,-0.61712009938149,-0.363912718313512,-0.421387307249072,1.48266505769205,1.46446030542837,-0.73145250418656,-0.569578522132877,-0.436105875668738,0.608795962086771,-0.406700539566019,0.631143931738208,2.65072581080431,-0.685817859793634,-0.0555583587198377,0.394331065443383,-0.713193758009176,-0.991190188200663,-0.344789866784545,1.57090892337578,0.0478866242767441,1.82854360672028,-0.0900386914909922,0.53795878972982,0.792774017609769,0.305245432579044,-0.606291521024171,0.471232083865083,1.84748678672929,1.41406163632375,1.41258451187986,-0.48805352537329,1.35700689538414,1.58593264475868,0.893970914825817,1.40945564916905,0.387571239855022,0.555290560887832,2.68199950963645,0.336979476052887,0.859870498989908,0.989985450530462,1.99054140103668,-0.703895512265653,0.61784269471129,-0.683218747620856,0.288809213280733,0.120146298043759,3.84804620874236,-0.494377357867234,0.293973554402449,-0.766724197739351,-0.823990033085211,0.822582819569979,1.58397375552408,0.504093100044123,0.802065631606911,-0.16699479909386,-0.614835278634353,-0.623039723737013,0.496508971501814,-0.441748500440315,-0.788012724473105,-0.515370748508433,1.27379834947522,0.516173045312466,1.44871058611551,2.1270130474026,0.670758026613917,0.44735866880903,2.1333365631639,-0.46950194156598,2.70469550538001,0.0197693719349555,0.492872036031771,1.81898721641381,0.526491676687413,1.16235327807468,-0.628134209307874,0.507514857076448,-0.0866673499599779,-0.559609290515974,-0.575080500923803,-0.624478446322977,-0.72921406656607,-0.465167799440612,-0.735980601657659,0.944648067390711,0.758464092325637,-0.528878550032712,-0.442246094950301,-0.590310521918287,-0.597626308220176,-0.535005976446535,0.223997070847515,1.07428917074991,0.702494057181212,-0.599446075410806,-0.518950740640203,"HC"
"Type-Unknown-3",-0.555592417576326,0.527689298085846,1.08670364637642,0.353193801360546,0.139814456421007,0.45463609792053,-0.489483674713921,0.451024804690889,-1.01739960759504,-0.587392633752342,1.85159548132724,-0.427166054873635,0.513429479514331,0.688423771361926,-0.522805082503363,1.60342211398754,0.948668822982265,0.300994168247628,1.80894534533213,3.58862577193294,0.732338067439512,-0.756759621065685,0.863022169779158,1.41190034094536,-0.0554193315336197,1.14634461141804,1.18908257715265,-0.886090803404096,1.72577824610313,2.74681707470164,2.24358239327171,1.32246558587541,1.13260630420276,0.95437806445103,0.182927234273866,0.670287378674532,-0.497006264132812,0.854599457018607,0.651106399895504,0.639904657379339,-0.185624276514359,1.34657827764354,0.62899630858364,-0.536928301917431,-0.535926408238852,1.17342941457318,1.22834565666967,-0.684422976084699,1.07414625483531,-0.757778983174664,1.44172917490177,0.817361855306402,-1.00553084851786,0.91670804238846,-0.559247717928647,-0.374389587264773,-0.457301332060047,1.13357891206606,-0.535578881140264,0.26850841211461,-0.940150463465516,-0.466862369479199,1.52607979618813,-0.361091310062088,-0.742272368002153,-0.597562997079172,0.153707105866149,0.977382261847887,0.389211678099342,-0.0662305333228513,-0.890457490909887,-0.950184227790595,1.03118817317031,-0.811355606421236,1.5734857971562,-0.427209662751993,0.545345045111852,-0.726511286645635,1.03425645743283,-0.310167173709315,0.449111408639272,-0.472497315307328,-1.33974894891408,-0.572367111065056,-0.632421218362915,-0.539991255188735,-0.729222797826837,-0.510050775686776,-0.56503564513667,0.732191587804391,0.861237341150708,-0.437552934426968,-0.439395440768505,0.170062076494343,0.739419533610108,-0.386236372075434,3.01061406555645,0.324763290362197,-0.580182792717566,0.197385920008995,1.32268367710997,-0.946777991831266,-1.00272583549808,0.9723089856306,1.30979521653959,-0.612012511430763,-0.949267944187187,0.743399742140788,-0.877494153250386,0.952635005836967,0.989850142039114,1.69953839929026,0.24394384778161,-0.592394335996418,3.00780614835415,0.834191458377646,-0.415332247460931,1.66194528350364,-0.556437840594048,-0.749289324826282,2.89240256590859,0.470292609125205,-0.434538970011261,-0.540935274554197,0.391779862033427,-0.466481924852692,0.688204375436899,-0.71314737154191,2.15321572210106,0.176202665672413,0.745295053500074,-0.42618686188652,2.02337240683814,-0.563237817945086,0.3788920436808,-0.433250890230484,-1.24113329272812,-0.628682208598634,-0.246050135461902,0.549865599422158,0.198180306573132,-0.521167552986871,0.120764668922081,0.954460631578048,-0.180554176678296,-0.315612257608069,0.127589259365249,-0.630959826187288,-0.445041103063912,-0.360394763248112,0.455517568417155,0.385902328902756,-0.544945209809633,0.134884013335338,1.1342345533391,-0.946374554527438,-0.803191037428762,1.48939105631733,0.608953833237966,0.0932353654321415,-0.168024859855285,-0.681673455261695,-0.797373187578022,0.757470475850938,0.318162386481432,-0.440422043770802,0.0225582453908169,-0.533884030225674,1.83285903813633,-0.517026089783175,-0.717586015732752,0.798890202659666,1.09755603293999,0.563872405561889,-0.529739447900487,0.951244080015037,1.44120288639552,-0.724735509236815,0.491454449225022,-0.399898634726296,2.75406674419722,1.40934822754797,-0.384485197627525,-0.59156966366512,-0.686166850667112,-0.567826653865324,-0.388287405092906,-0.479979946228891,1.6569959931829,0.942204294954752,1.63971966745712,0.460864946323405,0.0394655186846077,0.965214566246091,-0.0248181603277692,0.480454832623081,0.549158797648303,0.455117395534315,2.90993288942274,0.518302355816082,-0.440845057560506,-0.402800957411009,0.72083649145249,1.58407729424277,0.62114947026904,2.01303826976254,-0.660262121385938,1.00328866357943,0.310137961952896,-0.0411371756057549,1.14733892626649,-0.724722993416231,-0.387458469999575,-0.67265289501153,2.08056392968089,0.844809275458569,0.330462669273956,0.302693331009698,-0.826299878399175,1.10929524051896,-0.876317725753786,1.07557825449141,-0.0723852099728644,0.422705866385949,-0.774127007600307,-0.657239406583379,1.61309278842447,2.37018213512572,-0.547342081550196,1.06633317243863,3.19877078201245,0.811725209310252,0.386658233443585,-0.802317558831034,-0.431584442518366,1.07861436662795,-0.631943764721935,-0.579507915169398,-0.620100662679788,-0.503796517211337,0.734750115048913,1.15277629703203,-0.146424451309091,1.03959549284675,2.04122026057161,0.136905674828325,0.331146434571829,-0.670603752641226,-0.362836635108256,0.913651261848295,0.99703698289167,1.73891329114501,0.124649271074487,-0.680703938055349,0.978339909272468,-0.798624539569438,1.57577486373979,2.56397677505111,-0.479183249951239,-0.235593183384406,1.15163212290106,-0.755865250545603,-0.942110585579901,-0.00870434192564774,-0.357760400462109,-0.453520463080941,-0.475498315316322,0.65553700215191,-0.632054548348183,-1.00035456820405,-0.605022983692602,1.08226187591046,1.19098921260001,-0.126916091048625,-0.704852117823712,-0.657270497541832,-0.49858944200454,0.826687356058117,0.546978980265547,-0.419839307586847,1.32343915822937,-0.618696368735234,-0.513248218781385,1.33323720591262,-0.418816240327903,2.70341673754369,-0.419171849570317,0.976192984460536,-0.504768109875833,1.26495001980387,0.405296198480062,0.365512062027052,0.601210103436964,0.890323942602921,1.52153922583416,0.370529943727871,-0.404812961836128,1.59005408379407,-0.800640494297979,-0.41888646929692,-0.763076391897337,-0.326150418639343,2.05062378701065,0.296811398623064,-0.279153285405545,0.836661960005004,-0.492093429498443,1.05250091986242,-0.356127764920938,-0.426152405790388,0.970008670680216,-0.826222229547082,1.22400087077642,-0.429499750025505,1.07556189354456,-0.886517603314692,-0.0480940128858081,-0.455236351660987,0.188499189089633,-0.582032151080456,0.622140850608232,1.36408355980481,1.28749860594351,0.539205002886251,1.64546174328255,1.30282212446736,0.383346634243927,0.151254277055594,1.01343542456728,0.465059946123034,-0.504623527225731,0.249370190756046,-0.36103557655341,1.68745551635662,1.81775914972217,-0.836854594027651,-0.561253030076281,0.417267725608226,-0.444598034495984,0.0751096939597887,-0.869130914118606,1.98455638578134,-0.940150205056253,-0.477833002749308,0.0211123121770551,-0.414352476826801,1.40435441391755,-0.747265772882252,2.14942312221339,-0.430499440370047,1.33338514429392,-0.77458771809739,-0.493593930889384,0.212594220972541,-0.558555906049502,1.49676187909169,0.256138882730902,0.343974976782749,0.337473438878054,-0.391621382432874,-0.00728930637442244,-0.747997090271536,-0.151373717457409,-0.566010699037032,-0.603032598624489,-0.730318235371536,-0.598204255115836,1.15953567129646,0.531902179740437,-0.63129034137311,-0.386808567195655,-0.473937637058681,0.534793186491677,0.434340037934721,2.91084025082849,-0.764417769029699,-0.735411990123146,1.1732871237691,1.15962636849651,-0.0365927085790204,2.23266125098607,-0.672522450531549,-0.689569785356508,0.121420590212944,1.21169543198,-0.7995406586986,0.898360864797095,-0.819944378140991,2.83248189032627,-0.834709508043328,1.12092741223873,-0.543996565944918,-0.760805550465173,0.469028232329216,-0.653697914574418,0.891762836533984,-0.719112826150793,0.187504585287707,-0.814187642569382,-0.775032802607551,0.869214172324093,1.87004111960346,-0.689391508662824,-0.740417895485083,-0.591226315601407,1.04203981099821,-0.508516510850491,0.592813846470017,2.07500010561857,2.60184969922591,1.45638993157955,-0.524254694445744,-0.831984299900153,1.34208038924686,-0.719523549783808,-0.588297561945064,1.12177918278838,0.349300102233737,-0.794015296702858,-0.228704319814003,0.734142683754307,2.44317054120295,0.955864593165846,0.824989101835626,0.400040796800612,0.570177725942776,-0.593681714206644,-0.792912836073741,0.759645726122356,-0.757800053491713,-0.694758292889573,-0.55321502257966,0.311337720145254,-0.392786433490695,-0.761647247973245,-0.0464888697467209,1.74606278403523,-0.0284067168790493,0.782725791068623,-0.608508425207776,-0.616708057714315,-0.682642890579754,0.594061023366985,1.18072071655379,1.46067518639695,-0.4791466881953,-0.527848653802147,-0.581450107692442,1.10851387400085,0.909407235091999,-0.456566211138298,0.273528375196429,-0.700994220451814,-0.781460697748757,-0.441282341989839,-0.0380271143702095,1.07950736568253,0.166261824965751,-0.569755773406841,0.44745673013776,-0.773643467427534,1.44397750215165,0.753778476668499,-0.785445256160296,-0.384272493327475,-0.777454081363004,0.137659392257547,0.484954343639082,-0.67319351540593,1.86502631753217,0.991099037639349,0.799816148876098,-0.616055478357945,0.615624637314523,1.28700557860587,1.80161006387657,0.956139570057952,0.230295414675106,-0.149867781340591,-0.571646636129868,0.461487381683134,-0.777414105828957,1.01731572706001,-0.00340619555688607,-0.367490929903791,-1.00723720358106,-0.573648085257991,0.812269602377622,0.971141691418877,0.671580922617997,-0.74633402219577,0.128171670570001,-0.513527807859149,0.927171994128092,0.901548367821402,-0.376085254966847,-0.65323427697639,-0.751527203204582,-0.487170846083124,-0.605815007708669,0.0306165280027798,-0.512995918425756,0.31242502434704,-0.494007793907488,0.0134138377414216,0.772550653498285,-0.682378934286747,1.64408416168467,-0.561688757941423,-0.775810477487309,-0.505226462944271,0.975335283312116,-0.755650546229756,0.297736620290896,1.09968018481671,-0.543856568710744,0.618737538051582,0.3937367626814,0.882887010454953,-0.69252288453592,-0.518860584787243,-0.718638772768277,0.863226978263355,0.352410094363458,-0.783162489495666,0.785928623322873,-0.60068195999903,0.660415919048093,-0.653790722557568,0.478732972684048,0.862260695293688,-0.685835715519622,0.722941488042518,0.619483451321156,-0.569034714136114,-0.507817813873977,-0.536494698185429,2.06210137432076,1.12141185418623,0.860348578387297,-0.454210725594474,-0.564900394388196,-0.574696478706447,1.19987817627377,0.212283917630793,-0.540641423031425,0.436006641327341,-0.539307094691963,-0.348425147702436,-0.498591251333388,-0.523080667456721,1.22626097245023,-0.622281704570721,0.466133809131061,0.76588501769657,-0.557501763870755,-0.505778909237946,-0.624275977269652,-0.743774131603622,0.198953178785143,0.529437296265007,-0.397363968993432,-0.133922318786044,-1.07695751091064,0.713306198698595,1.18277683242592,1.41026051455588,-0.641289533744246,1.82899140148179,0.337707266644336,-0.470465254505972,0.854260617447599,0.759171807668646,-0.64437704550372,-0.609921532378848,-0.619881066592517,0.802382489345979,-0.363912718313512,-0.421387307249072,0.218351763548718,1.40323064408306,0.306856539725272,-0.569578522132877,-0.436105875668738,-0.631759280520507,-0.406700539566019,-0.673273035311341,1.56078694007461,0.42987992057112,0.214045964429677,2.02288335511384,-0.713193758009176,-0.991190188200663,-0.344789866784545,0.960835043495201,-0.939394475450667,-0.74095518162433,-0.726611845001168,-0.553693741254614,-0.612887431730709,-0.536600271805562,-0.606291521024171,0.880527468161218,0.484825023068595,2.20791223270385,0.794344599987759,-0.48805352537329,0.0077737857117207,-0.543434400240448,-0.767155531633286,0.96901385917589,-0.563722602978791,0.5465711628799,-0.469274127030998,0.97849739280978,0.783980809795814,0.405190873894831,1.0766178497088,1.48226443682274,0.97131758346218,1.18876211756807,-0.813165332182298,0.815139007662277,-0.472351838475484,-0.494377357867234,0.727030620278189,0.28688932333244,1.71562132315662,0.0938258817430417,1.05361595560899,-0.379161949641383,0.53088756770162,0.216813559208361,0.743580404589232,-0.623039723737013,0.68323316145728,2.41511404193671,0.00820728510605533,1.14126269236159,-0.0713877363462864,-0.750713194799017,-0.807101569604255,0.400134678091377,-1.05244496011756,-0.575643008354943,0.596217343025415,-0.46950194156598,1.68246413233333,-0.623788878529261,-0.67680156571333,-0.514869524021752,-0.440109756196063,1.53386116483745,-0.628134209307874,-1.11711648863016,1.00318781914036,0.896517666318491,0.799851205542568,-0.624478446322977,0.21275011380284,-0.465167799440612,0.107715208306501,1.19925619810872,1.42128491992013,-0.528878550032712,-0.442246094950301,-0.590310521918287,0.679583877431314,0.896170815255971,0.599501345721927,-0.86340182998155,0.525350844571316,-0.599446075410806,-0.518950740640203,"HC"
"HD-17-1",-0.555592417576326,-0.665330012844802,-0.874316134855906,1.14610646472418,0.0997977323138275,1.22164797596138,1.56149480114199,0.701315162967195,0.132409597722337,-0.587392633752342,-0.5360100599205,-0.427166054873635,-0.642142611977996,0.0946599049626567,-0.522805082503363,1.11133345155132,-0.57729235363827,-0.951756607893985,-0.496697729346053,-0.533225338772386,0.849560934280826,0.507837881975933,-0.72953949609161,0.396938111146266,0.888970733708518,1.05351831734343,0.80215588948726,0.330982085424905,-0.59994073973799,-0.572265270403078,-0.449126948447106,1.47733012335215,0.0427704148269796,-0.309529644846314,0.92159638723021,0.215270237773189,-0.497006264132812,1.19153176881384,0.844215845933833,1.00726411278266,0.0765818693703014,0.0679773155483186,1.16536630548771,3.58056348932264,1.54474835758478,0.564542475562157,0.452045592528262,-0.684422976084699,1.13232700306019,0.404231460894176,0.298427657535663,-0.722133608031586,1.78815001177083,-0.349495554743712,2.61738982707352,3.13794726711748,-0.457301332060047,-0.488378971130679,-0.535578881140264,1.06920411945681,1.06649356497108,-0.466862369479199,1.2526771513008,-0.361091310062088,1.53248733510568,0.760320908802046,0.636039082049212,0.238280881836568,1.3863146236286,1.27371674535497,1.61054929574757,0.668664274081185,0.831952083471114,-0.811355606421236,1.31668606510144,-0.427209662751993,0.564343424485583,-0.726511286645635,2.18143711351203,-0.310167173709315,-0.824570369406007,-0.472497315307328,0.573827290286028,-0.572367111065056,1.48091540465541,1.30459287886088,-0.729222797826837,-0.510050775686776,-0.56503564513667,0.775997609774614,-0.0676150128917509,-1.04938131129347,2.66035138870686,0.40287649114581,1.50036007166815,-0.386236372075434,-0.370292957722169,-0.652696741503466,-0.580182792717566,1.45577148856349,1.75811796950498,1.15065286058298,1.07040552750552,1.10201020979037,-0.0769586766816119,1.71038820043747,-0.949267944187187,1.38150880776793,0.298501378833696,0.390107110281038,1.83864200522409,0.782363051891741,0.780975105215785,1.37339346488815,-0.563564816816346,0.634361303311395,-0.415332247460931,-0.110575680317975,-0.556437840594048,-0.749289324826282,0.0705377458006389,1.04969149387684,2.20253146929376,1.595805332247,0.998847833922999,-0.466481924852692,0.0321729723864826,0.966166294960853,-0.467269611423203,-0.781783811545767,1.74795641701157,-0.42618686188652,-0.515214523200561,0.932119770551292,-0.652232400369068,-0.433250890230484,1.20640414315013,0.751089402817495,1.28833189699152,1.39787160139818,1.06577218767957,3.63424298627421,0.357782167018961,-0.74594206276323,0.367847669413575,1.84306106245436,1.68961893296737,-0.630959826187288,-0.445041103063912,-0.360394763248112,0.268645490163371,1.0010116450778,-0.544945209809633,0.973663556633664,0.44531627556214,1.4966757452054,0.860459879474753,-0.0228946257634502,-0.881133953461138,-0.938055876675319,0.72273902009565,-0.0699915701849163,-0.797373187578022,1.22641135617214,0.863166430165096,-0.440422043770802,0.226436258089945,-0.533884030225674,1.70204445312668,1.10404287142037,-0.717586015732752,1.0794709882836,-1.19702951435578,0.584962234333813,-0.529739447900487,0.410585611013073,2.83375352202531,1.44032141512411,-0.443614988656234,5.60167557062965,-0.465400568692601,-0.659554194522494,-0.376661121694194,1.31235617890772,-0.686166850667112,-0.567826653865324,-0.388287405092906,0.614729652309078,-0.547273332987266,1.298266148336,0.57981188020739,1.68278286123824,0.757999684248541,1.09372112477273,0.762932554792826,0.578060763319912,-0.889556386155257,0.287557942651377,1.75225921971497,-0.578418903939853,-0.440845057560506,-0.402800957411009,0.00301354093526584,0.983240325179884,-1.00968339934822,0.0482925216457785,0.536774810455907,-0.784182116331742,0.214197608301978,0.72106670099713,-0.490191614502914,1.5324877886014,1.81652594254033,-0.67265289501153,-0.0994112857293091,0.684309849018162,0.200602270897058,0.859766724650268,1.63085646805314,1.1336250480674,1.46164813915042,-0.875446007171464,1.48732623341444,-0.752576497540583,0.458207497251056,2.38478060332488,0.848892923109063,0.50957699151286,1.48845925765846,1.46883740783411,-0.400497512029309,0.18242476558516,0.703800084867639,-0.802317558831034,-0.431584442518366,1.05760692565669,1.20655449839572,-0.579507915169398,2.16380728765652,-0.503796517211337,-0.33899848097936,0.423636853309018,0.439663065622178,-0.0354033518020357,1.31793455997488,1.0235360014149,1.01436731233276,-0.670603752641226,-0.362836635108256,0.432041407657388,-0.902564283763228,0.878416893797147,0.53459305053981,1.9168273381701,1.00036721202323,0.678311092875741,-0.58636397201414,-0.590419110099479,-0.479183249951239,-0.116004593333,0.364269983820614,-0.755865250545603,-0.942110585579901,1.39782230348308,0.440782758869888,-0.453520463080941,-0.475498315316322,1.01760664204582,-0.632054548348183,0.718329949495711,2.03502186821754,0.211321568731899,-0.359234774757085,1.21168072447206,0.944979382739966,-0.657270497541832,-0.49858944200454,-0.495454091056586,1.85387041399454,-0.419839307586847,0.331286283405307,1.02525162121999,4.30726925161337,-0.586212932084341,1.80510890597888,-0.637586357654596,-0.419171849570317,0.689075135230881,2.7129987499662,-0.503708930529297,1.0216456165414,0.669028385588514,-0.519216252197325,1.01326548074484,0.475023854957639,-0.816725390488356,1.31881569530838,0.937043725306093,-0.800640494297979,-1.00352564046401,0.909602975025177,0.717612298498557,2.32910474648252,0.578504151063052,-0.113982229999295,1.60108491527109,-0.492093429498443,0.0970875854229861,-0.356127764920938,1.52684600337272,1.11737035213398,1.19611447913891,-0.627488378610812,-0.429499750025505,-0.464375891526999,0.0916856207381886,0.449073630984087,-0.455236351660987,0.410461336624066,1.2054163644124,0.016901444392215,2.07567097056512,0.643596209541806,0.764601393350652,-0.796526001879866,2.31344404572213,1.81875527581936,-0.79167821863407,-0.809608919621213,1.77291267448431,2.06783754432122,0.115553000435785,1.38541606154709,-0.680117437351813,-0.466764426657629,0.364362889745243,0.783450662307531,0.723375422045904,-0.444598034495984,0.283813425388102,0.264246808204432,1.65936344248819,-0.940150205056253,1.6428596346308,0.570734369307418,-0.414352476826801,1.56832894605063,2.05921025863269,-0.618950848071241,1.58069386105146,2.048239135741,-0.77458771809739,-0.493593930889384,-0.96499962340129,-0.558555906049502,-0.598213055580144,-0.710284973869927,0.57244112554054,1.10502693166822,-0.214026351126367,0.247571983865261,-0.747997090271536,0.0508176136353796,-0.566010699037032,0.677941499527349,-0.730318235371536,0.458019208366614,0.638731435602679,2.1541747840249,-0.63129034137311,2.58256758599313,1.41267015932209,1.09488581859103,-0.675677485964019,-0.799036810595303,-0.764417769029699,0.831742381640923,1.42745661377406,-0.889325548542612,1.00389523911,-0.388200013230897,2.12003992488479,0.659396174199277,1.43336317542953,0.724484262087317,1.11075635209444,-0.574547412051676,-0.819944378140991,-0.380430093207073,-0.834709508043328,-0.895298276157752,-0.543996565944918,-0.760805550465173,-0.403042322761393,-0.653697914574418,-0.658091677882378,-0.719112826150793,1.10970851436799,-0.814187642569382,1.59174138872563,-0.580755287411444,0.109686072847576,1.54521467281735,1.24320639936767,-0.591226315601407,-0.517699977761507,1.61826501270408,-0.839734362004915,-0.521979735973987,-0.61052131080658,1.21568671874205,3.86111020356777,0.687512376704738,-0.745395082740569,1.53904075196148,1.33543787767026,1.20677612640966,0.413423116356539,0.626045429338203,0.97567983760579,1.88464160553978,-0.495614760728454,-0.219808380921319,0.300994898522618,1.08038171983322,-0.677053451143998,-0.593681714206644,0.778166636333948,-0.598637045425795,0.503961317731831,0.711976524259264,3.41017529916982,0.839356911641403,-0.392786433490695,1.93174242186122,1.30095542719966,1.4777055048886,1.01167929752258,0.586680392879349,-0.608508425207776,-0.616708057714315,1.85240214203087,-0.716476224852673,-0.609571261310305,0.663155114414702,-0.4791466881953,-0.527848653802147,-0.581450107692442,-0.623221682356157,0.394748299204899,-0.456566211138298,0.913370151567469,1.11364645827403,-0.781460697748757,4.36141199166452,0.424132376767206,1.49668481541891,1.14867528629987,-0.569755773406841,0.277081080146395,1.65830302325439,0.681794763480488,1.58960756606898,0.719859355437508,-0.384272493327475,0.277980585182424,0.959265617294143,0.813524534576298,-0.67319351540593,-0.620494342313918,-0.601887066668739,-0.600466657719567,0.980358056978592,1.48916222957021,-0.69871053666764,0.639839525417142,0.840289768361567,0.688041300698412,1.41242468533979,-0.571646636129868,2.45598833502277,1.28908884606454,-0.192698477981391,-0.963894975231911,3.11650930511057,0.7831789711277,2.7832752013258,-0.905751916506873,-0.548246753341323,2.57546212146952,-0.74633402219577,0.343847994309917,1.15976762109942,-0.410458854850929,-0.702854463496712,-0.376085254966847,0.669888583346733,-0.751527203204582,-0.487170846083124,-0.605815007708669,0.999700081929955,-0.512995918425756,-0.6002692007909,-0.494007793907488,0.214298038537813,0.0557352596172598,-0.682378934286747,-0.597600263298091,-0.561688757941423,-0.775810477487309,-0.505226462944271,0.151468799500206,-0.755650546229756,1.109331309911,0.8599554577808,-0.543856568710744,-0.799784033987206,0.779383413428773,-0.547914033241979,1.57542389205308,1.43762224083894,-0.718638772768277,-0.574522884957265,-0.766028616235394,0.987299891049627,-0.566224935388611,-0.60068195999903,-0.675382976552414,-0.653790722557568,-0.653851689833047,-0.569897592314005,-0.685835715519622,-0.647904522193843,-0.664556936026652,1.74973853807387,2.896616575469,-0.536494698185429,1.47321459172225,-0.585376536065427,1.95575371211295,-0.454210725594474,0.782483495509968,1.23545913265488,-0.188128277357923,0.449960250281427,1.67960091965533,0.698476538995063,-0.539307094691963,-0.348425147702436,1.19174129460379,-0.523080667456721,0.460536745745078,-0.622281704570721,0.763657765713707,1.89063860552854,-0.557501763870755,-0.505778909237946,0.829879121682787,0.501629920162867,1.54283284363654,1.07550208078728,-0.397363968993432,0.744951054314732,1.13944418601543,1.14114767975204,1.82658485461078,1.43731595264158,0.740600864558077,1.54491395206218,-0.680264025007797,-0.470465254505972,1.23092524824018,-0.604395814203172,1.9559256104434,-0.609921532378848,-0.619881066592517,1.85097305174215,1.59856966310002,-0.421387307249072,0.56361407144396,-0.530264405273805,-0.73145250418656,1.51482734258175,-0.436105875668738,1.12546095417932,-0.406700539566019,1.92106490246972,0.968817550216072,3.04572393657418,-0.730817206313231,-0.520238954117215,1.77696251222763,1.95443573816067,-0.344789866784545,-0.495183843341153,1.42296422053903,3.23922098377069,0.831335156102675,-0.553693741254614,-0.612887431730709,-0.536600271805562,-0.606291521024171,-0.553901067919841,1.19708845492213,1.15482926214443,1.52577597858165,2.54956005791082,-0.865980025698746,1.44070026937886,0.838929292268453,-0.617518100327603,-0.563722602978791,0.4178364540349,1.88423034815128,0.774926269697824,-0.796606268568196,-0.598331963886002,2.23513788510152,1.4019381888611,0.533576439521737,-0.683218747620856,0.398861621353783,0.999664402516167,-0.472351838475484,2.65731929563243,0.990983179336331,1.78872444817545,1.74772912870654,1.35470789861528,-0.558717666256494,-0.379161949641383,1.28926295290702,1.05105767233223,-0.614835278634353,0.996480715227392,0.503379664979563,2.4530747538866,0.197945298680582,-0.515370748508433,0.962148082635581,1.56145126405838,0.69147399714313,1.46807967706362,0.707061431995781,-0.575643008354943,0.885801731904624,-0.46950194156598,3.3096179221269,0.951253425434844,-0.67680156571333,2.04896218802804,-0.440109756196063,-0.797330693575754,0.917851504158314,1.85605224729209,1.02800591396809,-0.559609290515974,-0.575080500923803,1.30866980474328,1.63085254902687,-0.465167799440612,1.31033075636638,1.34862434579483,0.641669701928871,-0.528878550032712,2.23905786414683,3.28934199206508,3.14751903697304,1.23721806132446,0.321504448128832,1.85358172226365,1.56504226303072,1.1347970155545,-0.518950740640203,"HC"
"HD-18-2",1.81789078123088,0.956513686493176,-0.210905862019668,-1.03790453368905,-0.289372792274791,0.563274353726634,-0.489483674713921,1.05891719386894,0.458160325283308,1.70658762431008,0.984605005276761,-0.427166054873635,-0.642142611977996,1.40670090475455,1.30276439896843,0.094235321177144,-0.57729235363827,1.75597561096881,1.33407855106489,-0.533225338772386,2.0030954173013,1.738246199439,2.94987550373946,1.12876230015614,0.819513191563938,0.741596343562778,-0.671018873252328,-0.886090803404096,-0.59994073973799,1.56863752098972,0.942729123251676,1.56704418974446,1.6104556141512,-0.309529644846314,0.879926166644257,0.100321760097043,-0.497006264132812,-0.559309350558077,0.217160231892085,0.432198280402352,1.17551945831206,2.00493737764389,0.286497847986575,-0.536928301917431,2.10431965674984,1.06377155778443,0.500885279602768,-0.684422976084699,0.95080912423436,1.49305009701154,1.00992869312718,1.84417656109217,1.43544892557981,1.26714090013538,1.14301623559258,4.91773903923433,-0.457301332060047,1.32439244934839,-0.535578881140264,0.978498313677268,0.642942111132919,-0.466862369479199,1.78909679653831,3.9771039826622,0.459962008105627,-0.597562997079172,0.648075165427585,1.24947451273686,1.45099093961383,1.07127321406596,1.05079045556422,1.19283707551278,0.689912755002629,2.38635553047193,1.13273635139551,-0.427209662751993,0.946356922249323,2.55205361481878,-0.518709942838152,-0.310167173709315,1.17679544547649,-0.472497315307328,2.54702689051247,-0.572367111065056,-0.632421218362915,1.80067057310869,0.474235130521837,2.10672290452925,-0.56503564513667,-1.15438649345439,1.51710194066329,-0.0880011462141729,-0.439395440768505,0.284998641517613,0.421503344362715,-0.386236372075434,-0.370292957722169,-0.652696741503466,0.97844327106453,1.14742406144406,-0.504580611844278,1.12581931128475,1.67611922341646,2.10076465920429,1.45189245947758,-0.612012511430763,-0.949267944187187,1.6666852410137,0.923022866015201,1.69300101257471,1.18643628942688,0.627135801422767,1.46673713666013,2.84724243151902,2.85794336846724,0.103237278442865,-0.415332247460931,2.37327499604084,-0.556437840594048,-0.749289324826282,0.979945393451816,1.30474628271233,-0.434538970011261,-0.540935274554197,1.40565749190947,2.38613951939645,1.28091628169417,0.366321037597845,1.62038607302629,0.723522631297933,1.52076761671122,-0.42618686188652,2.03812735503918,-0.563237817945086,0.967997431589606,-0.433250890230484,1.23618112101442,-0.628682208598634,1.55108883254784,1.20771118805165,1.25308921440291,1.90259369913161,1.71622884641088,1.9083787329104,1.46067119603251,1.01522625900462,-0.680795110743151,1.12052671516493,-0.445041103063912,-0.360394763248112,1.68950101661264,0.817981524724822,1.98850653963074,1.24061313565719,0.506713824587849,1.61202481477318,0.698360830656086,0.593170763302487,0.7787791388967,1.03528961146059,1.3084077065338,0.617679063429862,0.267941840742589,1.67309490992868,-0.17820413928349,-0.440422043770802,1.91397921531083,-0.533884030225674,-0.866575554810563,1.54000897220487,1.6829485615476,1.35545735999782,0.71910252006056,0.430138409165777,1.96719208208437,1.17489534534772,2.52148214203474,2.01120002155881,2.05633510481309,-0.399898634726296,2.65792613762148,1.73240269584982,-0.134934441760871,1.12684576625651,1.68530903557176,-0.567826653865324,-0.388287405092906,1.22776052608455,2.60774621675632,-0.551980064673498,0.0739237618337731,1.09937645613993,0.155083792977177,1.24185345069778,1.37600159104174,-0.872091461738152,0.716571401602943,1.69717602302353,0.892723300206332,-0.578418903939853,1.46216955971309,3.91260824138133,1.4187129668957,1.40219311011335,0.947109684582417,1.67876006862011,0.420140637937592,-0.784182116331742,0.609367871924064,1.19411033714132,-0.490191614502914,1.32232043635539,-0.387458469999575,1.52496396258337,1.48866303259981,0.997844523009266,-0.749562816960677,1.43338152100002,1.19630799382662,2.33055299957955,-0.876317725753786,0.117803649676188,-0.969552848986112,-0.752576497540583,0.789628357066518,-0.657239406583379,-0.739571250856207,0.853506702289824,1.29009945914754,-0.66549608966086,-0.400497512029309,0.850101525945504,2.1135135957159,0.71171156560734,2.76614106823144,1.22314897819974,2.20898067832679,1.65657529768616,-0.620100662679788,-0.503796517211337,0.509550751652364,0.64936231047952,1.32960097147397,0.997125012996436,-0.557349591175902,1.67885382704421,1.3340687271802,-0.670603752641226,-0.362836635108256,1.01295989321922,0.619915794065058,0.951400616225207,1.32047365123887,2.81164312850555,2.0840212568127,0.826767048321754,3.65737605861019,-0.590419110099479,2.01655506952857,0.28209189897671,-0.654451544220782,1.95325978695635,1.89989915305208,2.7831298282491,1.01599772846159,-0.453520463080941,-0.475498315316322,0.834907313454101,1.57938239050148,1.31039444516469,1.78920909753747,2.00626065944577,1.55479791438945,2.14428500092809,2.22250799916357,2.54160319158135,-0.49858944200454,-0.495454091056586,-0.625430816380737,-0.419839307586847,0.227743101554187,1.55755147652227,1.01448312115222,2.41003991701953,2.40320559259492,1.06328955816015,1.34395246468401,0.725048000123572,0.97799654403491,-0.503708930529297,1.59428448400841,1.08921119545538,1.54463923673184,2.09569867892693,-0.793665704950216,1.59599635358685,-0.404812961836128,-0.831170933594364,2.25587750178922,0.552815605050112,0.746624232548714,1.26704485704275,1.70936862890777,0.13754128819199,-0.972280070282039,1.74872743018052,-0.492093429498443,1.62466622563348,-0.356127764920938,3.03912853324514,1.73447463492823,2.01601259457142,1.78484239531416,-0.429499750025505,-0.464375891526999,-0.00362632875747677,1.75065218457761,-0.455236351660987,1.03934768950253,1.03125500566232,0.546116327141677,1.0918733411711,0.868326214117229,1.55297461222779,2.33036489429603,-0.708710560777974,1.06057902458376,-0.79167821863407,1.05051909419873,0.170333785663038,2.74613979822879,1.24130942715212,1.71587079883448,1.42984741551566,1.34724209569167,-0.836854594027651,-0.561253030076281,0.568660193182025,-0.444598034495984,1.28813259063487,0.569054486435674,0.50016096364693,0.686408755427483,-0.477833002749308,1.30232621959367,-0.414352476826801,-0.867875810443468,1.24612982321838,0.697749783329965,-0.430499440370047,0.728021233908102,0.462820352239335,1.80928573920779,0.351131016073538,-0.558555906049502,-0.598213055580144,0.808279319525377,-0.614764475187905,1.42108228432666,2.11156559398622,1.04843968341468,0.336044196547274,0.949569544161191,2.11935400199908,2.35592261600981,1.31962926454567,0.355105299546647,-0.71157305436993,0.665793530151166,1.2073302674952,-0.386808567195655,-0.473937637058681,1.99045063557829,-0.675677485964019,-0.799036810595303,0.715663707845647,-0.735411990123146,0.0899004266074305,1.39554139276065,0.810778390353697,3.17471576630785,-0.672522450531549,-0.689569785356508,0.717296257731889,1.41323744209937,-0.7995406586986,-0.574547412051676,-0.819944378140991,3.1986574704019,1.12439980004738,0.468317424233478,1.49561015167419,1.98191990636939,1.25895308330514,-0.653697914574418,1.44884972370807,-0.719112826150793,0.645883578931807,-0.814187642569382,0.406494943356059,1.69761546371285,1.03069678336134,1.3300960387663,-0.740417895485083,1.20418891731353,-0.517699977761507,2.77787528864175,1.8696204934173,1.85618245448664,1.92269645105215,1.68933444440348,1.03289644146454,-0.831984299900153,2.2819111846882,-0.719523549783808,-0.588297561945064,0.740980353301303,1.88783614683651,-0.794015296702858,1.51940102250657,1.745895401758,1.60780370253132,2.13888694984031,2.08062772331581,2.36259379625388,-0.677053451143998,1.48286768372056,0.625087354191137,0.919439480913286,1.48099215893303,2.32939509889323,-0.55321502257966,1.21752456105759,-0.392786433490695,2.87958551256867,1.98356461591962,-0.485816253127067,1.80980196369525,2.46567576958864,2.4197227593079,-0.616708057714315,-0.682642890579754,0.748237806046561,3.02863212994893,0.0710217988397722,-0.4791466881953,1.45693356109883,0.829374691239015,-0.623221682356157,-0.0858771869375112,1.8956152395216,1.40734952058242,1.7920573036316,1.72358716400355,-0.441282341989839,-0.4383755506389,1.28583188566922,1.54886694713275,-0.569755773406841,-0.969526788505132,2.03598399298554,0.917749694481823,-0.909848144967057,2.91283960084624,1.41901958519457,1.67515460673423,0.290570216398504,0.647456144658995,-0.67319351540593,2.56213912459274,-0.601887066668739,-0.600466657719567,0.879974928317147,1.25287777376031,1.25970567930619,0.872089066400631,1.24469450818491,1.57413913633155,1.61188705896658,1.09699170858503,1.13417804391129,0.561386034558673,1.53377426708773,0.873972081511096,-0.367490929903791,1.96811728021082,-0.573648085257991,0.462940113179908,-0.548246753341323,1.64941585437739,1.20480671661174,0.645258079065494,1.60977937327188,1.08453617510707,-0.702854463496712,0.793067315167836,0.540969135793511,1.26927659798338,-0.487170846083124,1.10031989359452,1.07138407411217,1.1826273248178,-0.6002692007909,-0.494007793907488,1.0226135316363,1.77570964127222,1.97172352798607,-0.597600263298091,-0.561688757941423,1.66185036088755,1.29937062028983,0.438143272478866,-0.755650546229756,1.61302817480274,0.688236840500138,1.41517971724785,-0.799784033987206,1.3118224189374,1.05121210145977,-0.69252288453592,-0.518860584787243,0.670958530952652,1.03236955586692,0.99140015444945,0.354896616132333,-0.566224935388611,-0.60068195999903,0.817564581789572,1.00369726107491,1.83461925409752,-0.569897592314005,0.86874749715114,1.50613771162508,1.35308560268526,-0.569034714136114,2.02183344802687,1.06279689378755,0.672339478014263,2.09653977644585,2.21491279251865,-0.454210725594474,1.14484543987946,1.41740909370071,-0.401677201936699,0.782115594578794,-0.540641423031425,-0.665426753584578,1.08185391868271,4.41148962194776,1.02704250166612,-0.523080667456721,0.334679688997072,1.78088032265218,1.17945083662367,1.32494077687359,0.893652437813953,-0.505778909237946,-0.624275977269652,2.1330169125072,0.309867868857121,1.92867980512909,2.61568365553079,2.1614479902582,0.36936107733118,0.65768323594004,1.56268009362709,-0.625888537038413,1.49406533109751,0.789870959376181,1.55638288084201,1.51697887319014,1.04021361736759,0.919587293143654,2.64156908698788,1.04067284908834,0.922070620582291,-0.61712009938149,4.55588265970626,1.53466609806075,1.35362857616635,1.40480810488379,-0.73145250418656,-0.569578522132877,2.84819861501693,-0.631759280520507,-0.406700539566019,-0.673273035311341,0.819271579133918,1.06730402343623,2.59071588106735,2.63805467884412,1.69365868211008,1.06498942962519,-0.344789866784545,1.13212686125779,2.26522341861562,1.53614611547337,0.679535445945407,-0.553693741254614,-0.612887431730709,2.07783000741389,1.67910655174975,-0.553901067919841,1.36560102650189,-0.621606511720135,-0.974570951392448,3.33578536695873,0.683185193819683,1.97430832433972,0.265241133970733,0.642254113105003,-0.563722602978791,0.671156305229765,-0.469274127030998,2.2241500412253,1.65551923412352,-0.598331963886002,-0.491698944574237,-0.703895512265653,1.55750412465054,1.86163559268278,0.280766885063514,0.589018547167309,-0.472351838475484,1.54747403087544,1.81230291020448,-0.766724197739351,0.554116460236776,1.40047148061589,-0.558717666256494,2.36386890998546,2.06272458868597,1.55162303495498,-0.614835278634353,-0.623039723737013,-0.812575895131137,-0.441748500440315,0.961410894252575,2.08773592499425,1.47844944785806,-0.750713194799017,2.14953463480694,1.78271665236111,1.14723274236826,-0.575643008354943,-0.61899979002849,-0.46950194156598,2.49123656666204,2.48371347417958,2.15754892778595,1.13317002613092,4.22724743276154,1.46424648093774,2.11496829387916,1.06515365410301,-0.864582352823089,-0.559609290515974,2.05581091817322,1.12257159440355,1.4195078749959,-0.465167799440612,1.1177549980685,-0.870570227459186,1.68709355991783,-0.528878550032712,-0.442246094950301,1.34646786055458,1.40928377563575,-0.535005976446535,2.31538781160645,1.87341522670925,-0.882104756219481,0.965819766415564,-0.518950740640203,"HC"
"HD-21-1",1.09021971282258,0.912131912569945,0.832702883125266,0.0377704662185761,-0.0958127491855714,0.432490355157437,1.70813157100953,0.765223451058855,-0.338692847496819,-0.587392633752342,0.0923796724720218,-0.427166054873635,-0.642142611977996,-0.906954785415906,1.64445378532102,-0.708858711028902,1.44740156763297,-0.951756607893985,1.67674248697719,1.12218224175337,-0.892044314129933,-0.756759621065685,-0.72953949609161,0.0527689411877461,0.30441733943458,0.069978198010028,-0.671018873252328,0.943116537019245,2.91233907351148,-0.572265270403078,-0.449126948447106,1.20141000835421,-0.54104030218508,-0.309529644846314,0.56442540906837,0.808626043004199,-0.497006264132812,1.31670991637525,0.36377299642746,-0.97766678067334,-0.441431894944682,0.143287419177185,0.534281734978062,-0.536928301917431,3.26385582800066,0.525353616547685,0.30183668309,-0.684422976084699,0.903087580011058,0.486037645228907,1.0197154135587,0.468290347385513,0.633496434042918,0.598556614213379,0.878151007882776,1.54704778121464,-0.457301332060047,-0.488378971130679,-0.535578881140264,1.01183157531682,0.157591860612416,-0.466862369479199,1.39589802897054,-0.361091310062088,-0.742272368002153,-0.597562997079172,0.748837779918944,0.787747147653573,0.945809590721163,0.432990239115546,0.163813660416057,0.559201471779263,0.936177137838467,0.510089177055384,1.45120957355321,-0.427209662751993,0.666338772562714,1.00923325613316,-0.518709942838152,-0.310167173709315,0.865391205732744,-0.472497315307328,1.47555041213717,-0.572367111065056,0.408445047155726,-0.539991255188735,-0.729222797826837,1.69956374731293,-0.56503564513667,0.59370418896657,0.432766861084817,-1.04938131129347,1.92607083632138,1.01135350449171,0.227691114955529,-0.386236372075434,-0.370292957722169,1.55774388517272,-0.580182792717566,1.49234581425132,-0.504580611844278,2.58833058154239,0.326676757686931,0.384070345958583,0.341204928259415,0.658465719266065,-0.949267944187187,0.743776822371024,-0.877494153250386,0.49637820149774,0.892980352732934,0.174617825426404,0.684042045899445,-0.592394335996418,1.5295254749914,0.739041527620357,1.4504934534902,0.569553493005656,-0.556437840594048,-0.749289324826282,-0.864139486256635,1.28327132186447,-0.434538970011261,-0.540935274554197,1.12827662007438,2.90485526300965,0.552365673803409,2.30774002619484,-0.467269611423203,0.4893031772984,-0.612032059829267,-0.42618686188652,-0.515214523200561,2.16762300419079,0.715896373762327,3.69366836464137,1.03488826633164,0.84973756252993,1.27413503621222,1.98297400590018,1.04529155137426,1.52546647709968,0.963880039996046,-0.74594206276323,-0.922939115191811,-0.0539117649029971,-0.680795110743151,-0.630959826187288,-0.445041103063912,-0.360394763248112,1.56112081763271,0.862753872719321,-0.544945209809633,0.180803940729053,-0.14134370777906,-0.946374554527438,1.69720355441026,0.0578882699660955,0.121262097024452,-0.938055876675319,1.15924106841317,0.724318013775239,1.3581585748002,0.656482711011476,0.139548122467365,-0.440422043770802,-0.832999110597407,-0.533884030225674,-0.866575554810563,1.91936968435899,0.94698398363169,0.402453869897014,-1.19702951435578,0.698185809048495,-0.529739447900487,1.56877356002452,-0.484444351416916,-0.724735509236815,1.09132814101043,-0.399898634726296,-0.465400568692601,-0.659554194522494,0.0135462013690547,1.44847927279134,1.18872049238624,0.824412079303748,-0.388287405092906,1.33189114785653,-0.547273332987266,-0.551980064673498,0.244319335493359,2.62357755234697,-0.954138085945745,1.04006203454571,0.864810642807994,0.0377791349264981,1.01277528875769,0.904183478998531,1.92166675664204,-0.578418903939853,-0.440845057560506,-0.402800957411009,0.614583909605912,-0.574567391161672,-0.320551833383775,0.682351768619631,1.1388320516752,1.91524011622348,-0.489547082875539,0.847366558480274,2.55743034078658,0.387004561757425,-0.387458469999575,0.654454209978275,0.245610315853828,0.645295542164701,-0.749562816960677,0.468186248483984,0.411020236659633,1.26424288344885,0.590594754001087,0.303708853059401,0.682172548831611,0.806825598972309,-0.774127007600307,2.59582045526259,-0.739571250856207,0.601009418157957,2.51237832427289,-0.66549608966086,-0.400497512029309,0.334240831544662,0.309368996573981,0.476134898443519,-0.431584442518366,0.0908818224414705,-0.631943764721935,-0.579507915169398,-0.620100662679788,-0.503796517211337,0.467405891740154,0.524471982929782,0.112884264439901,0.484368165911949,2.26112049894745,1.03015847180542,0.793391677039739,0.839033573193265,-0.362836635108256,0.550025507560558,1.26472954054078,0.167761463598079,1.3855938119891,1.94310312318953,-0.679399709028993,2.81447900721377,-0.58636397201414,-0.590419110099479,2.47682192823402,-0.908004675354614,-0.654451544220782,0.500805662294103,-0.942110585579901,-0.873831727472401,0.262222428337418,-0.453520463080941,-0.475498315316322,1.15080115772382,-0.632054548348183,-0.0933328133269627,0.695259042312679,0.778082076891003,-0.53102247240186,0.848334193349031,1.77477249545345,-0.657270497541832,-0.49858944200454,-0.495454091056586,-0.625430816380737,-0.419839307586847,0.407263788186288,1.9254074394548,-0.513248218781385,-0.586212932084341,-0.418816240327903,-0.637586357654596,-0.419171849570317,0.184311073641241,-0.504768109875833,-0.503708930529297,1.02732842207529,0.291543442243199,-0.131889230092139,-0.813303292440974,-0.793665704950216,1.8215002064762,-0.404812961836128,-0.831170933594364,2.29662584342725,1.07909019888345,1.02919286944728,0.704963657626369,-0.60699609384901,0.334124889006119,0.823847591519194,-0.923566729405713,2.5068467238181,1.09634115529229,-0.356127764920938,-0.426152405790388,-1.21479747878706,1.52174427845869,0.491509775322651,1.4771735717825,1.57886263926927,0.161623244529815,1.53885317983015,-0.455236351660987,0.49292540873716,1.33321179459459,-1.18959503173864,1.04131092709615,0.776137656066704,0.737034371199725,-0.796526001879866,1.1874832094443,2.23542419376096,0.963221433417318,0.200606857454303,1.33316572422838,-0.504623527225731,1.18539652890804,0.696502602467593,-0.680117437351813,-0.466764426657629,0.725487494714126,-0.561253030076281,-0.883773155823425,-0.444598034495984,0.651970550000499,-0.869130914118606,2.54423397390131,-0.940150205056253,-0.477833002749308,1.07412118669257,-0.414352476826801,1.27617767307318,0.634987387534022,1.27601482804088,-0.430499440370047,0.490849449757868,-0.77458771809739,-0.493593930889384,1.22663025169174,0.902294492140936,-0.598213055580144,-0.710284973869927,-0.614764475187905,0.914463494923661,0.250130880702377,1.40841434653296,-0.747997090271536,0.571392948147902,-0.566010699037032,0.769526031616887,1.00609275390983,0.533534967681808,-0.71157305436993,0.903871662437718,0.479024436645215,3.44238629022694,2.97143446490983,0.988684336512481,-0.675677485964019,0.190025114684944,-0.764417769029699,-0.735411990123146,1.34038816214205,3.36431095033087,-0.285152186197639,-0.388200013230897,0.855159524288123,0.755841852834683,0.938335278122402,1.35982203300417,-0.7995406586986,1.37975423101522,0.972346460092994,2.65124119461951,2.15664140345936,-0.895298276157752,1.43979628732301,1.32853600193999,0.264351789454274,-0.653697914574418,0.802896004069577,-0.719112826150793,1.51776826292478,1.65371538691913,0.222654114891852,1.34311040205329,-0.836916634773705,2.64103732109775,-0.740417895485083,-0.591226315601407,2.38514495026608,1.77032139774141,2.08717054783181,-0.521979735973987,-0.61052131080658,1.34160419424692,1.32434632682222,0.796150320547044,2.56485687822192,-0.719523549783808,3.43743135744985,0.183389205925993,0.495986390577946,1.34027388824518,0.621788572195486,0.13187567042015,1.99571849354571,0.267330960853274,0.398127600403993,-0.997877754173032,0.977812623666716,1.15976518954219,0.890492544065833,-0.598637045425795,-0.757800053491713,-0.694758292889573,-0.55321502257966,0.522845772636535,-0.392786433490695,1.12678455957192,0.862684159342885,-0.485816253127067,1.50339416461659,-0.847748388510819,1.03609178321957,-0.616708057714315,0.907923186923474,-0.716476224852673,-0.609571261310305,-0.99456836848483,-0.4791466881953,-0.527848653802147,-0.581450107692442,-0.623221682356157,0.0195071473268332,-0.456566211138298,0.781114822136874,0.666911920153909,0.467115367357622,1.73189184545174,-1.20266300647864,0.977838895928226,1.25756917893156,3.26399415078014,1.63920268885961,1.3666624043073,1.40961560742123,0.658388085574993,-0.785445256160296,3.79679445547585,0.657840805816034,0.981283305718229,0.404879956731119,1.28207717845722,2.07535993054652,-0.601887066668739,2.00561153059333,-0.969725385594821,0.982033588671742,-0.34295742415554,0.743589066399326,0.396263275036123,0.809438957665607,1.3975779386311,2.20698151621085,-0.71593825275176,0.808289057299878,0.852659314464617,0.310512148259964,-0.367490929903791,1.89471463242719,-0.573648085257991,0.249977296598091,-0.548246753341323,1.40826520298832,-0.74633402219577,-0.77689632987442,2.00136206393216,-0.410458854850929,-0.702854463496712,-0.376085254966847,1.76308701628832,-0.751527203204582,-0.487170846083124,1.41965487009239,0.314752061580851,-0.512995918425756,-0.6002692007909,-0.494007793907488,-0.829580232182152,-0.238705418328044,-0.682378934286747,-0.597600263298091,-0.561688757941423,-0.775810477487309,-0.505226462944271,0.687596227719877,1.0243643609802,-0.800938882071613,0.985534293418514,-0.543856568710744,1.08235559584249,0.989957721861628,-0.547914033241979,1.73508861194781,-0.518860584787243,0.931047590725293,-0.574522884957265,-0.766028616235394,0.567905609425489,-0.566224935388611,1.24341275082044,1.09699756982091,1.30937305312972,-0.653851689833047,-0.569897592314005,1.15971674776727,-0.647904522193843,1.72518150153614,-0.569034714136114,-0.507817813873977,-0.536494698185429,0.942093934530621,-0.585376536065427,-0.622528035985135,-0.454210725594474,-0.564900394388196,-0.574696478706447,0.482879391161031,0.538262505656917,-0.540641423031425,-0.665426753584578,-0.539307094691963,-0.348425147702436,2.04190466239917,-0.523080667456721,-0.831156261607636,-0.622281704570721,1.54125776428459,1.26708052688542,1.16526301944839,-0.505778909237946,-0.624275977269652,-0.743774131603622,1.96746295485474,-0.0841045512737708,-0.397363968993432,0.545006266290448,1.61559032403483,2.39532319859644,0.350449990031033,1.58256670117358,-0.641289533744246,3.23359254459265,1.95764643488263,-0.470465254505972,-0.726381607522248,-0.604395814203172,2.73766021064172,-0.609921532378848,2.50006538060779,2.02472818820127,-0.363912718313512,-0.421387307249072,1.05393959101058,-0.530264405273805,1.42549048379077,1.65553558008624,2.94424173203908,2.00926590503431,-0.406700539566019,1.3065076502728,-0.565998932195026,0.794525512298636,1.9864263115901,-0.520238954117215,1.76124228677249,-0.991190188200663,3.08299166063304,-0.495183843341153,1.80334320727872,1.47383320886632,-0.726611845001168,1.47305055036306,1.23698130647457,-0.536600271805562,1.32350806791846,1.34934442875346,-0.479383335875246,-0.621606511720135,1.35670828548652,2.18528744379477,-0.190344732831594,-0.543434400240448,-0.767155531633286,-0.617518100327603,1.20243403651144,-0.524092166767868,-0.469274127030998,0.881419081346558,1.85241482920372,-0.598331963886002,-0.491698944574237,-0.703895512265653,0.539929186083969,-0.683218747620856,1.40026973394964,1.74517933322326,1.54494663514489,2.87293270047514,0.715347204916996,0.631243800507909,-0.823990033085211,-0.926108184691356,-0.558717666256494,-0.379161949641383,0.759243950051182,0.564670813127024,-0.614835278634353,-0.623039723737013,0.597465231890909,2.65687192797285,1.70234170457406,1.68270329747254,0.101938401145079,0.514165254366696,1.92963600789753,0.713256411388084,0.825837265197563,-0.575643008354943,-0.61899979002849,-0.46950194156598,-0.567597101091729,-0.623788878529261,-0.67680156571333,-0.514869524021752,-0.440109756196063,0.770883966430333,2.19518500809202,-0.165366017844936,0.579681959004024,1.37242636233804,1.98381654027688,1.88983633615266,1.90163628705525,-0.465167799440612,2.0944758986639,-0.870570227459186,0.257797576924819,1.20299227273999,-0.442246094950301,1.04511315805033,-0.597626308220176,1.36392500215274,-0.121415609615015,1.22143884688106,0.985352190287698,2.00704546769176,-0.518950740640203,"HC"
"HD-24-2",-0.555592417576326,-0.665330012844802,-0.874316134855906,0.125818028204346,0.372883438808342,0.186191611655985,-0.489483674713921,0.513571751875737,-0.403145850498915,-0.587392633752342,2.26079053313259,1.69210975950421,-0.642142611977996,-0.906954785415906,-0.522805082503363,0.077147884075018,-0.57729235363827,0.837876714911198,-0.496697729346053,1.25768283586458,-0.892044314129933,0.709163706072857,1.98673395196396,-0.075821560810343,1.3353666855582,0.461121950132523,-0.671018873252328,-0.886090803404096,3.95969575942307,1.82572243879832,4.50823290251034,1.83149869968675,0.992973077298612,-0.309529644846314,1.10018238498408,-0.964466112786827,-0.497006264132812,2.28371807974519,0.49339037313257,1.30368929862904,0.898021594324464,2.26775700102417,0.661617634457977,-0.536928301917431,-0.535926408238852,0.674943863751271,1.69516159949762,-0.684422976084699,0.50792493269093,3.70018570794261,-0.804466674495576,-0.722133608031586,2.70788918227735,-1.06642129487193,-0.559247717928647,-0.374389587264773,-0.457301332060047,-0.488378971130679,-0.535578881140264,1.19679754870242,1.62151161957315,-0.466862369479199,0.897841146601585,-0.361091310062088,-0.742272368002153,2.4651681682973,-1.01277899053072,1.09100696993717,1.3908649605671,1.06871713820868,-0.890457490909887,-0.950184227790595,-0.62582241159886,-0.811355606421236,-0.594144064245794,-0.427209662751993,0.791034674485215,2.63557172312922,-0.518709942838152,-0.310167173709315,-0.824570369406007,-0.472497315307328,0.7227718504592,-0.572367111065056,-0.632421218362915,-0.539991255188735,-0.729222797826837,1.88042801551213,2.21102978099408,-1.15438649345439,0.0907716105222044,-0.171139943965272,-0.439395440768505,-0.806924516606813,1.38994922182353,5.04373702455199,-0.370292957722169,-0.652696741503466,-0.580182792717566,-0.893144250525708,2.11834298614261,-0.946777991831266,-0.158884200781137,-0.824988666868521,-0.908370117980451,1.72456561507603,-0.949267944187187,1.02104403714906,-0.877494153250386,0.625537308318423,1.02333648570494,2.66252493662285,-0.0746637264064035,-0.592394335996418,-0.563564816816346,-0.852561903334732,-0.415332247460931,0.520027460055135,-0.556437840594048,-0.749289324826282,1.47294090424839,1.29464414802467,-0.434538970011261,-0.540935274554197,0.259313680350783,-0.466481924852692,0.461694504311805,-0.71314737154191,-0.467269611423203,2.18439073793324,-0.612032059829267,-0.42618686188652,0.691712906310157,-0.563237817945086,2.5403962598681,-0.433250890230484,0.478806581409379,-0.628682208598634,0.476101820971709,1.05241558705568,1.37438183912063,-0.521167552986871,-0.508860406522511,-0.74594206276323,0.142708030537475,0.493720316734062,-0.680795110743151,-0.630959826187288,-0.445041103063912,3.25435439342546,1.76111751738388,0.811996376400291,0.821146934655603,-0.403297000036469,0.367915326427589,0.560694514366276,-0.803191037428762,1.07380675758606,-0.881133953461138,1.13562049780615,-0.445522217950822,0.615585703177276,-0.797373187578022,1.87181446055982,0.434382893905821,-0.440422043770802,-0.832999110597407,-0.533884030225674,-0.866575554810563,1.36211948769336,2.78636271717062,1.83422642554032,0.437643989888736,-1.02331441862592,-0.529739447900487,0.633751277320183,-0.484444351416916,1.77908741592853,1.38730196314616,-0.399898634726296,-0.465400568692601,1.37157698611353,-0.0148681374029852,-0.59156966366512,-0.686166850667112,-0.567826653865324,1.41284626886011,0.924737353611454,1.31028990425165,-0.551980064673498,0.332784821666905,2.146338225628,-0.954138085945745,0.871255191889066,0.808038184234583,-0.872091461738152,0.57767574080279,1.05234629145368,3.2113959966313,-0.578418903939853,-0.440845057560506,-0.402800957411009,0.595589807677566,-0.574567391161672,0.588030098421033,-0.00485470070754125,-0.660262121385938,-0.784182116331742,0.815498048014963,-1.07295113119153,-0.490191614502914,-0.724722993416231,-0.387458469999575,1.33852149372701,0.596494155802309,0.508542584272198,0.351869981675377,0.442914053606957,0.796030728320805,-0.721727210801833,-0.876317725753786,-0.875446007171464,-0.969552848986112,0.934467826192658,1.65434020445407,-0.657239406583379,-0.739571250856207,-0.769269638931583,-0.547342081550196,-0.66549608966086,-0.400497512029309,-0.0515124349231229,0.964334940852283,-0.802317558831034,1.6575363777612,-0.22898766942215,-0.631943764721935,-0.579507915169398,-0.620100662679788,-0.503796517211337,-1.0770163128063,0.352191188554839,0.655511335273463,-0.711024792411868,-0.557349591175902,-1.1375069142073,-0.298866626698155,0.962602389084551,-0.362836635108256,0.248504395105659,0.0920942065792165,-0.114643135894456,0.60037262976423,0.800348002405294,1.26319998825445,-0.798624539569438,-0.58636397201414,-0.590419110099479,-0.479183249951239,0.475980990980773,-0.654451544220782,2.43032204657155,1.05573459479113,0.00844344990470219,1.11175665379846,-0.453520463080941,-0.475498315316322,-0.902316908801359,-0.632054548348183,1.36466597167784,2.69173675793773,-0.915536831645335,1.94942691515504,0.745261823971681,1.20763503853017,-0.657270497541832,-0.49858944200454,-0.495454091056586,-0.625430816380737,-0.419839307586847,-0.73139551936346,2.5714522331347,-0.513248218781385,1.37128285322999,-0.418816240327903,-0.637586357654596,-0.419171849570317,0.487103295363436,-0.504768109875833,3.05263493245767,0.432800077904999,0.391081836053713,0.447658895274628,-0.813303292440974,-0.793665704950216,1.5391669020224,-0.404812961836128,0.369072678262551,-0.800640494297979,0.806668836581183,-0.763076391897337,0.591107387701936,-0.60699609384901,-0.943549081967018,-0.972280070282039,0.573002056602922,-0.492093429498443,0.571894477028998,-0.356127764920938,-0.426152405790388,-0.265518359287642,-0.826222229547082,-0.627488378610812,-0.429499750025505,-0.464375891526999,-0.886517603314692,1.28803386603745,-0.455236351660987,-0.742946755276486,-0.582032151080456,0.992285926459098,-0.755829565716357,-0.577821525950674,0.32642886089696,-0.796526001879866,-0.708710560777974,1.00919706816914,-0.79167821863407,1.0483120039605,-0.965937838928799,-0.504623527225731,-0.863563219649252,1.09376809653122,1.73202091965231,-0.466764426657629,-0.836854594027651,-0.561253030076281,2.22576796071056,-0.444598034495984,0.536165317130242,0.44468224589189,-0.799233124164901,1.14128990255158,2.96576177727087,0.64618255782108,-0.414352476826801,-0.867875810443468,3.23680044976433,-0.618950848071241,-0.430499440370047,-0.796259557655844,-0.77458771809739,-0.493593930889384,0.725362685939264,-0.558555906049502,1.53828662408269,-0.710284973869927,0.761446042412712,1.09738432761733,-0.0671059679032808,-0.186525145841768,1.20230551260281,1.04318321159847,-0.566010699037032,-0.603032598624489,-0.730318235371536,2.47665174202581,-0.71157305436993,1.68225163417334,-0.63129034137311,-0.386808567195655,-0.473937637058681,1.39715328076558,0.917683241990252,1.88817498805083,-0.764417769029699,0.192080132434238,-0.858462959667144,0.824724072549153,-0.2157690633449,-0.388200013230897,-0.672522450531549,-0.689569785356508,0.145771011793887,-0.538722496195877,0.497146806487032,-0.574547412051676,-0.819944378140991,-0.380430093207073,0.445205241042221,-0.210988278398712,-0.543996565944918,0.850663727108381,-1.21080455522408,2.3437882535668,-0.658091677882378,-0.719112826150793,0.734026157157409,1.08925887984019,-0.775032802607551,3.90872615232484,-0.836916634773705,-0.689391508662824,2.04354238089749,-0.591226315601407,2.61855815983327,-0.508516510850491,-0.839734362004915,-0.521979735973987,1.40479977544491,2.31432370716675,-0.524254694445744,0.929418532532368,-0.745395082740569,-0.719523549783808,-0.588297561945064,0.831037252655857,-0.85534945010494,-0.794015296702858,0.83230081231451,1.14855781316838,-0.495614760728454,0.384380824474619,-1.05758031450463,0.731629702569157,1.11326889374137,1.30329062702084,1.02828485081996,4.59587842045549,-0.757800053491713,-0.694758292889573,2.40504847133561,1.32972257213983,-0.392786433490695,-0.761647247973245,1.33899220356466,-0.485816253127067,0.912080083282105,1.48148658728852,-0.608508425207776,-0.616708057714315,-0.682642890579754,-0.716476224852673,-0.609571261310305,0.922538758522444,4.39089099169109,-0.527848653802147,-0.581450107692442,2.77189384868241,-0.0208742416866408,-0.456566211138298,0.61064380454854,0.214357280627912,-0.781460697748757,1.90977335147454,0.303349281434808,2.82481909052122,0.713979301828899,-0.569755773406841,0.475542927396871,-0.773643467427534,-0.837555726474759,1.97434647163037,-0.785445256160296,-0.384272493327475,-0.0610372651823181,1.14305247959033,-0.911558242630226,1.44212256171114,-0.620494342313918,-0.601887066668739,-0.600466657719567,-0.969725385594821,1.74866674815319,1.60943241231629,-0.855651382052597,0.993750004755374,0.789895777147742,1.01336600881957,3.59829831018135,-0.71593825275176,-0.777414105828957,0.234678467145127,0.414826592874177,3.65279823852777,1.05453055926717,-0.573648085257991,-0.905751916506873,-0.548246753341323,-1.17376531728267,-0.74633402219577,-0.77689632987442,1.4261587695735,-0.410458854850929,-0.702854463496712,-0.376085254966847,1.49526140543561,-0.751527203204582,-0.487170846083124,-0.605815007708669,1.58938795280371,-0.512995918425756,-0.6002692007909,-0.494007793907488,-0.829580232182152,-0.161064832466732,-0.682378934286747,1.68851685276709,-0.561688757941423,1.78578845180696,2.74143068135985,-0.914483551563009,-0.755650546229756,-0.800938882071613,0.54882838582403,-0.543856568710744,-0.799784033987206,0.686084844795384,-0.547914033241979,-0.69252288453592,-0.518860584787243,-0.718638772768277,-0.574522884957265,0.839420198511959,-0.783162489495666,-0.566224935388611,1.39435801158457,-0.675382976552414,0.860360043133937,-0.653851689833047,-0.569897592314005,-0.685835715519622,1.3198591840147,2.4687840338072,-0.569034714136114,-0.507817813873977,-0.536494698185429,-0.768897864954003,-0.585376536065427,-0.622528035985135,-0.454210725594474,-0.564900394388196,-0.574696478706447,-0.344082950630856,-0.785105315526192,-0.540641423031425,-0.665426753584578,-0.539307094691963,-0.348425147702436,-0.498591251333388,-0.523080667456721,-0.831156261607636,1.18050990999657,-0.782401068500164,0.796713437562788,-0.557501763870755,2.67107730497499,-0.624275977269652,-0.743774131603622,2.17530594016818,2.65560078683286,-0.397363968993432,0.662994721160031,0.00803425965602701,2.02759242588441,-1.14684228042207,-0.625888537038413,-0.641289533744246,-0.56888790075037,1.80380982942645,-0.470465254505972,-0.726381607522248,-0.604395814203172,2.36279441916829,-0.609921532378848,-0.619881066592517,1.42048708195712,2.39037548390953,-0.421387307249072,0.349190127472123,-0.530264405273805,-0.73145250418656,-0.569578522132877,-0.436105875668738,-0.631759280520507,3.13264129189798,-0.673273035311341,-0.565998932195026,-0.685817859793634,-0.730817206313231,3.37725113446815,2.62019609853391,-0.991190188200663,-0.344789866784545,-0.495183843341153,-0.939394475450667,2.58282373002861,1.07936266140943,-0.553693741254614,-0.612887431730709,-0.536600271805562,-0.606291521024171,1.50513137728054,-0.479383335875246,-0.621606511720135,-0.974570951392448,-0.48805352537329,-0.13504174602461,-0.543434400240448,0.558795220886426,1.00046069605595,-0.563722602978791,-0.524092166767868,-0.469274127030998,-0.71456688213729,1.77614233849178,-0.598331963886002,-0.491698944574237,1.29842623666558,0.830929912934187,-0.683218747620856,-0.813165332182298,0.205572904312904,-0.472351838475484,-0.494377357867234,0.20670502029978,0.745672112024276,1.89153970266832,-0.926108184691356,-0.558717666256494,-0.379161949641383,1.63039502333697,1.49760620319779,1.33508547061958,-0.623039723737013,0.712881768990516,1.94815831852928,-0.788012724473105,3.52717922376812,0.209161137689909,3.73613691286053,-0.807101569604255,-0.557916730587529,1.92069463630659,1.47910826088989,-0.61899979002849,-0.46950194156598,1.72706286112277,2.48002634186558,-0.67680156571333,-0.514869524021752,-0.440109756196063,-0.797330693575754,-0.628134209307874,1.62611247378471,-0.864582352823089,1.53056988051777,-0.575080500923803,2.08864013832634,2.51838953018774,1.91434725391938,2.10227514390226,-0.870570227459186,-0.978836790500469,2.65626180471899,1.77138356482191,3.22607037074534,1.23572902838072,2.34274317867567,0.515843958282328,-0.86340182998155,1.13820972743179,2.21662936620151,-0.518950740640203,"HC"
"HD-25-2",1.20783996289691,-0.665330012844802,0.768432898754768,1.85910848859573,0.29442564569348,1.105771649001,-0.489483674713921,0.939346938784493,0.0801681517633469,-0.587392633752342,1.15637215400798,1.67176249480748,1.65952516520141,-0.906954785415906,-0.522805082503363,0.541817819334564,-0.57729235363827,0.313558968258826,-0.496697729346053,1.24048824399992,0.748339444887743,-0.756759621065685,1.50506339282195,0.837660281924875,1.31362494931639,0.734552383020667,-0.671018873252328,0.51119644952699,-0.59994073973799,1.29232947203693,0.810155740401673,0.723273769464481,0.652851673182407,-0.309529644846314,1.37425416776128,1.95886749029732,-0.497006264132812,-0.559309350558077,0.837721339314408,0.489911730069138,1.03566916243648,0.223948466855056,-0.0637436702147266,-0.536928301917431,-0.535926408238852,0.846814483480181,0.379246712942462,0.818940213388226,0.869018272094778,2.03447332368538,0.0973182972267518,0.553365648961207,0.438085959987842,1.00245299305824,3.76535896387519,-0.374389587264773,-0.457301332060047,2.74223573753273,-0.535578881140264,1.13795729831245,1.59850211049788,-0.466862369479199,1.54881309026021,3.57873535249548,1.85830993180721,-0.597562997079172,-0.0463246003238021,0.674547491533067,1.44111320086031,1.53322989967524,1.30856124303046,1.27529725508398,2.2202761973747,1.17235684602237,1.59483856727603,-0.427209662751993,-0.884442638278434,2.60621302941166,-0.518709942838152,-0.310167173709315,1.71234820840551,-0.472497315307328,1.15004375222979,-0.572367111065056,1.26412736354112,1.57772406089746,0.801589301899732,-0.510050775686776,-0.56503564513667,-0.492283078900938,2.29423022467481,-1.04938131129347,-0.439395440768505,1.55504091559419,2.00860518510292,1.90846679537441,-0.370292957722169,2.05245423953396,2.96437171548922,0.86574111723686,2.09316017588004,-0.946777991831266,1.22608029380273,0.47047742779779,-0.908370117980451,2.03797504333821,-0.949267944187187,1.4032781474884,0.757684643515248,1.12537566741297,2.20220095969804,1.01601027501665,0.522384060603449,1.65954595283698,-0.563564816816346,0.363225468959671,1.58383727900191,0.504791401578662,-0.556437840594048,0.970970999318257,0.208937232439409,1.79744283867786,1.7216698547804,-0.540935274554197,1.26179649850135,-0.466481924852692,0.326418750805346,1.21061779857687,1.42153823096766,1.12633306131775,1.31761983885567,-0.42618686188652,2.19466143240456,1.84204037752562,-0.652232400369068,1.60689290239084,0.864930671424586,1.59067628946187,2.26507699127067,2.85798807039422,1.31011671322471,-0.521167552986871,0.737985242821802,0.971515276603856,0.871852721807368,1.09968345678924,1.79969022132533,-0.630959826187288,-0.445041103063912,-0.360394763248112,1.73594253493037,1.59760200245337,-0.544945209809633,1.13460650451069,0.670857291858376,0.852766366724076,-0.803191037428762,1.37246397875018,2.40649361401744,1.11606938155988,1.30041634444225,1.33127364816543,0.55771958048529,1.00189061469524,0.418339637741271,-0.440422043770802,0.383308926134458,1.33442771373329,0.0808036600276091,1.34407772446028,1.06594479086794,0.500077880577844,-0.244679710499989,0.819073141598255,-0.529739447900487,-0.991195534761472,1.46051668200118,1.04553000089254,1.02275309865121,-0.399898634726296,1.85514480170606,1.78799296587374,-0.289808756268808,-0.59156966366512,-0.686166850667112,-0.567826653865324,-0.388287405092906,1.07504626832935,1.55944820353534,1.5722357254832,1.87951072732418,1.55303662795958,0.752485796244787,1.32649101935579,1.40142358462431,1.23208661496716,0.563588777578742,-0.938444320238906,-0.654078746223719,-0.578418903939853,-0.440845057560506,3.11541905914576,0.5787997225765,-0.574567391161672,0.416367442803017,0.382073472347272,-0.660262121385938,0.696769082270447,0.433355869217058,1.42156508097091,1.83781309867158,1.59413939581816,-0.387458469999575,1.74545131432132,1.38787514452778,0.973275704987082,0.778774876647284,0.57535386892064,1.5494223160671,0.795307318895937,0.695429692035049,0.89466516875324,0.794476588313321,0.918270435943958,1.98007488109477,-0.657239406583379,-0.739571250856207,0.698938314408961,-0.547342081550196,-0.66549608966086,1.21085285439312,0.302467237694838,0.400177749667058,0.567501279183658,-0.431584442518366,0.189089205341936,-0.631943764721935,2.25493694345769,2.00200752888602,-0.503796517211337,0.363859166675533,0.631824582513809,0.640470119413246,0.82254944305155,-0.557349591175902,1.17140261888916,1.07552828279281,2.82060233363232,2.64642094146909,0.492879838827804,0.0825444446046126,0.769112967170983,0.686243149637908,2.52460430573168,0.694066924543551,1.55224598782129,2.45995840505695,2.0230537474606,2.68439877036829,-1.42880819914641,-0.654451544220782,0.590615394704756,0.47041598802172,1.17555248760227,0.890701180160513,3.03419137847201,-0.475498315316322,0.388392647182547,1.01098194219951,0.945145599747337,2.66254975942634,0.378177697005748,0.980860367152699,1.39187690560263,1.18927316126274,-0.657270497541832,2.88636188696091,-0.495454091056586,2.20899028172497,-0.419839307586847,1.3433404640621,2.08705262101851,1.43004332902607,-0.586212932084341,-0.418816240327903,1.52594704947948,1.17601602392796,0.643994950703193,-0.504768109875833,2.01071524041732,1.41791825358104,0.90099459346189,1.30900041614429,0.907105940935533,-0.793665704950216,0.382437839632434,-0.404812961836128,0.357549084068099,1.30140556855974,-0.172369999639179,-0.763076391897337,0.573938593506787,1.11399883847155,-0.140328833382884,0.945969823284609,2.14890653330046,-0.492093429498443,1.37494869949274,-0.356127764920938,-0.426152405790388,1.14837228437232,-0.826222229547082,-0.627488378610812,-0.429499750025505,-0.464375891526999,0.236530086179294,0.363742440806395,-0.455236351660987,1.1123067006661,2.29307342427863,0.561037343834972,-0.755829565716357,1.02411589223614,0.980213821800063,-0.796526001879866,-0.708710560777974,1.21926222955243,1.48795793547988,1.52662867136842,-0.965937838928799,-0.504623527225731,0.260532654985836,1.59278699809448,1.0400718280525,2.76605140798536,1.07514936711516,2.77086222454895,0.957322119575416,-0.444598034495984,1.11336787949957,1.34362885761165,-0.799233124164901,2.23616083429801,-0.477833002749308,0.626779930723226,-0.414352476826801,-0.867875810443468,2.13586404716525,0.572334907140547,3.49607114850416,1.13590907896437,-0.77458771809739,-0.493593930889384,0.709133439557939,1.00669619509514,-0.598213055580144,1.62614395797438,0.74823298185209,1.52354531758476,0.925654070624023,2.22466158591732,1.59691887519144,0.862689212523661,1.17153335448846,2.2598761867826,0.596084128950259,0.614416283322685,-0.71157305436993,-0.606204342383374,0.558374624579531,2.05170393804584,-0.473937637058681,1.60153552743664,1.53525473165536,2.02716523785839,1.87329647072265,-0.735411990123146,1.97081037094852,1.48907343128893,1.41747041272991,-0.388200013230897,-0.672522450531549,-0.689569785356508,0.621044137397809,1.49314178526001,0.484697250415066,-0.574547412051676,2.91844979587134,-0.380430093207073,0.432916720589996,0.0542437794111804,2.40597029474238,1.47525391867059,1.12020187956265,0.872040425441053,-0.658091677882378,-0.719112826150793,1.69230320751417,1.07098380211564,0.72266425339559,-0.580755287411444,1.50872228925041,1.13774116728928,-0.740417895485083,2.60845721542009,1.69971306532736,-0.508516510850491,1.62082533562432,1.62966405724279,1.81791296123471,2.28736065104277,-0.524254694445744,0.912507222817078,1.36264357887523,0.798844473661931,2.50602512204498,0.48065755772687,1.40438619075864,1.97845251002019,1.34663133621985,-0.788184218742662,-0.495614760728454,1.41960139669924,0.502161788647108,1.68925475500272,1.09607992645514,-0.593681714206644,-0.792912836073741,-0.598637045425795,0.690792792864273,-0.694758292889573,1.53835134999325,0.893199605255687,-0.392786433490695,1.25518273069242,0.85129053280655,-0.485816253127067,0.983559249598694,0.799079069294429,1.15362542160673,-0.616708057714315,1.02159520108606,-0.716476224852673,-0.609571261310305,0.904463814544726,-0.4791466881953,1.26788434990504,1.21313499738225,-0.623221682356157,0.149051088827502,-0.456566211138298,1.55519875933761,1.42425534695444,-0.781460697748757,1.88720075748412,0.64144692831558,1.09729132347446,1.748383476171,-0.569755773406841,1.46429883603655,-0.773643467427534,1.36702937607701,0.770464266206412,0.942752754714557,-0.384272493327475,0.603801349316511,0.490797811464719,0.49896104129497,1.42181331463422,1.43880354480035,1.6627907921688,-0.600466657719567,0.209513273929308,1.11429215599785,1.52039846133634,0.149724276945126,0.975193428540948,1.4618438118671,1.71320290454847,-0.571646636129868,1.62925739774549,1.28243373569053,0.819865128335992,-0.963894975231911,-0.367490929903791,1.45410370561853,-0.573648085257991,0.332573090220452,1.61180056942963,0.688904721931351,1.72691956862579,1.02581755367817,1.40753574941163,-0.410458854850929,1.56752651740368,-0.376085254966847,-0.65323427697639,-0.751527203204582,-0.487170846083124,-0.605815007708669,-0.838746468088768,-0.512995918425756,-0.6002692007909,-0.494007793907488,-0.829580232182152,-1.18723863498533,-0.682378934286747,-0.597600263298091,3.260722841372,1.03530411441797,-0.505226462944271,1.16663771503419,1.91645333667161,-0.800938882071613,1.11961317675357,-0.543856568710744,2.02562635592548,1.05401159746632,-0.547914033241979,1.90556054890102,-0.518860584787243,-0.718638772768277,-0.574522884957265,0.8240062105029,1.67860072826789,-0.566224935388611,-0.60068195999903,1.98526043758973,2.5829178800271,2.08428805619461,-0.569897592314005,1.29161171818802,-0.647904522193843,-0.664556936026652,-0.569034714136114,-0.507817813873977,-0.536494698185429,1.06437234019635,1.84108899723111,-0.622528035985135,-0.454210725594474,0.981993264520612,-0.574696478706447,0.095015649456393,-0.785105315526192,-0.540641423031425,-0.665426753584578,-0.539307094691963,-0.348425147702436,-0.498591251333388,-0.523080667456721,-0.831156261607636,-0.622281704570721,1.70442992861855,2.89495021345576,-0.557501763870755,-0.505778909237946,-0.624275977269652,0.686039334996846,2.14908535989364,-0.846638841230125,-0.397363968993432,1.25966210759475,1.788789104319,1.13377122075964,1.32177436398521,-0.625888537038413,2.78297270520336,2.37027630181895,1.34733056414811,-0.470465254505972,2.4219405986362,-0.604395814203172,2.33444208820586,-0.609921532378848,1.34149892378228,-0.61712009938149,1.24071708839624,-0.421387307249072,0.996752340800116,0.721809002806554,-0.73145250418656,-0.569578522132877,-0.436105875668738,-0.631759280520507,-0.406700539566019,1.44799542705463,1.19608082995048,0.900320307710161,-0.730817206313231,1.95529361124468,2.44496104689953,-0.991190188200663,2.67431974872723,3.97253426893253,1.18063126300884,-0.74095518162433,1.77934123289912,-0.553693741254614,-0.612887431730709,2.77743492177257,2.29066454038192,-0.553901067919841,-0.479383335875246,-0.621606511720135,0.491006911744849,2.37301501627108,0.148262991133795,1.73449497227654,-0.767155531633286,1.62757391530296,-0.563722602978791,-0.524092166767868,2.2327183609066,1.68127838455533,0.512938119236924,-0.598331963886002,-0.491698944574237,-0.703895512265653,1.15780665690154,2.99750847509361,1.13637638686197,1.27408764954816,-0.472351838475484,-0.494377357867234,1.37163192142232,1.33186256193195,0.422852715757606,0.825741172461705,1.73346570221306,-0.379161949641383,1.96797315092007,1.58191469635829,-0.614835278634353,-0.623039723737013,1.30413467583366,1.9252127130936,0.343938032398402,1.83979171248349,0.585881648310276,1.5540050082171,0.913371013582419,1.75827094849637,-0.123915569036314,-0.575643008354943,2.31891244045649,-0.46950194156598,1.70503172514537,1.18447302127669,1.63395696975935,1.58145542824588,2.27583482554187,0.882958605493436,1.14676863378995,-0.0973478483865663,0.682898314256765,-0.559609290515974,1.37959906886476,2.06349352713015,1.32427725035456,1.89150142030392,1.8528560442848,0.621330656314375,1.60055859329861,1.32676282680777,2.62936540318917,-0.590310521918287,1.21812689935915,-0.535005976446535,0.800720695267659,2.23682655143754,-0.882104756219481,1.39158978343667,-0.518950740640203,"HC"
"HD-26-2",0.918692625418885,-0.665330012844802,-0.168818089995222,-1.03790453368905,-0.304632288056863,0.626349718706142,-0.489483674713921,-0.114940641538134,0.00502608495355342,-0.587392633752342,2.13699867121603,-0.427166054873635,-0.642142611977996,0.736581328845195,-0.522805082503363,0.165511892786983,1.23638729401994,0.534382361789347,-0.496697729346053,-0.533225338772386,0.781371124567491,2.12455832136968,-0.72953949609161,1.40446452396425,0.811288552746132,-0.396158558572824,-0.671018873252328,1.1109877795014,-0.59994073973799,0.298355848971011,-0.449126948447106,-0.823525490657949,0.72852547618124,-0.309529644846314,0.972768392696416,0.626330429240885,-0.497006264132812,-0.559309350558077,0.0693972837353794,-0.97766678067334,1.1292939264284,-0.985369683958035,0.768949113932686,1.27967540755663,-0.535926408238852,0.351752189060003,0.188500538387788,1.08130777407033,0.44548595790878,0.35815804520739,-0.804466674495576,-0.722133608031586,0.467155430919093,0.433628293041564,-0.559247717928647,-0.374389587264773,-0.457301332060047,2.21990742151429,2.24975118915464,0.741122026463942,0.740929679545056,-0.466862369479199,1.59574148066184,-0.361091310062088,-0.742272368002153,0.705767021544424,1.04692427463097,0.641093874479459,1.21537545471314,0.722719388508406,1.66866023604612,-0.156884180356724,2.69563900087994,-0.811355606421236,-0.594144064245794,-0.427209662751993,0.506899429165526,0.381977281353242,-0.518709942838152,-0.310167173709315,-0.824570369406007,-0.472497315307328,0.274491516567239,-0.572367111065056,-0.632421218362915,-0.539991255188735,1.78138826805343,2.27065882317859,2.65397228321263,-1.15438649345439,-0.107585035666456,-0.0277724983471112,-0.439395440768505,0.824412229744132,-0.824109659368058,-0.386236372075434,1.46009269752678,2.3088374371501,-0.580182792717566,1.26595267393454,1.66721255206076,0.868528708738408,1.87557878246855,0.258061813672969,2.02666805795038,-0.612012511430763,-0.949267944187187,0.580450499248494,-0.877494153250386,1.6364670361919,1.30459148184335,-0.848866007382096,-0.0627248776009437,-0.592394335996418,-0.563564816816346,0.575405180030565,-0.415332247460931,-1.15053595143586,-0.556437840594048,-0.749289324826282,0.396211021687727,0.705373377693828,1.36811955841587,-0.540935274554197,0.783862822775296,-0.466481924852692,0.107914525173323,-0.71314737154191,-0.467269611423203,0.8178272310507,-0.612032059829267,-0.42618686188652,0.487036532207881,-0.563237817945086,-0.652232400369068,-0.433250890230484,1.05232848812627,2.74729579437264,1.58419540426971,0.367422435881377,1.60066784152351,1.31216559805162,0.292930274169936,-0.74594206276323,1.32635834705733,0.220680270370153,-0.680795110743151,-0.630959826187288,-0.445041103063912,-0.360394763248112,-1.12185750843372,1.17207846567555,-0.544945209809633,-0.833259413912292,-1.12931857316399,-0.045391554711139,-0.803191037428762,1.78598517430919,0.380340521130006,0.287684309428765,0.270769000192779,0.0490208923349272,-0.797373187578022,0.679478210934975,0.606559237190001,-0.440422043770802,-0.832999110597407,-0.533884030225674,0.687175386132823,1.66887832576435,-0.717586015732752,0.259005156872833,0.832614119585289,0.0760773842309494,-0.529739447900487,-0.991195534761472,-0.484444351416916,1.80542378973302,1.73128398068252,-0.399898634726296,-0.465400568692601,1.54409329620749,-0.565451355677834,-0.59156966366512,-0.686166850667112,-0.567826653865324,-0.388287405092906,1.28152036298149,2.2813186240549,-0.551980064673498,0.131680004332627,1.7065008416096,0.480217368626082,0.551021200072732,1.06772327708137,-0.872091461738152,0.817192267803581,-0.938444320238906,0.990854810318123,-0.578418903939853,-0.440845057560506,-0.402800957411009,0.969631412692971,-0.574567391161672,0.82893635723326,-0.42523865204255,-0.660262121385938,0.453939756489441,0.320230544045907,0.649934354679735,-0.490191614502914,0.674340712862153,2.58446892758136,-0.67265289501153,0.615235262484416,0.729660029361276,0.809550334438927,0.815970513749923,1.83191999643466,-0.721727210801833,1.37010876902646,0.930309111848422,1.08334417012026,-0.752576497540583,-0.774127007600307,2.26567510234578,-0.739571250856207,-0.769269638931583,-0.547342081550196,-0.66549608966086,-0.400497512029309,0.0793060238334089,1.51994768358132,-0.802317558831034,-0.431584442518366,0.969112166641462,2.82975987860455,-0.579507915169398,-0.620100662679788,-0.503796517211337,0.467165019428774,-0.2129298003738,0.910059531064408,0.335492672614346,-0.557349591175902,-0.369546657293855,0.821079436952853,2.27730143415832,3.15978313819743,0.474442248104908,-0.0789823420689324,1.39824572720294,0.819907263965832,1.03666118373317,-0.679399709028993,1.40223836716067,-0.58636397201414,-0.590419110099479,1.40859335899497,-1.42880819914641,-0.654451544220782,1.16859777828795,2.06825971772227,1.21424710398689,0.99910217839193,-0.453520463080941,-0.475498315316322,0.17675695550378,-0.632054548348183,-0.0100930047034499,-0.605022983692602,0.166049284508463,1.65528855252971,0.583829151763816,2.40161136432894,0.770956603933912,-0.49858944200454,-0.495454091056586,-0.625430816380737,-0.419839307586847,-0.73139551936346,2.42117445294573,-0.513248218781385,-0.586212932084341,1.71576123702461,-0.637586357654596,-0.419171849570317,1.57239009652462,1.71048710118665,-0.503708930529297,0.548107227935146,0.164805449964097,0.160703741217757,0.213301451081754,-0.793665704950216,-0.816725390488356,-0.404812961836128,1.52794525625935,0.966052956722527,-0.308653331643011,2.73673098649973,0.187554123234582,-0.60699609384901,1.15585418939131,0.983305767276589,1.25460004077856,-0.492093429498443,0.0496278544735572,-0.356127764920938,2.20733694495099,1.42937735220487,1.59156267379488,-0.627488378610812,-0.429499750025505,-0.464375891526999,0.432524829755202,-1.06964048874916,-0.455236351660987,-0.742946755276486,-0.582032151080456,-1.18959503173864,0.856542849426771,-1.41625945874523,0.859310264925346,0.894958118826779,0.989861264295292,1.03085070093945,2.41169622523189,-0.809608919621213,0.242420611948096,-0.504623527225731,1.18507696754127,0.932349933874233,0.761950280527148,-0.466764426657629,0.773970126395523,2.25231901333415,0.659652393671632,-0.444598034495984,0.340819377947421,0.218712605894415,0.582596530862269,-0.940150205056253,1.55765940024653,0.492269362006334,-0.414352476826801,-0.867875810443468,1.68171286979057,0.377001585540461,-0.430499440370047,-0.796259557655844,-0.77458771809739,-0.493593930889384,0.434628375967872,-0.558555906049502,-0.598213055580144,-0.710284973869927,1.33330527517965,1.04885044449667,0.794044745759971,0.551915277907693,-0.747997090271536,0.412802373676532,-0.566010699037032,-0.603032598624489,1.44505028586688,-0.598204255115836,0.584482056410264,-0.606204342383374,-0.63129034137311,-0.386808567195655,-0.473937637058681,1.43505776672613,1.17778947931092,0.0869447520046082,0.809562362007297,-0.735411990123146,-0.858462959667144,0.529915657163194,1.50484637363681,-0.388200013230897,-0.672522450531549,0.60520057135485,0.348398148588926,0.673734092079428,-0.7995406586986,1.8848613587492,-0.819944378140991,-0.380430093207073,1.24426310889336,-0.0992789237276286,2.21773470088748,-0.760805550465173,-0.435494706628581,1.52696991558789,-0.658091677882378,1.19499093368426,0.4250829591479,0.761875094599452,0.480515420521756,1.84035107930438,-0.836916634773705,-0.689391508662824,-0.740417895485083,-0.591226315601407,-0.517699977761507,2.35930789051937,0.859698405557766,-0.521979735973987,1.19051904538231,-0.545495229195593,-0.524254694445744,-0.831984299900153,0.51251637667234,1.0638306841257,-0.588297561945064,-0.164115661727991,0.757985646970758,1.12084279119376,0.552844982220041,2.53962811624122,-0.495614760728454,1.0184337579285,-1.05758031450463,2.10037297876205,-0.677053451143998,0.977020370275261,-0.792912836073741,-0.598637045425795,-0.757800053491713,-0.694758292889573,-0.55321502257966,1.47433288100874,2.92274249425637,1.58544751343028,0.788291701477006,-0.485816253127067,0.192354555742725,-0.847748388510819,-0.608508425207776,-0.616708057714315,2.11239577719346,-0.716476224852673,-0.609571261310305,0.942703782739077,-0.4791466881953,1.58127641053157,0.918879594818523,-0.623221682356157,0.097010808187918,-0.456566211138298,0.618568007943379,0.550187588230755,0.789821267053626,2.29356858342022,1.22446024419165,-0.693610145686299,0.917751745680349,2.43634243415546,-0.969526788505132,1.1466127180827,1.83215238580959,1.06371307766494,1.68458889558493,-0.384272493327475,0.829988003394645,0.381803514786761,0.745125445485459,2.32110365758937,-0.620494342313918,-0.601887066668739,-0.600466657719567,-0.969725385594821,1.29513809846436,1.45319325212899,0.325182849476007,-1.13130195465131,0.976858508701556,1.14998330803185,-0.571646636129868,-0.71593825275176,0.64525932958669,-0.220223277225079,-0.963894975231911,-0.367490929903791,-0.129862183818203,-0.573648085257991,0.129526813769766,-0.548246753341323,1.33253287877286,-0.74633402219577,-0.77689632987442,2.98756857935933,-0.410458854850929,-0.702854463496712,-0.376085254966847,-0.65323427697639,0.231570460903908,-0.487170846083124,-0.605815007708669,0.194534061321779,-0.512995918425756,0.484512618058416,-0.494007793907488,-0.829580232182152,0.00645166390935813,-0.682378934286747,1.29531553812568,-0.561688757941423,0.738338396925322,-0.505226462944271,0.522882783069914,-0.755650546229756,-0.800938882071613,-0.923820668091811,-0.543856568710744,0.886198377877691,0.301751835777279,2.7881259519941,-0.69252288453592,-0.518860584787243,0.759116729460424,-0.574522884957265,-0.766028616235394,-0.783162489495666,-0.566224935388611,-0.60068195999903,-0.675382976552414,-0.653790722557568,1.64745542363216,-0.569897592314005,0.967372656463483,-0.647904522193843,-0.664556936026652,1.65658028350648,-0.507817813873977,-0.536494698185429,1.38431540862089,-0.585376536065427,1.13994349781352,-0.454210725594474,1.64600376276256,-0.574696478706447,0.125648454407013,-0.785105315526192,-0.540641423031425,-0.665426753584578,-0.539307094691963,-0.348425147702436,1.12383106255851,-0.523080667456721,0.408642121772163,0.870438292103061,1.75450614064084,1.05564427805565,0.985715900973349,-0.505778909237946,-0.624275977269652,-0.743774131603622,-0.743846574768942,0.774826555923352,1.23253690732064,0.0147364370401372,0.881431443412391,-0.0269120753217288,-0.1906351175332,-0.625888537038413,-0.641289533744246,-0.56888790075037,1.01950748314689,-0.470465254505972,-0.726381607522248,2.16624727479159,1.13314762329888,1.14538910519185,-0.619881066592517,1.75311379214096,-0.363912718313512,-0.421387307249072,0.545711524274628,1.95458198748411,-0.73145250418656,-0.569578522132877,-0.436105875668738,-0.631759280520507,-0.406700539566019,-0.673273035311341,-0.565998932195026,0.640243633898084,-0.730817206313231,1.57449679955098,1.51889963439256,1.43349819799593,1.45677698857141,-0.495183843341153,0.102858864160901,0.673462407420854,-0.726611845001168,-0.553693741254614,1.04418737156378,1.4409549423404,3.16207464240713,-0.553901067919841,-0.479383335875246,-0.621606511720135,-0.974570951392448,-0.48805352537329,-0.865980025698746,-0.543434400240448,0.330737972473062,1.26458568006524,-0.563722602978791,0.37999384645892,-0.469274127030998,0.71508489362416,-0.796606268568196,-0.598331963886002,-0.491698944574237,0.479667295980612,0.209298242977833,1.53751323454341,-0.813165332182298,-0.94583725016588,-0.472351838475484,-0.494377357867234,0.547845963656976,0.992561411207236,-0.823990033085211,-0.0648588093342869,2.13349848419988,1.6956667509495,1.36632422829172,0.846437927177972,0.99970833850972,-0.623039723737013,-0.812575895131137,-0.441748500440315,1.06844509732016,-0.515370748508433,0.437736153515493,-0.750713194799017,0.631267729021623,-0.557916730587529,-1.05244496011756,-0.575643008354943,-0.61899979002849,1.23751661792123,-0.567597101091729,-0.623788878529261,1.26035172016955,-0.514869524021752,-0.440109756196063,-0.797330693575754,-0.628134209307874,0.0806225931370274,0.4291602522593,2.39910579257921,2.21865335521709,1.96786060395436,1.15894386422252,-0.465167799440612,1.64442023289884,0.376705927234335,1.19425172417266,1.65061012129494,-0.442246094950301,1.46780336073611,1.53501289418008,1.16601778423666,1.29101331496654,0.468027997072077,1.46801351217905,1.73906617847834,-0.518950740640203,"HC"
"HD-27-2",-0.555592417576326,1.48357177528319,-0.874316134855906,-1.03790453368905,0.495927160224475,2.05983996881756,1.98421315992656,0.733431052604858,0.246010723889581,-0.587392633752342,-0.5360100599205,-0.427166054873635,-0.642142611977996,-0.906954785415906,1.91672176898551,-0.651346582238803,-0.57729235363827,0.377519246686963,-0.496697729346053,-0.533225338772386,1.19594962783569,0.768478638230451,-0.72953949609161,-1.10737391109703,2.02278124602585,1.26933254203359,-0.671018873252328,-0.886090803404096,-0.59994073973799,-0.572265270403078,-0.449126948447106,0.801462731344389,0.461278785670831,-0.309529644846314,1.09456793878021,1.02721480451444,-0.497006264132812,-0.559309350558077,-0.205018489926867,0.562670722970043,0.980103167602047,0.285078138450013,1.21190248683685,-0.536928301917431,-0.535926408238852,0.870770843764751,-0.800523516316676,-0.684422976084699,-0.0362206359728618,-0.757778983174664,1.56583303437028,0.617840700995411,0.5096569896485,1.75105556219845,1.05872826083985,-0.374389587264773,-0.457301332060047,2.90240180083538,-0.535578881140264,1.79216225418718,1.7180454472235,-0.466862369479199,1.66435400358833,-0.361091310062088,-0.742272368002153,-0.597562997079172,-1.01277899053072,1.26644297926423,0.985419090000233,0.154348536186837,-0.890457490909887,1.54392288856912,2.35883422885385,-0.811355606421236,1.04722948709667,-0.427209662751993,0.857520819621986,1.22321776261523,-0.518709942838152,-0.310167173709315,1.83812249539733,-0.472497315307328,1.15569023386129,-0.572367111065056,1.35645797966407,-0.539991255188735,1.52183983324464,-0.510050775686776,1.49692682207331,-1.15438649345439,1.2674204131039,0.724906408153797,-0.439395440768505,-0.806924516606813,0.359826542011971,-0.386236372075434,-0.370292957722169,-0.652696741503466,-0.580182792717566,1.48172525751738,2.22447304928366,0.216031906859759,-1.00272583549808,1.07999713514096,-0.908370117980451,-0.612012511430763,1.04177209589668,1.01865191665047,1.64991195118818,1.74482104817887,-0.699577466702064,-0.848866007382096,0.899632123426786,1.09618700588657,1.11611686856785,0.42468215242025,-0.415332247460931,-0.257226149981684,-0.556437840594048,1.78035734577971,-0.864139486256635,0.839405407763598,3.41072128571134,-0.540935274554197,0.756772854288159,-0.466481924852692,0.392536339451951,1.73555403682724,-0.467269611423203,-0.781783811545767,3.32418423792924,-0.42618686188652,-0.515214523200561,2.93874613628738,-0.652232400369068,-0.433250890230484,1.8383009214204,-0.628682208598634,3.38950946838606,2.28389081240967,1.15161230050205,-0.521167552986871,1.50308364676438,1.05833081233634,0.629052216387976,-1.11633127205757,1.66350030723385,-0.630959826187288,-0.445041103063912,-0.360394763248112,-1.12185750843372,1.14561161210856,-0.544945209809633,0.369685999302661,-1.12931857316399,1.40707310115754,-0.803191037428762,-1.15278844781279,-0.881133953461138,-0.938055876675319,1.40488441335335,0.943841507434449,1.19529377159181,0.86353915431055,-0.0185864432852807,-0.440422043770802,0.95558458941912,-0.533884030225674,-0.866575554810563,2.80196066437574,-0.717586015732752,0.573642733628127,-1.19702951435578,-1.02331441862592,1.41918742799944,0.699500698271456,2.37562521688586,1.87844389967866,1.00344048261195,-0.399898634726296,-0.465400568692601,-0.326202886035301,-0.103301603254258,-0.59156966366512,-0.686166850667112,-0.567826653865324,-0.388287405092906,1.19230793853599,-0.547273332987266,-0.551980064673498,1.2286860894386,0.713694748405569,-0.954138085945745,0.943238698261597,1.22229593728837,0.152084184695738,-0.889556386155257,-0.938444320238906,1.41292837922508,-0.578418903939853,-0.440845057560506,-0.402800957411009,-0.372004399191815,1.30431337831324,1.00341944212379,0.0359412012058362,-0.660262121385938,0.771629498743846,-0.382768436914521,0.468082462096609,-0.490191614502914,1.70511269448758,-0.387458469999575,-0.67265289501153,-0.261248189652368,0.951200007204407,1.47563262602064,0.939359021199804,0.166635755747197,-0.721727210801833,1.92664727845539,0.982422999452029,-0.969552848986112,-0.752576497540583,0.712198665611307,-0.657239406583379,1.9098224353102,2.54887716671133,-0.547342081550196,-0.66549608966086,-0.400497512029309,0.38770966655045,1.04074705754497,-0.802317558831034,-0.431584442518366,0.263293607577958,2.47188693898128,-0.579507915169398,3.19757865209402,-0.503796517211337,-0.186888797578885,0.407033007231097,-0.939825400487642,0.309776649885176,-0.557349591175902,1.42264834101892,0.10298656885161,1.02868600321526,-0.362836635108256,0.777805240080552,0.854222627228237,1.06461167995723,0.967304339091393,-0.680703938055349,-0.679399709028993,1.35497811095312,-0.58636397201414,2.15516185929003,2.84124151511618,0.207809765817622,-0.654451544220782,1.22413756268372,-0.942110585579901,2.02014689049994,2.14479190513408,-0.453520463080941,-0.475498315316322,2.26524189477233,-0.632054548348183,0.930682770921737,-0.605022983692602,0.986873288604485,-0.461498819824216,1.41079928712721,-0.704852117823712,-0.657270497541832,-0.49858944200454,-0.495454091056586,-0.625430816380737,-0.419839307586847,0.550311062487486,0.798279290123197,-0.513248218781385,-0.586212932084341,-0.418816240327903,-0.637586357654596,-0.419171849570317,0.883492272224911,-0.504768109875833,-0.503708930529297,1.35352671295897,-0.924514780586802,0.708817364277193,0.992399669537872,0.460530977806826,-0.816725390488356,-0.404812961836128,0.916844522413959,1.40374052056377,0.218690596263697,1.25435173035438,0.559070825980318,-0.60699609384901,1.1676778524738,-0.972280070282039,1.37082862659453,-0.492093429498443,0.874484837289331,-0.356127764920938,-0.426152405790388,1.89896288165513,-0.826222229547082,-0.627488378610812,-0.429499750025505,-0.464375891526999,1.86957851389273,0.0131136838313101,-0.455236351660987,-0.742946755276486,-0.582032151080456,0.464919672928888,1.26286439418513,1.01917215587236,0.935322457957018,1.32897609890678,-0.708710560777974,1.09077852025637,1.94280355865522,1.39835861360967,-0.965937838928799,-0.504623527225731,1.67689103083365,1.12499760529043,-0.680117437351813,-0.466764426657629,0.607442128244381,1.06060176096,1.04859917023546,-0.444598034495984,1.32184788038867,1.45135374006671,2.57233426359716,1.68427158748556,2.07994647962352,0.449891488721037,-0.414352476826801,2.05286686507917,2.27384137092032,1.13283753076638,-0.430499440370047,0.652546134638308,1.22194655145839,1.69525814490304,-0.96499962340129,-0.558555906049502,-0.598213055580144,1.73988948754477,0.817130969430954,1.33091318283376,2.60121245988532,0.749412047964024,-0.747997090271536,0.759829337924429,-0.566010699037032,2.01964180076077,-0.730318235371536,-0.598204255115836,-0.71157305436993,2.27923719119525,1.49029053641839,2.1725994899764,-0.473937637058681,1.34847180367064,0.982154610807109,1.98645769100202,1.21342998854661,2.19844990380501,0.915446480148839,-0.889325548542612,0.202750982978953,-0.388200013230897,-0.672522450531549,-0.689569785356508,0.703240108840095,-0.538722496195877,0.549614031479775,-0.574547412051676,1.19750803165744,-0.380430093207073,1.42590305416813,0.487195045709562,-0.543996565944918,1.58611233874826,-1.21080455522408,-0.653697914574418,1.64383135606569,-0.719112826150793,0.806317232060023,2.54771995567582,0.347991336664852,1.58480143393159,-0.836916634773705,-0.689391508662824,-0.740417895485083,-0.591226315601407,-0.517699977761507,-0.508516510850491,-0.839734362004915,1.73842722959758,-0.61052131080658,-0.545495229195593,-0.524254694445744,-0.831984299900153,1.46715503696257,-0.719523549783808,1.7319307211315,-1.14485071477297,0.726376838982898,1.60339141889285,0.838673942850775,2.2362431872378,-0.495614760728454,1.73439413119119,-1.05758031450463,2.33922052132702,-0.677053451143998,-0.593681714206644,1.10197507406958,-0.598637045425795,1.37235898082209,1.00191259143428,1.64407767634374,-1.1319511214443,4.17602562519706,2.41683469758218,1.42115984041106,-0.485816253127067,0.232981884517992,0.882324343998613,-0.608508425207776,-0.616708057714315,1.10774251872378,-0.716476224852673,1.29008184140363,1.42265118271211,-0.4791466881953,4.47701177510032,-0.581450107692442,-0.623221682356157,-0.197486435679668,-0.456566211138298,0.963221227240269,1.3316157592546,2.73490331878579,-0.441282341989839,-0.476219412425662,-0.693610145686299,1.36774486226189,-0.569755773406841,0.534014070174191,-0.773643467427534,0.235491463551969,-0.909848144967057,-0.785445256160296,2.98877721223073,1.0875346582457,1.22819526197846,-0.911558242630226,1.52771355223789,-0.620494342313918,-0.601887066668739,-0.600466657719567,-0.441512712140805,0.360686569064494,-0.69871053666764,2.3554027728418,0.101051774985304,-0.205669494862798,1.54501537059886,-0.571646636129868,1.04256912780861,0.495095050602565,0.726655065819826,-0.963894975231911,-0.367490929903791,1.5682463289342,-0.573648085257991,0.395169025738469,-0.548246753341323,0.095280531065748,-0.74633402219577,-0.77689632987442,-0.513527807859149,-0.410458854850929,0.999554335850458,-0.376085254966847,-0.65323427697639,-0.751527203204582,-0.487170846083124,-0.605815007708669,-0.838746468088768,-0.512995918425756,0.762856829559376,-0.494007793907488,-0.829580232182152,1.1096456723488,1.12174552882229,-0.597600263298091,-0.561688757941423,1.12685391886734,-0.505226462944271,1.2679539747941,-0.755650546229756,1.4958949670901,-0.923820668091811,-0.543856568710744,1.31880467425977,1.05939325116482,2.44324419456267,-0.69252288453592,1.84086450728631,1.1382940745374,-0.574522884957265,-0.766028616235394,0.737637334854281,4.15132626963634,-0.60068195999903,2.7112680433201,2.7353321766228,-0.653851689833047,3.06105339987487,2.22200517737805,2.21791483168147,-0.664556936026652,-0.569034714136114,-0.507817813873977,2.45497301669935,1.15704208596202,-0.585376536065427,1.59217614113755,-0.454210725594474,-0.564900394388196,-0.574696478706447,-0.0380070470989792,-0.785105315526192,-0.540641423031425,1.63717260226789,-0.539307094691963,-0.348425147702436,2.96220620044433,-0.523080667456721,-0.831156261607636,1.25345537742498,-0.782401068500164,0.860893466028977,2.15687563012517,-0.505778909237946,-0.624275977269652,0.758314796666356,1.2271215430128,1.7628605138179,-0.397363968993432,0.255185520444438,1.56018000897133,0.261092753043224,0.535037836719228,-0.625888537038413,2.18800153124512,2.95671461168683,0.840095288748786,2.18537631414236,1.63433735199734,-0.604395814203172,1.58924275115251,-0.609921532378848,-0.619881066592517,1.50293377578308,-0.363912718313512,1.43781168268017,1.27658781659037,-0.530264405273805,0.795173531783699,1.91638709134313,2.68883392153302,1.48763406441899,-0.406700539566019,2.44605700327107,-0.565998932195026,2.14281078946362,-0.730817206313231,-0.520238954117215,1.5810660184038,-0.991190188200663,1.91904110206129,-0.495183843341153,0.89383292228275,1.03638787474984,1.15243691661975,-0.553693741254614,1.46937626347421,1.94837591604823,-0.606291521024171,-0.553901067919841,-0.479383335875246,-0.621606511720135,-0.974570951392448,-0.48805352537329,-0.865980025698746,-0.543434400240448,-0.767155531633286,-0.617518100327603,1.42431242594094,-0.524092166767868,-0.469274127030998,-0.71456688213729,1.12908169512377,-0.598331963886002,-0.491698944574237,0.783357725612463,0.6230380156076,-0.683218747620856,-0.813165332182298,0.731057945401955,-0.472351838475484,-0.494377357867234,1.47605909314939,1.43590541758239,0.485879213553962,3.00190134620989,2.81194312565062,2.22804713254377,0.152574195201875,0.987253187923749,-0.614835278634353,-0.623039723737013,-0.812575895131137,3.03887328059571,0.401156869296446,-0.515370748508433,-0.000521672074380977,0.673069162915809,-0.807101569604255,0.87295110840487,-1.05244496011756,2.41686363063966,-0.61899979002849,-0.46950194156598,-0.567597101091729,-0.623788878529261,1.0558836959449,-0.514869524021752,-0.440109756196063,1.67353849487628,-0.628134209307874,-1.11711648863016,1.41099144398139,-0.559609290515974,-0.575080500923803,-0.624478446322977,0.967479769821406,-0.465167799440612,1.02780596731073,-0.870570227459186,1.38411458030978,2.19984626264792,1.86095256932621,-0.590310521918287,-0.597626308220176,-0.535005976446535,0.0611955618848084,-0.86340182998155,2.06024870313882,2.95125410154651,-0.518950740640203,"HC"
"HD-29-2",-0.555592417576326,-0.665330012844802,-0.874316134855906,-0.0931352864870516,-0.628828973498584,0.209061145283053,1.44068975268755,0.649205903581698,-0.0950421691776349,0.629320919040217,1.04418134300124,-0.427166054873635,-0.642142611977996,-0.906954785415906,-0.522805082503363,-0.0754553445517603,-0.57729235363827,-0.951756607893985,1.41224268220074,-0.533225338772386,-0.892044314129933,0.433351599243714,-0.72953949609161,0.197086355475911,0.127515207010962,0.269975561933855,-0.671018873252328,0.723434048428698,1.6196403925455,0.92681380543236,1.00143146674864,0.958221136416174,0.105111750689702,-0.309529644846314,0.720352337428848,0.145782376895768,-0.497006264132812,-0.559309350558077,-1.35148615893941,1.06289607575724,-0.237110441988965,0.407634949429361,0.553014532414488,1.24423471548339,-0.535926408238852,0.107972439656148,-0.11026399287332,-0.684422976084699,-0.224839316610237,-0.757778983174664,-0.0652544939767745,-0.722133608031586,-0.16090006740405,-0.118318838358241,1.21481021296851,1.31321581057377,-0.457301332060047,-0.488378971130679,-0.535578881140264,0.0670749327114621,-0.940150463465516,-0.466862369479199,1.13437553025707,-0.361091310062088,0.511290838632655,-0.597562997079172,1.25543186950078,0.558622411728351,0.924234395927646,0.367787913498855,0.410738943830272,-0.172360920030964,0.74608744832955,-0.811355606421236,-0.594144064245794,2.65398636220148,0.0866026137074141,1.13245536727302,-0.518709942838152,0.275969137574272,1.261204218709,-0.472497315307328,0.362155891033447,0.705887549256586,-0.632421218362915,1.89938935405796,1.41704997203862,1.43066166039318,1.69583900082094,-0.391714467375518,0.253190078509571,0.506329422740462,-0.439395440768505,0.792983595407494,-0.824109659368058,-0.386236372075434,-0.370292957722169,0.486397288827889,0.575761646822403,-0.893144250525708,-0.504580611844278,-0.0394619714754358,0.856463914645765,0.667249145863489,2.26107877505121,2.2362668200451,0.616069965493209,0.465632620660843,0.842312188693019,1.17482072348671,0.699171832410091,0.0500635487839767,0.93186386036218,-0.592394335996418,-0.563564816816346,1.10387395352175,-0.415332247460931,-0.171050867099697,0.256737803749454,1.66259903916746,-0.864139486256635,0.583588243997958,-0.434538970011261,-0.540935274554197,0.246592035367765,-0.466481924852692,0.283483295014712,-0.71314737154191,1.08102605499059,-0.781783811545767,2.09343344191743,-0.42618686188652,1.58479254035277,0.844041446930843,-0.652232400369068,-0.433250890230484,1.01309282632179,1.92040268635327,0.463579369818106,1.0378135979116,0.747514950177142,1.27639852605086,0.437880626527271,1.66201638069796,0.292786559809379,-1.11633127205757,-0.680795110743151,0.66801827731775,-0.445041103063912,-0.360394763248112,-0.189876335116951,1.08752483277693,-0.544945209809633,0.374770597992183,-0.261576671656218,-0.317560631220384,-0.803191037428762,0.934655047077899,0.356037494746514,-0.938055876675319,0.349956782330655,0.16487885464561,0.313424964194435,1.10421459532643,0.110761110456841,-0.440422043770802,0.568057120680217,-0.533884030225674,-0.866575554810563,1.00855999984882,1.3368499287815,-0.282615677739717,0.795630907751164,0.0546290044056257,-0.529739447900487,0.328019050109923,-0.484444351416916,-0.724735509236815,1.14558209086333,-0.399898634726296,-0.465400568692601,1.1088828465943,-0.188261720184262,-0.59156966366512,-0.686166850667112,1.15049417244995,-0.388287405092906,0.335039370305914,2.11598860348471,-0.551980064673498,1.02701603600946,1.31031058744295,-0.954138085945745,0.52954745681202,-0.0293502356493852,-0.0729488222458197,0.784310779987036,0.215344965032536,-0.654078746223719,-0.578418903939853,1.54341787262254,-0.402800957411009,-0.0703224389594272,0.891483615457809,0.867959632330826,1.16448023426822,-0.660262121385938,-0.784182116331742,-0.0626563957816343,0.983691688099722,3.6735966893848,0.647386951330918,-0.387458469999575,0.965281550372145,-0.477852942077759,0.755302845271258,1.67716334283979,0.236260210396974,1.49969972507763,0.521818022025024,0.412076816583111,0.160209976030302,0.0742530900736943,0.617052010079489,-0.774127007600307,-0.657239406583379,-0.739571250856207,-0.769269638931583,-0.547342081550196,1.3462348690188,-0.400497512029309,-0.193599715657645,0.154735516498639,0.320551863389013,-0.431584442518366,-0.431935814433315,-0.631943764721935,-0.579507915169398,-0.620100662679788,-0.503796517211337,-0.101020501607101,-0.228867245009742,1.25746238785832,0.75616233164346,-0.557349591175902,0.150384138845348,0.330608848709482,-0.670603752641226,1.39781865963586,0.000953331336390102,-0.902564283763228,-0.293820866398581,1.10870381454384,-0.680703938055349,-0.679399709028993,-0.798624539569438,-0.58636397201414,-0.590419110099479,1.37176413248189,-0.646432242556232,0.692762440684667,-0.755865250545603,0.68496832701801,-0.157555801877746,-0.237274954500672,-0.453520463080941,-0.475498315316322,-0.902316908801359,-0.632054548348183,1.03712975588518,-0.605022983692602,-0.915536831645335,0.963245228063511,0.236682655753225,-0.704852117823712,-0.657270497541832,-0.49858944200454,-0.495454091056586,-0.625430816380737,-0.419839307586847,0.673953976830205,1.85570540360895,-0.513248218781385,2.53353132658641,-0.418816240327903,-0.637586357654596,-0.419171849570317,0.344544809183406,1.66780894405781,1.5574176489087,0.783483978552364,-0.924514780586802,0.133420070004369,1.75601208721903,-0.0945226039143686,0.564581864862875,-0.404812961836128,0.143247962081341,1.60733199984413,-0.0461236053117174,-0.763076391897337,0.542592071759265,-0.60699609384901,0.737078344119865,-0.164536983939569,1.13214545886373,-0.492093429498443,0.156427192367828,-0.356127764920938,-0.426152405790388,0.752368022511944,0.40311281161151,-0.627488378610812,-0.429499750025505,-0.464375891526999,0.0340682984351461,0.658449029841994,-0.455236351660987,0.782384229628734,-0.582032151080456,-0.255303017136141,2.11654842070376,0.201376793645655,0.277857966980705,0.861958424090886,0.956723293309795,0.128032733072703,-0.79167821863407,-0.809608919621213,0.698950551897875,1.91824522996936,-0.863563219649252,1.49991196974888,-0.680117437351813,-0.466764426657629,0.294510363918897,-0.561253030076281,0.629917418762614,-0.444598034495984,0.308553930749579,1.66566828016112,0.555637982310331,0.266176206163026,-0.477833002749308,0.261310027816834,-0.414352476826801,0.474655729216459,-0.747265772882252,0.753282402196832,-0.430499440370047,1.13729713869576,-0.77458771809739,-0.493593930889384,-0.96499962340129,-0.558555906049502,-0.598213055580144,-0.710284973869927,-0.614764475187905,0.926640562522766,0.0835543785632502,0.358138349186868,0.840362342931554,0.680139713543514,-0.566010699037032,-0.603032598624489,0.35696178671949,1.35313555661833,1.07414467387837,-0.606204342383374,2.01524237061411,-0.386808567195655,-0.473937637058681,1.13192928802303,-0.675677485964019,-0.799036810595303,0.778855089495106,-0.735411990123146,0.531098442661088,1.84242820775941,-0.388308363577913,1.78172300532639,-0.672522450531549,-0.689569785356508,1.30500937276431,-0.538722496195877,0.253176269248975,1.14192279715138,-0.819944378140991,-0.380430093207073,1.20514504490349,-0.11461469128658,2.82710375542891,-0.760805550465173,0.595755619453873,1.10378879440233,2.14172690782347,1.56579106637482,0.395937605020922,1.35732740118499,-0.775032802607551,1.10898291354093,-0.836916634773705,1.41526910666285,-0.740417895485083,3.08382887024667,-0.517699977761507,-0.508516510850491,0.826957862471919,1.9564828351327,1.89498358096822,-0.545495229195593,1.09937827591255,-0.831984299900153,-0.745395082740569,1.40930202190988,1.22212759395348,-0.183010082780064,-0.0992141485374027,0.54240217962246,0.770713138901693,1.74325888211904,-0.495614760728454,-1.18836044397162,1.12925372254355,-0.997877754173032,1.36540577180634,-0.593681714206644,0.685628204544324,2.10873330321968,1.27319733757352,1.16558603728278,-0.55321502257966,0.326602256045874,-0.392786433490695,2.37036304733779,-0.0899291287866066,-0.485816253127067,0.0482739133031862,2.09770995550614,0.835949892590428,-0.616708057714315,-0.682642890579754,0.810773081826969,-0.609571261310305,1.1865998641457,-0.4791466881953,-0.527848653802147,0.889609191638285,1.68560512400258,0.13414274042476,-0.456566211138298,0.93204681887857,-0.0856800673425974,-0.781460697748757,-0.441282341989839,-1.20266300647864,0.774429599513938,0.288523401313349,-0.569755773406841,-0.969526788505132,0.566541448393872,1.67610905972239,-0.909848144967057,-0.785445256160296,-0.384272493327475,-0.777454081363004,0.491984939806748,-0.911558242630226,-0.67319351540593,1.0675556132804,-0.601887066668739,1.03136864374468,-0.969725385594821,0.513492498626625,1.56525689597627,0.302433403441697,0.501259247508684,1.22321762637827,0.749658013406798,2.40423889975181,-0.71593825275176,0.920859592068243,0.968192709603588,-0.963894975231911,-0.367490929903791,-0.14697916852213,1.30109408963917,0.520665499663417,-0.548246753341323,0.507403786970179,-0.74633402219577,-0.77689632987442,-0.513527807859149,-0.410458854850929,0.625499189650894,-0.376085254966847,-0.65323427697639,0.897155361399776,-0.487170846083124,-0.605815007708669,-0.838746468088768,-0.512995918425756,0.463349268997758,1.50958544721542,0.152812378615307,-0.0165454616069222,0.725341304367361,-0.597600263298091,-0.561688757941423,1.31039902530011,-0.505226462944271,-0.914483551563009,0.807742991816123,0.47941495871278,-0.923820668091811,-0.543856568710744,-0.799784033987206,0.51607728836862,-0.547914033241979,0.827562796687307,-0.518860584787243,1.75959896516999,-0.574522884957265,-0.766028616235394,-0.783162489495666,-0.566224935388611,-0.60068195999903,1.51211427692292,-0.653790722557568,-0.653851689833047,-0.569897592314005,-0.685835715519622,-0.647904522193843,-0.664556936026652,-0.569034714136114,-0.507817813873977,-0.536494698185429,-0.768897864954003,1.40364849103842,-0.622528035985135,-0.454210725594474,-0.564900394388196,-0.574696478706447,0.367072625019859,-0.785105315526192,-0.540641423031425,-0.665426753584578,-0.539307094691963,-0.348425147702436,-0.498591251333388,-0.523080667456721,-0.831156261607636,1.88105191344177,0.672593078990132,1.41307532141796,-0.557501763870755,3.61155061255595,-0.624275977269652,-0.743774131603622,0.354855710808426,3.57429185340911,1.20073865943307,0.368780087746417,1.01636621999989,1.01111151981806,0.170629537285418,0.756969136065784,1.58307385041016,0.84788252903727,1.3487871773792,1.6018318642872,1.86206979578147,0.984653034231767,1.09846933649859,-0.609921532378848,-0.619881066592517,-0.61712009938149,3.75657264261398,1.02930642221702,0.454229100292019,1.70915056784487,0.834467164439777,-0.569578522132877,-0.436105875668738,-0.631759280520507,-0.406700539566019,2.74025615274035,1.46372771287063,-0.685817859793634,0.816485758015798,0.344979176554146,0.863711627161102,0.0993953123466004,-0.344789866784545,1.20160412545115,-0.939394475450667,-0.74095518162433,-0.726611845001168,-0.553693741254614,-0.612887431730709,-0.536600271805562,1.08865844532498,-0.553901067919841,-0.479383335875246,-0.621606511720135,1.38382587670242,-0.48805352537329,0.148991617953853,-0.543434400240448,0.745533147809645,1.9611234980542,-0.563722602978791,-0.524092166767868,-0.469274127030998,-0.71456688213729,-0.796606268568196,-0.598331963886002,-0.491698944574237,-0.703895512265653,-1.53945026252568,-0.683218747620856,-0.813165332182298,0.889214066807234,-0.472351838475484,-0.494377357867234,0.519497380889533,2.56545520842505,0.19807329247213,0.518231356299454,-0.558717666256494,-0.379161949641383,0.981492131156318,0.266016151652514,2.09279999358712,-0.623039723737013,1.30565530951485,1.49849957945182,2.63398314692146,2.19752347071418,1.3230708398955,1.88942782669061,-0.807101569604255,-0.557916730587529,0.0171211777452496,1.09250872591522,-0.61899979002849,1.20421385694228,-0.567597101091729,-0.623788878529261,-0.67680156571333,1.20353229862348,-0.440109756196063,0.58003792046875,-0.628134209307874,0.706806252113659,0.91794918188537,-0.559609290515974,1.67650043803127,-0.624478446322977,1.38729998539921,1.46664371584965,0.645651224168614,1.53018540663016,0.107303651990841,1.6086210269861,2.08313617920528,0.846088017708424,1.94814770736244,-0.535005976446535,0.41093999615164,-0.86340182998155,1.4227371412087,1.69401340400757,-0.518950740640203,"HC"
"HD-30-2",-0.555592417576326,-0.665330012844802,1.21345247570323,1.58834444755995,1.46074963587174,1.49798018528985,-0.489483674713921,0.73880197008238,0.0562088294570355,-0.587392633752342,-0.5360100599205,-0.427166054873635,1.09904276627707,0.311819589952778,-0.522805082503363,1.65477010490189,3.32450443900823,-0.951756607893985,-0.496697729346053,-0.533225338772386,1.77586205542129,0.782014766598121,-0.72953949609161,1.14738515708104,1.58450209399784,1.13876327130681,0.60564591189293,1.1864962495589,-0.59994073973799,-0.572265270403078,-0.449126948447106,0.815884117009817,-0.125520880383587,-0.309529644846314,1.8616637992759,0.471048409479297,-0.497006264132812,4.02097157910028,0.952920324958677,-0.97766678067334,0.998733969972551,0.808404027947417,1.00635158738407,1.76605648190624,-0.535926408238852,0.807405487317353,-0.800523516316676,-0.684422976084699,-0.0286021320127885,0.951078467940316,-0.804466674495576,-0.722133608031586,1.54370478884086,0.626633087613148,2.21076985322296,-0.374389587264773,-0.457301332060047,-0.488378971130679,-0.535578881140264,1.24749433413822,2.69609367288522,-0.466862369479199,0.981307946703892,-0.361091310062088,-0.742272368002153,2.20631082539632,0.975187178462784,-0.107905571239308,1.05679136959572,1.49967345921308,0.785094695148703,-0.950184227790595,1.85666205778135,0.689300201121089,-0.594144064245794,4.0932638165609,-0.884442638278434,-0.726511286645635,3.45213768585737,-0.310167173709315,1.09457955192721,-0.472497315307328,0.94512386712124,-0.572367111065056,1.9088426110182,-0.539991255188735,-0.729222797826837,-0.510050775686776,3.90736563923442,0.70551260241472,2.1460179821849,-1.04938131129347,-0.439395440768505,-0.806924516606813,1.96407309055603,-0.386236372075434,-0.370292957722169,1.40850518003448,2.32048815625568,1.16566329544548,-0.504580611844278,1.57535932496576,-0.116948339016457,3.34400003722597,2.04256172108658,2.48984646953757,0.706777146705627,1.27227381855543,-0.877494153250386,0.474347973526123,-0.699577466702064,2.23164733894272,0.91651172152724,-0.592394335996418,-0.563564816816346,0.950807562526673,1.70353205092281,0.787055041076651,-0.556437840594048,-0.749289324826282,0.727548199536006,1.5386034745262,-0.434538970011261,-0.540935274554197,0.9419781777631,-0.466481924852692,-1.07767110647549,-0.71314737154191,-0.467269611423203,1.23835358873298,2.25020799392517,-0.42618686188652,-0.515214523200561,1.25632765806014,2.36308584268539,-0.433250890230484,1.92570046754337,-0.628682208598634,1.55244236093365,1.5074510792301,1.16916681039535,-0.521167552986871,0.691039832921785,1.07434330684256,-0.922939115191811,-1.11633127205757,0.537257017380631,-0.630959826187288,-0.445041103063912,-0.360394763248112,0.0831632785410256,1.64145567724127,1.88847372589429,1.40012364993797,1.84431878298288,1.52228212391132,1.22115537697364,1.51550978740097,2.13590873235323,1.2366616775963,1.17710923372281,0.699640702945515,-0.797373187578022,1.57693056506932,1.05433279219416,-0.440422043770802,1.6689081212381,2.82640055705098,1.08215358066648,-0.517026089783175,1.17272878806485,0.816781566790626,1.15913545229998,1.68162456016162,2.221994023364,-0.991195534761472,-0.484444351416916,1.15151977498101,0.713829236306875,-0.399898634726296,-0.465400568692601,-0.323244472111633,0.030187573157353,2.65067826358498,0.563065718479655,2.11516289166884,-0.388287405092906,2.23924050651478,-0.547273332987266,-0.551980064673498,1.24631606458358,1.48902971349273,0.10951707686665,1.60931581273447,1.7405701363837,1.13323834406438,0.650591843921416,1.95681858907132,1.43127257798644,1.07409160195375,-0.440845057560506,2.25869229154951,0.269998304229346,-0.574567391161672,-0.0482004721509734,-1.03292766190848,-0.660262121385938,2.87977131479818,0.913623288281175,2.55619989641552,-0.490191614502914,-0.724722993416231,-0.387458469999575,-0.67265289501153,-0.252499299253246,1.07051281475786,2.1406510963697,0.517344119943391,-0.826299878399175,1.52848019540892,0.789533741841349,-0.875446007171464,1.43132233953007,1.01830779644335,-0.774127007600307,1.51026593386225,2.21995899359777,-0.769269638931583,-0.547342081550196,0.855262892543159,-0.400497512029309,0.765624560613267,2.40704135635538,1.22952577375399,-0.431584442518366,-0.175382380786806,-0.631943764721935,-0.579507915169398,1.36349422821804,-0.503796517211337,0.665848051783629,1.19669456833823,2.3940558852147,-0.394261967805402,-0.557349591175902,1.13510507985915,1.71989016062777,-0.670603752641226,2.82308654599811,0.365942373622179,-0.902564283763228,-0.06731639654352,1.6757056686924,-0.680703938055349,-0.679399709028993,-0.798624539569438,-0.58636397201414,-0.590419110099479,-0.479183249951239,-0.280971536377979,2.01057084752787,0.671232216637963,-0.942110585579901,0.69776439935506,-0.305788881047747,-0.453520463080941,-0.475498315316322,0.465670328677104,2.74761964086143,0.713798746884513,2.84185022979764,-0.915536831645335,-1.08443220697467,0.911912931611105,-0.704852117823712,-0.657270497541832,-0.49858944200454,-0.495454091056586,-0.625430816380737,-0.419839307586847,1.77817832163579,2.08812909531717,1.54639256080041,-0.586212932084341,-0.418816240327903,-0.637586357654596,-0.419171849570317,0.352644248873703,-0.504768109875833,3.22592001400542,1.04256369566124,-0.924514780586802,0.0221088646945147,1.39524720916752,-0.793665704950216,-0.816725390488356,-0.404812961836128,1.30682213252755,0.509461966215032,-1.00352564046401,1.27225592720291,1.2444617762429,1.94574444497737,-0.943549081967018,0.489339038716167,1.61261503801751,-0.492093429498443,1.35011336862873,-0.356127764920938,-0.426152405790388,0.71909234110917,1.814164059642,1.52893801360832,-0.429499750025505,-0.464375891526999,1.42355603854892,1.10670150780377,-0.455236351660987,1.22122375578952,-0.582032151080456,0.658596248373678,1.28042408112103,0.475898379339147,1.14820357053741,-0.796526001879866,1.44464024819283,2.23102168878082,-0.79167821863407,0.337609785008134,-0.965937838928799,2.61530743343815,-0.863563219649252,2.41677833466104,2.35750844268328,-0.466764426657629,-0.836854594027651,2.21540517003271,1.06540798512429,-0.444598034495984,0.463327991615665,1.80739471801561,-0.799233124164901,2.08694682167928,-0.477833002749308,0.986233535401861,-0.414352476826801,-0.867875810443468,-0.747265772882252,2.09556398004131,-0.430499440370047,1.24934162222601,-0.77458771809739,2.59689529940745,2.04604151933196,-0.558555906049502,-0.598213055580144,-0.710284973869927,-0.614764475187905,1.55650277772258,1.27735465952923,0.243755079466551,-0.747997090271536,-1.01074181138039,-0.566010699037032,-0.603032598624489,-0.730318235371536,1.89611790914724,-0.71157305436993,2.30386994112313,-0.63129034137311,4.7576160697138,-0.473937637058681,1.39523024552054,2.5703478694005,-0.799036810595303,1.23098291903146,-0.735411990123146,0.930876899536091,1.6287029853868,1.89776817322143,-0.388200013230897,-0.672522450531549,0.951864950519653,1.08230987183288,-0.538722496195877,0.561587459868941,-0.574547412051676,1.21541244405219,-0.380430093207073,2.05375799782205,0.781466938104863,1.70374391299503,3.72247337168724,0.164756070800075,1.6094197966134,1.66385472197927,2.99436793085071,1.22887586078733,3.06355050292558,-0.775032802607551,1.60402023701951,1.11770889741513,2.59682974952044,-0.740417895485083,1.82929772114098,-0.517699977761507,-0.508516510850491,1.76264218224234,1.75848780614205,-0.61052131080658,1.59752788051641,-0.524254694445744,1.75560857794438,-0.745395082740569,3.03700113142979,-0.588297561945064,0.0937126032225324,1.00444530902643,-0.794015296702858,1.33108330342713,0.674066129901243,-0.495614760728454,1.09892152015342,3.07493626937668,0.496687893544326,2.51204642964284,-0.593681714206644,-0.792912836073741,-0.598637045425795,-0.757800053491713,-0.694758292889573,-0.55321502257966,1.942887070771,3.24319774905689,0.336409421603446,0.623853715718257,2.85791920530544,0.245558403550055,1.59498001994727,-0.608508425207776,-0.616708057714315,1.84524233598586,-0.716476224852673,-0.609571261310305,1.79353457182357,-0.4791466881953,-0.527848653802147,-0.581450107692442,-0.623221682356157,1.07027612060509,-0.456566211138298,1.71930767799884,0.577739410517028,0.636444118773894,-0.441282341989839,1.10469060390346,1.2045166188016,1.62746312310369,1.65943495348255,-0.969526788505132,-0.773643467427534,0.677503614927884,1.58254827604497,-0.785445256160296,-0.384272493327475,-0.777454081363004,0.953527173603878,1.1806557954536,1.5472460812781,2.4340487590233,-0.601887066668739,-0.600466657719567,1.88712810068372,1.72925114799892,-0.69871053666764,0.209918376847935,-1.13130195465131,1.2063239180555,1.59832298358813,-0.571646636129868,1.05817546438827,3.52753981432455,2.67062079600575,1.49202074354715,3.10666933555476,2.37004447660183,1.84045962790405,2.15793118225764,-0.548246753341323,1.11274639336558,-0.74633402219577,-0.77689632987442,3.43803928008485,-0.410458854850929,1.01466281080626,-0.376085254966847,4.41547989955749,0.494786976187871,-0.487170846083124,1.69434401000483,-0.838746468088768,-0.512995918425756,2.83753833227047,-0.494007793907488,0.948068919829793,-1.18723863498533,2.40632975418231,-0.597600263298091,-0.561688757941423,-0.775810477487309,-0.505226462944271,-0.914483551563009,1.26576551399248,1.51587406453438,1.239577808005,-0.543856568710744,-0.799784033987206,1.05756757374648,2.46926289927932,-0.69252288453592,-0.518860584787243,1.90320627078269,-0.574522884957265,-0.766028616235394,1.36408881659787,-0.566224935388611,-0.60068195999903,-0.675382976552414,0.935607832041891,2.24210350962792,-0.569897592314005,-0.685835715519622,-0.647904522193843,-0.664556936026652,-0.569034714136114,-0.507817813873977,-0.536494698185429,-0.768897864954003,-0.585376536065427,-0.622528035985135,-0.454210725594474,-0.564900394388196,-0.574696478706447,2.7581280963448,2.13156101657262,-0.540641423031425,-0.665426753584578,-0.539307094691963,-0.348425147702436,2.99175071111579,1.99701631770408,1.83604098132643,1.27010209984435,1.85042524151137,0.875539847173793,1.39890005438427,1.45584864153912,2.37838676739702,3.27268117634132,0.676739088035424,1.67923702216905,-0.397363968993432,1.38326512572293,1.94160499188479,1.61228265362583,1.68284564630408,2.40826867158187,1.7119698103949,-0.56888790075037,1.46636531432074,-0.470465254505972,-0.726381607522248,2.88216980430018,1.60906559791618,2.50436394181916,2.90779303424214,-0.61712009938149,-0.363912718313512,-0.421387307249072,0.58342139525851,-0.530264405273805,-0.73145250418656,1.06202328040832,-0.436105875668738,2.3606596132629,-0.406700539566019,-0.673273035311341,3.44915160724097,-0.685817859793634,-0.730817206313231,-0.520238954117215,1.8496307978058,0.982235068602358,-0.344789866784545,1.69870679739652,0.381913837142054,1.05216137349197,-0.726611845001168,1.74791252307791,-0.612887431730709,-0.536600271805562,1.5852226434349,2.47092527637153,1.98604313762249,-0.621606511720135,-0.974570951392448,2.54098083197352,1.70687154798876,-0.543434400240448,2.92178048676526,-0.617518100327603,-0.563722602978791,1.42088191464698,-0.469274127030998,2.36106487039953,0.591343484436723,-0.598331963886002,-0.491698944574237,0.796556745910079,0.273079837918111,1.32074148628447,0.661640705923672,1.10516881411924,-0.472351838475484,-0.494377357867234,-0.975604745971856,1.92730624038181,2.26076642074934,2.3891010154162,-0.558717666256494,-0.379161949641383,1.53193272338814,1.3192782445317,1.43198944362659,1.34760830125316,4.22868127247063,-0.441748500440315,2.98906615405671,-0.515370748508433,0.688421507890153,1.25955697899119,-0.807101569604255,-0.557916730587529,0.857510682994014,1.58122192966704,-0.61899979002849,2.55910336065837,-0.567597101091729,1.29273772459752,1.76961553111593,2.59459558113759,2.43844453070084,0.983561301638501,-0.628134209307874,1.58474737015341,1.43078561004376,1.63444418722852,-0.575080500923803,-0.624478446322977,0.981964289604438,3.03046425668308,1.42130207087921,1.34235660596526,-0.978836790500469,2.80861752805588,1.88139291206341,1.26690521181848,2.66812820916992,-0.535005976446535,1.39632598725167,-0.86340182998155,1.2386120131474,3.93741364821144,-0.518950740640203,"HC"
"HD-31",-0.555592417576326,-0.665330012844802,-0.874316134855906,-0.127684036801145,0.128203450917649,0.2184581678935,-0.489483674713921,-0.4075002334015,-0.502673567151866,0.584827586024038,0.730196938369747,-0.427166054873635,1.18182789954886,0.369766549738448,-0.522805082503363,0.505867637689352,-0.57729235363827,0.758888089710156,3.11828912873649,-0.533225338772386,0.40788768895976,0.389831072386768,1.25174030622844,-0.121350944362685,0.707598059393342,0.487200223385782,-0.671018873252328,0.217410068792944,-0.59994073973799,1.4281160757647,-0.449126948447106,-0.823525490657949,0.840791464404966,-0.309529644846314,0.50439774421454,0.866646404346455,-0.497006264132812,1.02815079257621,-0.735766382053371,-0.97766678067334,-0.276021177194603,1.61351417215982,0.827795611429675,-0.536928301917431,2.11623304046124,0.137309702349396,-0.800523516316676,1.34805043775283,-0.894666522630992,-0.757778983174664,0.752023932234695,1.25784583748514,-1.00553084851786,-0.416395986779515,-0.559247717928647,-0.374389587264773,-0.457301332060047,-0.488378971130679,1.35000317607605,0.330239304995497,0.365735586778562,-0.466862369479199,2.08936950505676,-0.361091310062088,-0.742272368002153,-0.597562997079172,-1.01277899053072,-0.557584150820895,1.12549120121522,0.103695914240989,1.05927211164946,-0.200804715516323,-0.62582241159886,-0.811355606421236,-0.594144064245794,-0.427209662751993,0.0510929905333945,0.74558050683519,-0.518709942838152,-0.310167173709315,0.605450468464499,-0.472497315307328,0.595197536068,-0.572367111065056,0.248344635148224,-0.539991255188735,-0.729222797826837,1.3596928078568,-0.56503564513667,0.0907670381640457,-0.160453078721215,0.126558311139506,1.56222762408773,0.289983055234965,0.0659088160209887,-0.386236372075434,-0.370292957722169,-0.652696741503466,-0.580182792717566,-0.893144250525708,-0.504580611844278,-0.946777991831266,-0.342704300127077,-0.824988666868521,0.886703162716202,1.22836425267496,0.78383973151256,0.685853917549117,0.61514638478116,1.57195336734044,-0.699577466702064,0.368681344668508,0.411849548822882,0.676988752147435,-0.563564816816346,-0.852561903334732,-0.415332247460931,0.169440882032113,-0.556437840594048,1.5764183938316,0.586607689828193,0.569213991998351,-0.434538970011261,-0.540935274554197,0.489597146251244,-0.466481924852692,0.469866019491294,0.811351939865709,-0.467269611423203,1.05947478140382,0.911901225018729,-0.42618686188652,1.60355157469754,-0.563237817945086,1.62331560021785,-0.433250890230484,0.354584063570175,-0.628682208598634,-0.96051637736292,0.692223910330877,0.476717022025619,-0.521167552986871,0.108450318428583,-0.74594206276323,1.80118182058638,0.147534376072299,1.1031965768954,-0.630959826187288,-0.445041103063912,-0.360394763248112,-1.12185750843372,0.604267118090597,-0.544945209809633,0.778507043721573,0.0459869301394937,-0.946374554527438,-0.803191037428762,1.08619175458972,0.570906982913827,1.33786022398783,-0.194052472052961,-0.0194223563281193,0.272804793598707,0.671175690071422,0.507923431903668,-0.440422043770802,1.45439318218211,-0.533884030225674,0.768611208271979,-0.517026089783175,0.690948841037474,0.190314913935002,0.446736539088037,0.015210280431142,-0.529739447900487,0.795603234484876,1.05157924878691,-0.724735509236815,0.294323054370277,-0.399898634726296,-0.465400568692601,1.19272652044112,0.0124569703573026,-0.59156966366512,-0.686166850667112,-0.567826653865324,-0.388287405092906,0.271190450104959,1.48792228006405,-0.551980064673498,0.0780794905830857,0.792188511021788,0.160088851422269,0.453808037640519,0.400816914303723,0.961300233967748,0.723818611201641,0.624295584652012,-0.654078746223719,-0.578418903939853,-0.440845057560506,-0.402800957411009,-0.595844682224319,-0.574567391161672,0.769893728774204,0.529158675082297,-0.660262121385938,0.860064925024322,0.373164867918716,0.555677876229282,2.65715675743277,-0.724722993416231,-0.387458469999575,0.450325782219997,0.0215823456369049,0.65490692366401,-0.749562816960677,0.303012385940513,-0.0798651818063104,-0.721727210801833,0.868737103802773,0.12233763833419,-0.969552848986112,0.566966813643461,-0.774127007600307,-0.657239406583379,1.50219343511416,0.390240514531349,-0.547342081550196,-0.66549608966086,-0.400497512029309,0.00469935879013179,-0.961280804736148,-0.802317558831034,-0.431584442518366,0.13664535577305,1.03499373384897,-0.579507915169398,-0.620100662679788,-0.503796517211337,0.63505380286958,1.07006390008226,0.585098332852964,-0.279147077948808,1.83300600988475,0.104365722847612,0.760394735022595,-0.670603752641226,-0.362836635108256,0.0869462600971232,-0.902564283763228,0.706775876789944,0.77290753658024,-0.680703938055349,-0.679399709028993,-0.798624539569438,-0.58636397201414,-0.590419110099479,-0.479183249951239,-0.465653657568567,0.644075246495438,0.739083954590774,0.967556171786201,0.307509049178927,0.0608619248547329,-0.453520463080941,-0.475498315316322,1.10127374557923,-0.632054548348183,0.913532217272032,-0.605022983692602,-0.915536831645335,1.56374937051055,0.245730846603935,-0.704852117823712,0.691883750189395,-0.49858944200454,-0.495454091056586,-0.625430816380737,-0.419839307586847,-0.73139551936346,1.04448728622145,-0.513248218781385,0.944867451427214,-0.418816240327903,1.07105372103482,-0.419171849570317,0.63645340812661,-0.504768109875833,-0.503708930529297,0.165602616194095,1.52584580409877,0.715853274552858,0.550045380442972,0.678455153175838,-0.816725390488356,-0.404812961836128,0.488622300569635,0.175559331183891,0.120156084994383,-0.763076391897337,0.189320669087868,-0.60699609384901,-0.943549081967018,-0.194074899457701,1.34327022511281,-0.492093429498443,-0.331354137709372,2.87306248237038,-0.426152405790388,-0.170965920866762,0.358685664518976,-0.627488378610812,1.83869929697129,-0.464375891526999,0.631787878255904,0.201248697606231,-0.455236351660987,1.04730069572335,-0.582032151080456,-0.0930370294532823,0.328326427677071,0.145370631541337,0.270014991726952,-0.796526001879866,-0.708710560777974,-0.26461299387706,-0.79167821863407,-0.809608919621213,0.1755206413773,2.3390442796963,0.881390150072855,0.826548724112886,-0.680117437351813,-0.466764426657629,-0.836854594027651,-0.561253030076281,-0.883773155823425,-0.444598034495984,-0.306626244873562,0.575543902233748,-0.799233124164901,-0.940150205056253,-0.477833002749308,0.387808373955084,-0.414352476826801,0.950504406276631,0.422376692181101,-0.618950848071241,2.69114822850051,-0.796259557655844,0.10956814804772,-0.493593930889384,0.357138892694173,-0.558555906049502,3.05400345634407,-0.710284973869927,0.461656196002575,0.762063792459387,0.0394487363464274,-0.386355826117239,0.782960352577304,-1.01074181138039,-0.566010699037032,1.38521477896619,0.31720163775616,-0.598204255115836,-0.71157305436993,2.66315713778549,-0.63129034137311,-0.386808567195655,1.23662001968362,0.54907576322138,-0.675677485964019,0.377561870826523,-0.764417769029699,0.690526770977548,-0.858462959667144,0.995451067296574,0.43481167934115,-0.388200013230897,-0.672522450531549,0.533516462473857,0.725022229591589,0.606607230828016,-0.7995406586986,-0.574547412051676,-0.819944378140991,-0.380430093207073,-0.834709508043328,1.19079939877945,-0.543996565944918,-0.760805550465173,-0.181179804485605,-0.653697914574418,-0.658091677882378,-0.719112826150793,0.342318812252299,0.674617418156004,0.884375663360037,-0.580755287411444,-0.836916634773705,-0.689391508662824,-0.740417895485083,1.9443821960463,-0.517699977761507,-0.508516510850491,-0.839734362004915,1.17727057743967,1.27166329653362,-0.545495229195593,-0.524254694445744,2.17902692092781,-0.745395082740569,0.479600277241547,-0.588297561945064,0.151348045190074,0.427592388022474,1.01608377988534,-0.00508520905695509,0.5445870170716,-0.495614760728454,0.314965112882488,0.674145444457823,0.741249746938968,-0.677053451143998,-0.593681714206644,-0.792912836073741,0.926369200651872,2.52754454625235,1.09835473870901,1.09858943749154,-1.1319511214443,-0.392786433490695,1.33177490930487,0.69647245873569,2.56183864625728,0.482164915012555,0.980665118751259,-0.608508425207776,-0.616708057714315,0.663270926811522,-0.716476224852673,-0.609571261310305,0.0758860076511425,-0.4791466881953,-0.527848653802147,-0.581450107692442,-0.623221682356157,0.153698913828204,-0.456566211138298,0.534801447698064,-0.422131470884994,-0.781460697748757,-0.441282341989839,-1.20266300647864,0.720745656309503,-0.123492530327449,1.76542243403372,-0.969526788505132,0.517532958576328,-0.0308975442391979,-0.909848144967057,1.89726625508163,-0.384272493327475,-0.777454081363004,0.961328250842919,-0.911558242630226,0.981328029364848,1.00582623692076,1.18663135517347,-0.600466657719567,-0.289968654937681,0.419667862057278,1.61155169119668,-0.855651382052597,0.669707495465953,-0.152936005298406,0.963665308558518,-0.571646636129868,-0.71593825275176,-0.777414105828957,-0.877809728241419,1.15576995443585,-0.367490929903791,0.157931841625809,-0.573648085257991,0.76840285293768,1.15764020702744,-0.00702936196934323,-0.74633402219577,0.239264945755688,3.61493173953999,-0.410458854850929,-0.702854463496712,-0.376085254966847,-0.65323427697639,1.62454480688199,-0.487170846083124,-0.605815007708669,1.96429931114832,-0.512995918425756,-0.6002692007909,-0.494007793907488,0.501012931371089,-0.0588533403157974,-0.682378934286747,-0.597600263298091,-0.561688757941423,0.65450854075599,-0.505226462944271,0.0519987026350058,0.750572107868981,0.432594398782453,0.228030638645655,-0.543856568710744,-0.799784033987206,0.267705301436177,-0.547914033241979,0.771975614089924,-0.518860584787243,-0.718638772768277,-0.574522884957265,0.489693723211092,-0.783162489495666,2.03262632000115,-0.60068195999903,-0.675382976552414,-0.653790722557568,-0.653851689833047,-0.569897592314005,-0.685835715519622,-0.647904522193843,-0.664556936026652,-0.569034714136114,-0.507817813873977,-0.536494698185429,-0.768897864954003,-0.585376536065427,1.04236542099581,-0.454210725594474,-0.564900394388196,1.72285616664664,0.559508578439083,1.66228159512775,-0.540641423031425,1.45153810048332,1.08925419876009,-0.348425147702436,1.03400671865293,-0.523080667456721,0.340001500024835,-0.622281704570721,1.18830315339846,1.33437565980004,-0.557501763870755,1.54911475797265,-0.624275977269652,-0.743774131603622,-0.743846574768942,0.563563530545514,-0.397363968993432,-0.0371451762788769,0.591123309938122,1.37549923313121,0.399445434674405,1.65483331772296,1.50359377381554,0.796073425411082,0.926515535717453,1.52605116339559,-0.726381607522248,2.01639337285287,1.03473613956617,1.72116104183498,-0.619881066592517,-0.61712009938149,-0.363912718313512,1.54349225070101,0.235293425105424,1.63082782815711,1.62539407401878,-0.569578522132877,1.2421684330805,0.961484706287245,-0.406700539566019,1.00198850699114,-0.565998932195026,1.07521450343456,0.330023928724756,0.906749475811586,0.807366264848169,1.07406665703486,-0.344789866784545,-0.495183843341153,0.444735800912929,-0.74095518162433,-0.726611845001168,-0.553693741254614,0.95244451538269,-0.536600271805562,-0.606291521024171,-0.553901067919841,-0.479383335875246,-0.621606511720135,0.182862101011162,-0.48805352537329,0.596791380568438,-0.543434400240448,1.49947679152956,3.01675527204419,-0.563722602978791,0.329939719196891,-0.469274127030998,-0.71456688213729,0.657333933651391,0.985641963168767,2.52261998644666,-0.703895512265653,0.117672483446139,-0.683218747620856,0.285760469739252,1.35839266594703,-0.472351838475484,-0.494377357867234,-0.31543889220996,-0.766724197739351,0.160698017245455,0.851965613164949,1.25152309922371,-0.379161949641383,1.38637662657522,0.260513168780245,-0.614835278634353,-0.623039723737013,1.22996750616864,-0.441748500440315,0.468751633936174,-0.515370748508433,-0.101587063120009,-0.750713194799017,0.551633359205136,1.55636926084546,0.202881307383399,-0.575643008354943,0.745380114559075,-0.46950194156598,-0.567597101091729,-0.623788878529261,-0.67680156571333,-0.514869524021752,-0.440109756196063,-0.797330693575754,0.773586754878187,-0.3117591209254,0.357533044171016,-0.559609290515974,0.968618266529135,-0.624478446322977,0.912933090542225,2.15135757673468,-0.735980601657659,1.14640671037151,0.0675851756911476,-0.528878550032712,1.28917267686195,0.793561144459679,-0.597626308220176,-0.535005976446535,0.951202525993553,-0.86340182998155,-0.882104756219481,-0.599446075410806,-0.518950740640203,"HC"
"HD-32-2",-0.555592417576326,0.486315882564833,0.699132257514591,1.55435576117412,0.0918453091167782,2.07825465257586,-0.489483674713921,0.544581527978749,0.34037909324423,-0.587392633752342,-0.5360100599205,2.38553975010353,-0.642142611977996,1.47179214851832,-0.522805082503363,1.04356494358605,-0.57729235363827,1.10782284598391,2.62400862731712,2.35388371211691,1.93176416827778,2.24654839939094,-0.72953949609161,0.651630763676973,0.921905629478559,0.103650505976792,1.28964458769483,3.38153197624628,1.24166369254063,-0.572265270403078,-0.449126948447106,2.37619765458976,1.42074490102856,-0.309529644846314,1.70354117140031,1.24015400693079,2.63310006701977,3.59878455972374,1.11172940798375,0.0234563924980576,0.940542186985486,1.26949200695242,1.0181369057787,2.37488954060607,-0.535926408238852,0.831742313970233,1.3553532829456,0.752393266720281,0.628951141474356,0.515447826606829,1.50430319478873,-0.722133608031586,0.915702517617202,0.63621438187116,2.90472759536566,-0.374389587264773,-0.457301332060047,-0.488378971130679,-0.535578881140264,1.51767734375714,1.89659184072614,-0.466862369479199,-0.78169417422122,-0.361091310062088,0.719290269666264,2.30920979622668,1.31811373987915,-0.10048079684384,1.74913505082216,1.8274199023129,2.00161069130482,-0.0432993740296257,0.973723732470777,1.08602399703116,-0.594144064245794,-0.427209662751993,-0.884442638278434,2.47127543099325,1.5913452872128,-0.310167173709315,0.906013690053416,-0.472497315307328,1.1445210950265,-0.572367111065056,-0.632421218362915,2.90705629277168,1.76251065410038,1.75267739950228,2.62976814032127,0.44247317359289,1.69224830738462,-1.04938131129347,-0.439395440768505,2.3170107884563,2.61790222805144,2.6888206234408,-0.370292957722169,0.675403243173618,0.767563531608276,1.76567441289719,-0.504580611844278,-0.946777991831266,1.45662427743098,0.911023264158198,0.871402178563781,1.21218741859764,1.56183232388803,1.51378061565204,1.58430383775768,1.97241319894944,0.931261492376272,0.620690173183419,1.87248992644106,-0.592394335996418,-0.563564816816346,1.12639950317477,1.49534327516485,0.233557881821022,-0.556437840594048,0.894823018013776,0.161437080999146,1.54393706199489,-0.434538970011261,-0.540935274554197,1.17376133404077,3.91776735253374,0.268031335993147,0.599168036082559,-0.467269611423203,-0.781783811545767,2.98594432067226,-0.42618686188652,-0.515214523200561,2.63781989816643,1.31217781441397,1.51658515698828,2.4346972085137,0.885275106611139,1.14062176791978,1.58562792006379,1.73826284905403,-0.521167552986871,0.975118171849089,2.04959757631022,1.26030373284495,-0.0283738352800593,-0.680795110743151,-0.630959826187288,-0.445041103063912,1.3980889641419,-1.12185750843372,1.86104861629859,1.657321243876,1.69043307334279,1.06047358072147,-0.213223699838206,1.0222534453842,0.0869899351807838,2.15196133575315,0.463185952339708,1.05667220354133,0.873565305730089,-0.797373187578022,1.34954459739742,0.902803268920201,1.45438284810331,1.90266363928163,1.96977970265307,-0.866575554810563,1.2616952521893,2.6079369557521,0.179755352662591,0.0791834477676839,-1.02331441862592,3.30784309502292,1.16543613163773,1.37442223784528,3.5447872434845,0.656230798152736,-0.399898634726296,-0.465400568692601,-0.659554194522494,-0.0636734155909801,-0.59156966366512,0.440322511467288,0.857878045004269,-0.388287405092906,0.412619784442568,-0.547273332987266,2.29461234787223,0.715363820994261,1.09176835750041,-0.954138085945745,1.54624774039188,1.40119975362314,2.48529518511361,1.47575704168413,-0.938444320238906,-0.654078746223719,-0.578418903939853,-0.440845057560506,-0.402800957411009,1.04109777768548,-0.574567391161672,0.336598615637775,1.3359726020157,-0.660262121385938,1.20039236278957,1.7968125340831,0.892772682073403,-0.490191614502914,2.32495913585893,-0.387458469999575,1.23285688041751,-0.350220237623431,1.20997188102532,1.28442110064201,0.993666871233341,-0.826299878399175,1.31120136539004,0.62585569134148,1.48030146883313,1.89339920389433,-0.752576497540583,-0.774127007600307,1.29729793793141,1.00092530233155,2.26787880783499,-0.547342081550196,2.00988841203766,-0.400497512029309,0.303185839478121,0.339912265953669,1.75180934255556,2.34109961239972,0.431249305576748,2.19657449921052,-0.579507915169398,1.88789115568777,-0.503796517211337,1.09225371912989,-1.02984446404236,1.39344788949589,0.0427407706820005,2.32776353512005,0.762672216229531,1.51568104421812,0.875321509854534,1.68995813662019,0.471239582052195,0.934242623901778,1.20778571196248,1.27212340210702,1.27176630191431,1.16113820436441,-0.798624539569438,1.81419306196857,-0.590419110099479,1.6788854650015,-0.388332831537267,-0.654451544220782,0.531012913869562,0.950770281592728,2.21067504740831,-0.0971690334662015,0.796383777976586,-0.475498315316322,1.19859683361137,-0.632054548348183,2.01032431007445,1.26197034491803,0.818127882798151,-1.08443220697467,1.05809682043433,1.10542898121869,1.63202195273987,-0.49858944200454,2.02337686003523,-0.625430816380737,-0.419839307586847,0.434634333498083,1.70531164808785,-0.513248218781385,2.01177819357209,-0.418816240327903,1.43017741558992,1.10540442249567,0.717514541998104,-0.504768109875833,-0.503708930529297,1.12704352826041,1.50495923145732,0.35920975523852,1.18545516612094,0.594622557928705,1.13517656752908,-0.404812961836128,0.304929937761718,1.97952547219163,1.23810180461575,2.81756761944698,1.40830902660379,2.60192418947885,0.363868571068174,-0.0305109519921347,1.98966274595221,-0.492093429498443,0.040759809605099,-0.356127764920938,-0.426152405790388,1.3208284240412,2.31434075866044,2.26418240054197,-0.429499750025505,1.6279770253013,0.618442037157982,-0.0829275379303786,-0.455236351660987,2.23537136178891,-0.582032151080456,-0.102675728009528,0.556195427519414,1.20727874266311,1.26647299898061,-0.796526001879866,-0.708710560777974,1.65496498729848,-0.79167821863407,-0.809608919621213,0.415433535696857,3.41728298461262,0.210774121091425,2.02512853752668,3.06983201947578,-0.466764426657629,0.101848069630133,0.914225936898982,0.372148166767802,2.45018528165856,0.438825834910818,1.24885699791529,0.780447084698755,0.466337798212308,-0.477833002749308,-0.44629565066683,2.05436303316678,0.697417369727253,2.01423698105838,-0.618950848071241,-0.430499440370047,-0.796259557655844,1.04771929059308,4.19258785085067,-0.96499962340129,-0.558555906049502,-0.598213055580144,1.85149263703622,-0.614764475187905,1.62381179265073,0.838644288174061,1.46185050754368,0.569877588735583,1.08266832831301,2.26222448615651,0.802518936459475,1.04715038328637,1.02678904359304,2.17897475839312,2.02743957246754,1.58692655625742,-0.386808567195655,1.59614675272736,1.95932880398321,-0.675677485964019,0.621095113979583,1.03492504656133,0.142513622813975,-0.858462959667144,-0.889325548542612,1.53986603472793,-0.388200013230897,-0.672522450531549,2.19811268392484,1.90571371007874,2.1653783635273,0.427849968104859,-0.574547412051676,-0.819944378140991,-0.380430093207073,1.52887183687965,-0.247558786397896,2.28152365627225,-0.760805550465173,0.518342738305973,0.804503034175109,2.26070903295748,0.838437990871349,-1.08773769552895,0.987535966976498,0.657483206812338,-0.580755287411444,1.1894414247524,1.05686244044984,1.89960810382832,-0.591226315601407,2.4537830387879,-0.508516510850491,0.543133668001755,1.53442072166144,-0.61052131080658,1.38696538344085,2.13003545564826,0.835286638238545,-0.745395082740569,0.731633332278336,1.52252521280728,-1.14485071477297,1.04839206143176,2.87285041839029,1.62226968796196,0.816443707703414,-0.495614760728454,1.49348041717137,2.16891651461652,2.18554424350742,-0.677053451143998,-0.593681714206644,1.62418326401114,-0.598637045425795,0.626670276385859,1.46949456643474,2.24962496857898,1.37704634102956,1.53932684764456,2.16411740965564,1.1286115798506,-0.485816253127067,1.38887171436485,1.83282558062527,1.07562389280326,2.74155392902671,2.49503304399863,-0.716476224852673,-0.609571261310305,-0.99456836848483,-0.4791466881953,1.18839554156893,-0.581450107692442,2.6038034752773,0.897922252112744,3.00744606258383,1.69879950238395,0.712235002532361,0.497128038872822,1.78412956236444,-1.20266300647864,-0.693610145686299,1.76462332431478,1.44040606677371,1.36005878993606,-0.773643467427534,-0.837555726474759,0.696084594550987,2.43690569128004,-0.384272493327475,0.173375312330727,1.14915117356622,-0.911558242630226,-0.67319351540593,1.34764793607798,2.43293399044792,1.3021334623423,-0.489185022746926,1.41983317059364,-0.334406001775498,0.780818673106663,1.12891833975087,0.996424941944899,1.47454859708312,-0.571646636129868,1.5271924932782,1.94694049625531,0.749269328819865,0.341145734344873,-0.367490929903791,1.16366902120277,2.4610039246425,0.753687103177478,-0.548246753341323,0.907620278044933,-0.74633402219577,0.452842747259686,-0.513527807859149,-0.410458854850929,1.468717610833,-0.376085254966847,0.798565076433653,0.372330515235928,-0.487170846083124,1.46834214178152,0.817489653294492,1.54838215321969,-0.6002692007909,-0.494007793907488,0.315817405418891,-0.215905032633988,-0.682378934286747,1.56634347439483,-0.561688757941423,-0.775810477487309,-0.505226462944271,-0.914483551563009,2.80051138494306,0.691859667519899,1.03068120209502,-0.543856568710744,1.12759756390072,1.15752704873188,-0.547914033241979,-0.69252288453592,-0.518860584787243,-0.718638772768277,-0.574522884957265,1.82210285216676,-0.783162489495666,3.01803748689644,-0.60068195999903,1.86946697881013,-0.653790722557568,-0.653851689833047,-0.569897592314005,-0.685835715519622,1.21469906857862,-0.664556936026652,1.97524413495039,2.55919939609156,-0.536494698185429,0.983221933279146,1.73368057219677,-0.622528035985135,-0.454210725594474,-0.564900394388196,-0.574696478706447,0.996745876192623,0.570072985467429,-0.540641423031425,-0.665426753584578,-0.539307094691963,-0.348425147702436,1.35612970529814,1.74940446897354,1.15610548129735,1.77038583075251,0.914015253184001,1.76758984838916,2.4470814318244,-0.505778909237946,2.09316134405956,1.17227233798804,-0.743846574768942,2.87633664060082,-0.397363968993432,1.59868163120772,2.62370766350262,2.28793661615855,1.6116404437771,1.63478586888498,2.64057881300733,1.0829623732297,1.67538006070539,-0.470465254505972,1.42127747451264,3.01012278527981,1.38765384184845,-0.609921532378848,-0.619881066592517,2.08719498237051,-0.363912718313512,-0.421387307249072,0.776765971577118,-0.530264405273805,1.84591208131278,2.24662959029446,2.41164908710314,1.29635433389715,1.98493292960062,-0.673273035311341,1.11808169522558,1.43971425129779,-0.730817206313231,-0.520238954117215,1.11752783242468,1.17438513941466,1.7147255705901,2.87412755825664,0.731224083172289,1.52620212466193,2.60842875501404,-0.553693741254614,-0.612887431730709,-0.536600271805562,-0.606291521024171,-0.553901067919841,-0.479383335875246,1.3275913936363,0.989402221452611,-0.48805352537329,0.762227884365329,-0.543434400240448,-0.767155531633286,-0.617518100327603,-0.563722602978791,-0.524092166767868,-0.469274127030998,-0.71456688213729,0.958271524682235,-0.598331963886002,-0.491698944574237,-0.703895512265653,0.716529783173469,-0.683218747620856,1.45179751832008,1.80446961185279,-0.472351838475484,1.98121816938346,0.753592442490164,1.67139805570074,1.20552083055342,0.750709972235461,-0.558717666256494,-0.379161949641383,1.06686151774919,1.54110636605897,1.97310224863935,-0.623039723737013,2.00444241016127,-0.441748500440315,1.75791760464912,-0.515370748508433,0.928468968231287,0.544569794756658,3.3423307033049,1.26728097891911,1.45179956927687,-0.575643008354943,-0.61899979002849,2.26666284391312,-0.567597101091729,2.31955515853235,-0.67680156571333,-0.514869524021752,-0.440109756196063,1.45437028321593,2.68130129639297,1.49371778346769,2.61593827948576,1.41886770702281,-0.575080500923803,-0.624478446322977,0.180083186215631,2.69292788504255,1.21638000141742,1.12867756822113,1.17791198655925,-0.528878550032712,1.65308402010529,2.67698314426727,2.35791148023714,2.19154979963286,0.56812508671706,1.27073513465404,-0.882104756219481,-0.599446075410806,1.19835217153742,"HC"
"HD-33-1",1.77946519050016,0.644715760487937,0.903680142237973,1.08634743214186,1.2268470520966,1.03601310726762,-0.489483674713921,1.31329764140199,-0.784697947618301,0.814083364759848,1.89001278738354,0.723641848930655,1.53321308545679,1.03785085747681,1.27255041823858,1.35507274130296,0.612149215283729,0.581961696843332,-0.496697729346053,0.439272562811497,1.26590239642023,1.16571323741063,1.30129031350864,0.806242370382883,1.23085460999049,1.34199279857141,1.46003577541167,0.964133943943138,2.14850238718583,2.06161112960439,0.739886243384849,0.372375075565467,1.28468591379741,-0.309529644846314,1.27475790701957,1.96990415150142,-0.497006264132812,0.994783499350407,1.39472657807892,0.707419420204629,1.37180513368243,0.960046372936503,1.83270229735524,1.5147108966396,0.773793684110239,1.28551694793866,1.02382214959188,0.950016093637307,1.01179391480007,1.3006693138832,0.288607768065878,1.88639653021722,0.966080228754081,1.23313221343243,1.48011556573598,-0.374389587264773,-0.457301332060047,-0.488378971130679,-0.535578881140264,0.777644591953037,0.737520086908183,-0.466862369479199,0.504363455797681,2.44714321860258,2.28671710029189,1.09730770622036,1.02350827067896,1.94953292900578,1.09565015398798,0.990943345765107,1.01999959435929,1.98425599104077,0.668136757226186,1.20819756972676,2.96719900924529,1.64779816495389,1.3822561585887,0.714984552472556,0.691781398568236,-0.310167173709315,1.5731259171247,-0.472497315307328,1.45674357977676,-0.572367111065056,2.34290083468236,-0.539991255188735,0.716168135367701,-0.510050775686776,1.56884103315819,1.12197387514672,1.12305435439134,-0.572479201566952,1.52015491818613,0.703113474108968,0.668172087072673,3.30522594887145,2.28349794958645,0.858072999807187,0.192989033675491,0.772130446588837,-0.504580611844278,1.5148054262123,0.189336159923501,-0.114705974740214,0.982243375088157,1.69023595136968,1.59561444924009,1.20330999380817,1.14847319431235,1.14235842417941,1.36875575439988,0.818813219242932,0.619525773082056,1.99330276854519,1.71697912582368,1.78145447594939,-0.415332247460931,1.04211918465519,-0.556437840594048,1.86676737742384,1.11363683971806,0.638336943034202,1.60135079463366,2.80210307122697,1.00209775719647,-0.466481924852692,1.58369561188378,2.6984002188871,3.51238570113636,1.16080796192734,0.879869221574729,1.44697661157941,2.44292587148031,0.764081097875375,-0.652232400369068,1.49305041140849,1.5621204440076,1.0935080841834,0.14376813991987,1.06660262916867,1.54414037705437,-0.521167552986871,1.46080767735173,1.33582774125808,1.6993110532051,1.41527805947057,2.33457858887584,2.17258133900248,0.584023203762105,-0.360394763248112,0.889606408875709,1.00456944721652,1.38487960643948,1.33707332006274,1.10107820645408,1.50313380153945,0.244025504201664,1.58036757376326,1.73473492609545,1.29155336762715,0.602114940278973,0.707841128746187,1.38254880218088,1.32375842502788,1.78762993211817,0.894639488243684,1.49436344258159,1.4973228864593,1.18593167313325,0.503386434291106,0.661342431208609,0.491805457699383,1.68120773760619,0.717965672164633,2.11636512069539,1.73060148817614,0.581945702779523,0.946747044464585,1.11863771793718,-0.399898634726296,-0.465400568692601,1.79334417645335,-0.442923454265312,1.47230147246877,0.225111166614161,1.05397256603325,-0.388287405092906,0.99541856076562,2.19310562621374,2.02283107491679,0.924578242749475,1.20317690568603,1.16034888436466,0.720216873456333,0.966539053589448,1.96641277252131,2.08227831627143,1.5517406555395,0.867123043575158,0.627038378026251,2.19086427801816,-0.402800957411009,1.12420490849849,0.406024145594599,1.0927368302673,1.58613559521282,1.66398911230666,1.59820686815577,1.41286552156627,1.0193469852663,0.786214971334357,0.974321070426736,1.5688563428869,-0.67265289501153,1.12912679109006,1.21935418905851,1.18035762275734,1.55775692750384,-0.0955547129752349,1.44210302931456,1.65213408148409,1.78654803242917,1.98221052556821,1.27269575437547,0.764036630610172,0.464034813302065,1.55825793260727,0.617010534958853,-0.547342081550196,1.76118821700212,-0.400497512029309,1.39270868839744,0.0913244673737164,1.99910604319187,2.89689328376262,1.24035572393994,1.36100334184882,1.61998055197974,0.406034670118487,-0.503796517211337,1.54325582343142,1.19744512257279,0.553745868542257,1.59677803800296,2.05230445828512,1.05339154624371,1.39456899645721,2.31064063564616,-0.362836635108256,1.26159027998002,1.34290340587568,1.18260259423707,1.37621561492388,2.01945655969653,0.985410996345388,1.24375790414736,1.36119311693883,1.87721880126932,-0.479183249951239,-0.485054041774445,2.25141132552698,0.515480146263336,1.20596523649925,0.856908472571479,1.353720871118,-0.453520463080941,2.36412788780012,1.28058860071801,0.268795258972991,1.0685685201142,1.51367518623603,1.55994031522639,0.572198029790462,1.16188211019647,0.333665530763881,0.955743221712035,0.845770273454583,1.27929027596058,-0.625430816380737,-0.419839307586847,-0.0624703554111499,0.931435419963403,2.92477804228317,0.912685221007215,-0.418816240327903,1.03513931098203,-0.419171849570317,0.650593446264991,2.9714706703801,2.54408282161226,1.07693817914686,1.27911854940001,1.31818382058277,1.05408055639751,0.648802891765799,1.30480633804194,2.21549057623218,0.976554865610596,1.28989792648445,1.65050085133138,1.05012167926967,1.57316011258569,0.723583036287689,1.01273860005219,2.00580583827046,1.38818923903521,2.00434689066116,0.879336559535542,2.54791472673244,-0.426152405790388,1.12110455120382,1.140779187625,0.504576617487711,1.49943830856408,0.735960029976768,1.10035227900662,0.894735738205151,2.50082002551563,0.28084875010453,2.13529193717193,1.42664300296682,1.67288243809512,0.564297080855389,1.24876668736616,1.1138054081464,0.405241365159159,1.02663306374883,1.12038729860186,0.367177158913595,0.786004797045634,0.648625458191281,0.739796887658308,1.18134950928813,0.654724706094628,-0.466764426657629,0.656777763503335,0.285196147421158,2.38117011693026,1.59503879855692,1.51940518255973,1.79195826849012,1.85967778019836,1.00851622582513,0.857077095885945,0.864809686043302,2.02456535273132,0.91271119367191,1.04793443697664,2.50673075528671,2.07981281127966,1.74553405051767,0.822282307466532,-0.493593930889384,1.06425582213227,0.299646003547273,-0.598213055580144,1.61335318789702,0.132544549059289,1.32182293941511,1.21939128681167,1.64194469044842,0.75114093461711,1.58115244958348,2.07632994143588,0.533993865301539,2.21951447242047,1.00749315939506,1.64593834068814,0.921505225766559,1.56136854732383,-0.386808567195655,2.15147444918357,0.978704447755555,0.814327499605972,0.485506590478795,1.28241056573652,-0.735411990123146,0.45304392762912,1.84157250683211,1.44106736000843,3.38757341449182,1.31155331817062,0.994169799962237,1.53120092567197,-0.538722496195877,1.15344235338778,0.573540991857213,1.91919894452849,1.41003553470244,0.3621816439625,2.27371125819541,-0.543996565944918,0.746133346391068,1.9775590325634,-0.653697914574418,0.819956349860191,1.43884869536201,0.871016127811137,0.965788955572008,0.85061256046935,1.3655758987323,0.18920841797819,1.03578495423315,0.148852201073394,-0.591226315601407,-0.517699977761507,-0.508516510850491,0.52644229166627,1.14155353363423,1.82516808417808,-0.545495229195593,0.561738045467863,0.815162486057836,1.91654731244041,2.0789644600363,-0.588297561945064,1.6012790229901,1.57109365866731,0.97846268248883,1.56242033020659,1.61281888798683,-0.495614760728454,1.519898284487,1.00775981700883,0.623035736672901,0.69383627251194,0.436411088614112,0.601618825132997,1.22462074811981,0.998072873737147,0.553896708903272,-0.55321502257966,0.858629463588759,-0.392786433490695,0.364709737827149,1.64350291522844,1.25705755250217,1.56393855069178,0.707184105472396,0.357640498148037,1.32082461505486,0.251762745167745,0.305048768401295,2.14029149754575,0.800247773064418,1.69669657208245,-0.527848653802147,1.59380804682315,1.11590059069091,0.939404876899265,1.18879343465195,0.962685169915928,1.65653488968724,0.990003363208305,-0.441282341989839,1.45999287736841,0.997356855575384,1.31255897356553,0.583428971575089,1.20693953989658,0.770053476508789,0.126863810344248,0.676700801489661,1.50295658915062,0.873384557459589,1.23333572613631,0.829836875378998,1.47397481698712,-0.67319351540593,1.61835050001295,-0.601887066668739,2.03555510481197,-0.969725385594821,0.836709884799893,1.46475980781571,0.237381404914534,1.48899903564075,1.22253491466646,1.57593305564625,2.65615006354054,2.36919790015534,1.62176296259456,0.871441982860102,1.45188830111778,1.44336492233045,0.926996819708505,1.19578597513167,1.18855850928066,2.5327481914642,1.09056826885086,2.0934769089801,1.05838808583312,-0.513527807859149,2.10762107267073,1.6085466245971,1.74515510891043,1.9158342777432,1.49853477919006,1.45927704170794,1.75362622136027,2.40408504965186,2.76700008895421,1.11787075541523,1.39574307141697,0.757349710495651,0.757456654295532,1.59161353377583,1.15293056733194,-0.561688757941423,0.934241729823962,2.76892634762553,1.05421320327153,1.0451500734161,0.406666398722695,1.00747258838453,1.80900780554204,2.44437634653676,1.1305504616011,0.567353028793713,1.55523067315382,-0.518860584787243,1.62191554863049,0.546160576212982,1.16128941011271,0.790677640546228,1.52367400217488,1.26494674034401,1.11769413377365,2.11013071877924,1.29784294997945,2.52636971509495,0.398366096120893,0.42062936592058,2.42274810607533,0.890560974678276,0.747040635981138,2.73608741761778,1.45325139500979,1.70568928590078,1.36797526763805,2.3771316946949,2.05127508445417,2.0438255242249,1.44384872970624,1.09247235087989,2.54905803228671,1.85355262042916,3.10897450542129,0.871118923360358,1.61123205427786,-0.523080667456721,1.13250786246862,1.74197424547241,1.916879979705,0.918451708282874,-0.557501763870755,1.5064058500496,0.666470519905743,1.29564788298435,0.292428429702602,-0.846638841230125,1.72218457594403,1.36996779967774,1.74249903189659,1.4196187476839,1.39677310773823,2.22721659154714,0.228567519270187,0.378741538268797,0.113214465016306,-0.470465254505972,0.505682220036072,2.16062781380699,0.999442364004081,0.541240659573488,1.97728983690681,0.489340151438313,-0.363912718313512,-0.421387307249072,1.2040325989281,0.987402760957117,-0.32111816588406,-0.569578522132877,-0.436105875668738,0.927995840744388,-0.406700539566019,1.63294549959613,1.56985874358479,0.540497397479131,1.64566515831341,1.94234262072239,0.50958371710819,0.906482548762987,-0.344789866784545,-0.495183843341153,1.90227322029968,1.30974300112283,0.656263087602888,1.49671738812719,1.54199851208087,1.29220340188764,1.64170474092703,1.02274596877907,1.01090451787032,2.07897573035046,1.50407963056073,0.631596506453107,1.39747760348356,1.60738375835764,1.22990186582018,1.96031575833688,1.94207828518022,0.496966137764738,-0.469274127030998,1.35821863836404,2.04053569020107,1.57124313248784,-0.491698944574237,0.390639798953045,1.70390886234742,1.37238973895718,1.42531514756757,1.52475497947176,0.712745146426032,0.933905259018229,1.58040250473986,1.51114489547938,1.07212492346026,0.640495889088101,-0.558717666256494,-0.379161949641383,0.87218444758555,0.953559685685861,-0.614835278634353,1.1325336361165,1.01871391460048,-0.441748500440315,0.710865404378894,2.04513463618002,0.779174561065136,1.74717932144256,1.06337632159097,-0.557916730587529,0.590287667577632,1.89105610064182,2.00824966489261,-0.46950194156598,-0.567597101091729,1.95543506413865,1.32237045941275,1.10589424412662,-0.440109756196063,1.42763259677059,1.30151963085088,0.834174857422515,1.48872261730107,1.39498726187515,-0.575080500923803,0.24216295162136,0.954001698567501,1.35687991350612,0.396533918235442,0.937797374601339,1.15269487506381,0.488539009711631,1.25277947473616,0.370447490597853,0.397921226238652,1.03806691695448,0.747607011523889,2.183904399554,0.664895074343493,1.56518507939267,-0.518950740640203,"HC"
"HD-35-2",1.44643546105364,-0.665330012844802,0.566239742927942,-1.03790453368905,-0.0180332156857598,0.160487592315586,-0.489483674713921,-0.00199945392083561,-0.341534327458173,-0.587392633752342,1.94699970686277,-0.427166054873635,-0.642142611977996,-0.906954785415906,1.63862442286359,0.0244708389617044,1.88562160914505,-0.951756607893985,-0.496697729346053,-0.533225338772386,0.437202487462226,1.35418942720948,-0.72953949609161,-0.155121653302867,1.5612364670442,0.474820726398423,-0.671018873252328,1.330762682476,1.58767149918833,1.67415255337301,0.383170626476953,0.616219879132114,1.23166198319592,-0.309529644846314,0.541775038955395,0.803931873408464,0.773962246188869,0.769220272201452,-0.625801646370734,0.810496366294749,0.0452486197008808,-0.186095165896071,-1.07616298942653,-0.536928301917431,-0.535926408238852,0.330608007300513,-0.0167365790483689,-0.684422976084699,0.500267300534043,-0.757778983174664,-0.804466674495576,0.943218808307348,0.629221904890486,0.0082341012193125,0.458666554390573,-0.374389587264773,-0.457301332060047,-0.488378971130679,0.586890521412532,0.879962634553096,0.770003783785616,0.586982160423173,0.317703238331472,2.66381947184541,-0.742272368002153,-0.597562997079172,1.5326971927426,1.26084264528134,0.750255045467138,0.743450805166119,1.27976518618573,1.20965385184924,-0.62582241159886,1.03728936851142,1.17964706584538,-0.427209662751993,0.662233159143453,1.00463796240741,-0.518709942838152,-0.310167173709315,0.860845648805112,-0.472497315307328,0.139054795431734,-0.572367111065056,-0.632421218362915,-0.539991255188735,-0.729222797826837,-0.510050775686776,-0.56503564513667,-0.289912825400281,0.598224871643826,0.330606836863802,-0.439395440768505,0.769939926910617,-0.0792620394315647,1.13040155072889,-0.370292957722169,0.640739989134109,0.732387510405114,0.842708588112972,-0.504580611844278,-0.946777991831266,0.759510295343104,0.866433401164791,-0.908370117980451,0.287694647393334,1.40490331157555,0.627981826206209,0.0175129771226268,1.04775445486371,1.23766986180451,-0.848866007382096,0.616931868126738,-0.592394335996418,-0.563564816816346,0.279080892881468,-0.415332247460931,0.0858161159878843,-0.556437840594048,0.387682150047624,-0.864139486256635,-0.187078800889923,-0.434538970011261,-0.540935274554197,1.05174875187027,-0.466481924852692,0.635726943237556,0.19437284202764,1.67709724931609,-0.781783811545767,0.663332566354314,-0.42618686188652,1.61773343830009,-0.563237817945086,-0.652232400369068,-0.433250890230484,1.45295740001701,0.418281698135839,0.365662485563558,1.09931298911065,0.601474440136131,-0.521167552986871,0.330239019710996,1.20389027095394,-0.225383249480701,-0.0567693969473239,-0.680795110743151,0.41638840939598,-0.445041103063912,-0.360394763248112,1.27550658995035,0.694665058506138,-0.544945209809633,0.640109688914987,0.0724912733869022,0.73707847246765,-0.803191037428762,0.319924321909029,0.822864487114282,0.0309606238870222,1.00575119089712,0.545274654514387,-0.797373187578022,0.764199887187828,-0.632841508439433,0.494107937143908,0.755070436976874,0.700939053954684,-0.866575554810563,0.713033058169389,1.6110765233503,-1.01100613021998,-1.19702951435578,0.888678010410547,-0.529739447900487,-0.991195534761472,-0.484444351416916,1.28505003349262,0.861651018830835,1.00855740828099,1.69453998633119,1.31103674061505,0.0973060429061216,-0.59156966366512,0.0928469904936872,1.12574499142165,-0.388287405092906,0.251880203578078,0.865703438267034,-0.551980064673498,0.675504834836548,0.555532121515783,0.356169555494443,0.28114169281486,0.186967613428065,-0.872091461738152,0.760201870359828,-0.938444320238906,-0.654078746223719,-0.578418903939853,-0.440845057560506,-0.402800957411009,-0.0257571745777195,1.45589181824111,0.813827177212635,1.21196205277202,0.248043610009932,0.594272532595219,-0.491833254836129,0.842282616913239,1.04845629541018,1.44093059242018,3.62701804378214,-0.67265289501153,0.812260148692938,0.567821041953501,1.23369988441014,0.568497359642484,1.89128236521154,1.48399993547323,-0.876317725753786,2.00033465870857,-0.126102526204496,-0.752576497540583,-0.774127007600307,-0.657239406583379,-0.739571250856207,0.201112889050815,-0.547342081550196,1.20791381313316,-0.400497512029309,0.0639220592433998,-0.0614521457514812,0.472696193972777,-0.431584442518366,0.0871792983311621,-0.631943764721935,-0.579507915169398,-0.620100662679788,-0.503796517211337,-0.115077886377342,0.0794972734301742,-0.939825400487642,1.13368501784794,-0.557349591175902,0.71593253616834,0.922575912585102,0.834973041577867,-0.362836635108256,0.470498346597407,0.529757144428877,0.164492599686141,0.461645794699209,1.61729625341849,1.8176672021535,1.39692238512833,-0.58636397201414,-0.590419110099479,2.46899605771344,-0.252163222484129,1.47190779634729,-0.755865250545603,-0.942110585579901,1.31029855053662,0.176099827854666,-0.453520463080941,-0.475498315316322,-0.049248377891287,1.97469017351074,-0.542427978928391,-0.605022983692602,1.13699428288229,1.18645608217341,-0.0777822956252465,0.547031903410002,0.471823288865854,-0.49858944200454,-0.495454091056586,-0.625430816380737,1.78760015598778,0.0749622014628975,0.0181755404657287,-0.513248218781385,-0.586212932084341,-0.418816240327903,1.81867691923233,-0.419171849570317,0.180951773658315,-0.504768109875833,1.83669208409369,0.648354615465821,-0.0633459213400174,0.574956571493628,-0.00171455013908739,-0.229956207989269,-0.816725390488356,-0.404812961836128,0.518384990181459,1.1604743906648,0.59329368082465,0.506144477859476,0.737349464343394,0.994888875403288,-0.0316517230708494,0.709867417068472,0.821106380267484,-0.492093429498443,0.321222159215579,-0.356127764920938,1.05577317333138,1.13520546852948,-0.120857617679734,-0.627488378610812,-0.429499750025505,-0.464375891526999,-0.886517603314692,-1.06964048874916,-0.455236351660987,-0.742946755276486,1.32806028670622,0.656597582772796,0.802703788500482,0.538449133793991,0.55357844479025,1.50045067980352,1.18238294157125,0.850319017913477,3.54313305407867,1.3744030031784,0.379379904619377,-0.504623527225731,-0.863563219649252,0.691743050846774,-0.680117437351813,-0.466764426657629,0.839815723967528,2.07418403059398,0.831965193777458,-0.444598034495984,-0.221859992802421,0.342012342764629,0.739217616275609,1.39465154068335,-0.477833002749308,0.703696711170588,-0.414352476826801,0.214588963584387,0.231596386016492,1.5468973555832,-0.430499440370047,1.20890585085899,0.267474341372568,-0.493593930889384,0.141484965595133,-0.558555906049502,-0.598213055580144,-0.710284973869927,-0.614764475187905,0.888791771852341,-0.150705407715446,0.729304698051324,0.163367588678183,0.81949117366293,-0.566010699037032,-0.603032598624489,1.94599901418224,-0.598204255115836,1.31250269754236,-0.606204342383374,0.154994799288741,-0.386808567195655,-0.473937637058681,0.855549948033633,0.367311393077728,1.33924204647478,-0.764417769029699,-0.735411990123146,0.71657742647765,0.690777089896457,0.0530248562543603,-0.388200013230897,1.18580745649627,-0.689569785356508,0.442115047795105,-0.538722496195877,0.395815216509749,-0.574547412051676,-0.819944378140991,1.15016482932321,-0.834709508043328,-0.895298276157752,-0.543996565944918,1.55973159826735,0.475223196891271,0.354708165814436,0.798966327338119,0.357997784527833,0.593978934176032,1.32605080946794,0.438591150020668,-0.580755287411444,0.396893010134889,1.011285416917,0.331555244265197,0.918197769277057,0.947854591288444,-0.508516510850491,1.04942833381127,-0.521979735973987,1.70493893361993,0.790880963376261,1.31937407106075,0.791771062040836,0.962804985189528,0.693758307630751,0.871423419932553,0.0692296963672804,0.4542619767493,1.05690336858195,0.830986191195321,1.10576387348764,1.66494307478016,0.833281063941814,-0.0267001305271042,1.03518234981349,-0.677053451143998,-0.593681714206644,0.885964621596899,-0.598637045425795,-0.757800053491713,-0.694758292889573,-0.55321502257966,0.226316160447674,-0.392786433490695,0.591039313596589,-0.477124045533323,-0.485816253127067,0.346683154742207,-0.847748388510819,-0.608508425207776,1.03960839145401,0.443739011869313,1.39874173536839,-0.609571261310305,0.26706426268046,-0.4791466881953,1.51085017911422,1.45594551389042,0.712251297230715,0.116916925142522,-0.456566211138298,0.870123129224031,0.61458814515328,-0.781460697748757,-0.441282341989839,0.0545176873169978,-0.693610145686299,0.496422599385545,-0.569755773406841,0.655312015966741,0.306929255972046,-0.837555726474759,0.997813486535052,2.16474784844106,-0.384272493327475,0.512540870599083,0.975910968182367,-0.911558242630226,-0.67319351540593,0.740557193349065,1.96920568387496,-0.600466657719567,0.989694343932858,0.73418427951668,1.39100215476669,0.457014833831892,0.392335913851594,0.150586991491259,0.944428437958126,-0.571646636129868,1.46957716768385,0.0231572555422067,0.552210808498907,0.307084324684546,1.18053475104719,0.518637730953727,-0.573648085257991,-0.905751916506873,1.90405876584561,0.395237368318158,0.896785806531557,1.09392356246793,-0.513527807859149,-0.410458854850929,-0.702854463496712,-0.376085254966847,-0.65323427697639,-0.751527203204582,-0.487170846083124,-0.605815007708669,0.311649450663723,-0.512995918425756,-0.6002692007909,-0.494007793907488,-0.829580232182152,1.35312216179422,1.26729301432357,-0.597600263298091,-0.561688757941423,-0.775810477487309,-0.505226462944271,-0.914483551563009,1.01957658402019,0.972332467681406,0.0401522471548197,1.10312542128603,-0.799784033987206,0.556138860561925,-0.547914033241979,0.533101359528454,0.965708952394455,1.28810186895327,-0.574522884957265,0.713959989021768,0.564271587772512,-0.566224935388611,0.705239836050894,0.579753417920105,-0.653790722557568,0.410341606349853,-0.569897592314005,1.15475269183356,-0.647904522193843,0.541946398749883,-0.569034714136114,-0.507817813873977,-0.536494698185429,0.937491811771333,-0.585376536065427,-0.622528035985135,-0.454210725594474,0.874932840853517,-0.574696478706447,0.22532169475713,-0.785105315526192,1.83194054062328,-0.665426753584578,-0.539307094691963,-0.348425147702436,-0.498591251333388,-0.523080667456721,1.10506220949463,1.03962805094685,-0.782401068500164,0.672760544491623,-0.557501763870755,-0.505778909237946,-0.624275977269652,0.201232332301033,-0.743846574768942,1.35714057600373,3.53633254351087,0.707377105617044,2.13055693535832,0.100308013087535,0.346485986338989,-0.625888537038413,-0.641289533744246,-0.56888790075037,-0.680264025007797,-0.470465254505972,-0.726381607522248,0.676832486083956,1.33461807370066,-0.609921532378848,-0.619881066592517,-0.61712009938149,-0.363912718313512,-0.421387307249072,0.234445776961036,1.10450210999366,-0.0348509876517961,-0.569578522132877,0.968425220077342,-0.631759280520507,-0.406700539566019,-0.673273035311341,-0.565998932195026,-0.685817859793634,-0.730817206313231,1.70538849751961,1.55617416985771,0.247165300238039,1.07944997579976,0.872913032563299,1.79647655902317,-0.74095518162433,-0.726611845001168,-0.553693741254614,-0.612887431730709,-0.536600271805562,-0.606291521024171,-0.553901067919841,0.796517945802063,-0.621606511720135,-0.974570951392448,-0.48805352537329,-0.192162015976504,-0.543434400240448,-0.767155531633286,1.20173996331241,0.687006243656014,0.482465907456782,-0.469274127030998,0.877126294362853,0.913197087708216,0.344592933365715,-0.491698944574237,0.613816169546903,0.663080116568728,0.566438680390592,0.482023591177851,-0.94583725016588,0.956226656101084,-0.494377357867234,0.630372899622815,0.627483630328585,-0.823990033085211,-0.245242153470983,-0.558717666256494,-0.379161949641383,0.605688049157169,0.650460540137022,1.5776588717638,-0.623039723737013,0.902651252713936,-0.441748500440315,0.265595783787442,1.04122652880961,0.0984018173685728,0.510763060445959,-0.807101569604255,-0.557916730587529,0.905446598856277,-0.575643008354943,-0.61899979002849,-0.46950194156598,-0.567597101091729,1.42913403213227,0.858363765947969,-0.514869524021752,-0.440109756196063,1.11030469871378,1.38691610568511,0.500788247975005,1.15588191168395,0.808589129556711,0.716825661286602,0.846769888869435,1.00052513752076,1.09242533978111,0.380450878420128,1.84181916779299,0.525451842162165,-0.528878550032712,1.00676107395593,-0.590310521918287,1.46380149731329,1.35881737190135,-0.0667017591919229,0.944633627520876,0.980329216993437,0.716489045098571,1.51420920715568,"HC"
"HD-36",-0.555592417576326,-0.665330012844802,0.316762743008285,0.123370142360343,-0.000613615412438876,0.573981989241033,1.88301260230085,0.324825291175206,-0.255062414944264,-0.587392633752342,-0.5360100599205,-0.427166054873635,-0.642142611977996,0.716114843890774,-0.522805082503363,0.219925720225181,-0.57729235363827,1.21570250783271,-0.496697729346053,-0.533225338772386,0.287650424316864,1.29246132207778,0.42704570157879,1.05021939712404,1.33060819996118,0.611673176559974,-0.671018873252328,1.50743303423215,-0.59994073973799,-0.572265270403078,-0.449126948447106,1.35971366990793,1.16859906610185,-0.309529644846314,0.732331043621774,0.400209398200483,-0.497006264132812,-0.559309350558077,-0.0159729750244459,0.500820369582438,-1.31380191096635,-0.985369683958035,-1.07616298942653,-0.536928301917431,-0.535926408238852,0.122460501621074,1.69056869188895,-0.684422976084699,0.505077823873983,1.10511459184396,0.468363171904886,-0.722133608031586,-1.00553084851786,0.547387979032058,-0.559247717928647,2.5314533843809,-0.457301332060047,-0.488378971130679,-0.535578881140264,1.06574983702768,0.719995669543353,-0.466862369479199,-0.78169417422122,-0.361091310062088,-0.742272368002153,0.973187037231672,-0.0390083162518951,0.383106229809502,0.730992098000042,0.858516673277192,0.247710068835755,-0.950184227790595,-0.62582241159886,0.615246632155242,-0.594144064245794,-0.427209662751993,-0.884442638278434,0.609419315226173,-0.518709942838152,-0.310167173709315,-0.824570369406007,-0.472497315307328,0.255055357555182,-0.572367111065056,-0.632421218362915,-0.539991255188735,-0.729222797826837,-0.510050775686776,1.41257058708009,-1.15438649345439,-1.06249646629166,0.440583880050068,-0.439395440768505,-0.806924516606813,0.76655779499628,-0.386236372075434,-0.370292957722169,0.747434618593629,1.41020727687586,0.0172191929505047,-0.504580611844278,2.02511302202726,-1.00272583549808,0.480284406844234,2.69104802710251,-0.612012511430763,1.87635385723552,0.199994915887449,0.0913414465613332,2.4151490665499,-0.699577466702064,1.53481146602689,0.363752216058336,-0.592394335996418,-0.563564816816346,-0.852561903334732,-0.415332247460931,0.857698904558642,-0.556437840594048,-0.749289324826282,-0.864139486256635,1.25138602847362,-0.434538970011261,-0.540935274554197,0.164827737707018,2.52498461070962,0.0366815519990724,0.670343312708321,-0.467269611423203,0.590453278028099,1.33222775164879,-0.42618686188652,-0.515214523200561,3.16842264362348,-0.652232400369068,-0.433250890230484,1.73681794659067,-0.628682208598634,1.03100551479951,0.570593097681209,1.04981309480369,-0.521167552986871,0.489219213332251,2.19602643603706,0.566733917907506,1.11561385456442,-0.680795110743151,-0.630959826187288,-0.445041103063912,-0.360394763248112,0.0236985501835894,1.24147622720716,0.818273365188496,0.426739303229041,-0.0627230012269717,1.1132897808741,-0.803191037428762,-1.15278844781279,0.634817368134142,0.539184278824552,0.547865916993812,0.46528370744423,-0.797373187578022,0.157951466853789,0.155753567608904,-0.440422043770802,-0.832999110597407,-0.533884030225674,0.0879755405941534,2.67100581587048,1.07944653307565,0.73123013027966,1.21323915559493,-1.02331441862592,-0.529739447900487,0.630333208075156,-0.484444351416916,-0.724735509236815,0.238872685954679,-0.399898634726296,2.80994721374893,-0.659554194522494,0.336563601233821,2.4936528687282,-0.686166850667112,2.95524054988527,-0.388287405092906,1.65427904128364,-0.547273332987266,-0.551980064673498,1.14720306429896,1.38829091684164,-0.954138085945745,0.646077064298641,0.925913264044501,1.2469826022217,0.574589423779252,1.82130290452354,2.71629273903763,-0.578418903939853,-0.440845057560506,-0.402800957411009,-0.0622481962298803,-0.574567391161672,0.881542919795045,0.547034502620838,-0.660262121385938,-0.784182116331742,0.220509307953866,0.40503776851217,-0.490191614502914,-0.724722993416231,-0.387458469999575,3.14525060368986,0.360364783607599,0.7866139438467,0.349553122104041,1.05894255793141,0.126014108641984,1.87692120721819,-0.876317725753786,0.907822560044597,0.309460658074007,2.5234363074932,-0.774127007600307,-0.657239406583379,-0.739571250856207,1.30304134687381,1.80759784340374,-0.66549608966086,-0.400497512029309,0.0583783506247075,1.37086922173989,1.13112151573758,-0.431584442518366,0.20021455276662,-0.631943764721935,2.27600562016341,-0.620100662679788,0.983110269097575,0.764705014685939,0.643965324426347,-0.939825400487642,-0.347450986653763,-0.557349591175902,1.69268583802415,1.33773655307795,1.61246260433387,-0.362836635108256,0.200449406831807,0.487873382348466,0.782312062521078,0.885135189285982,1.59540497438709,-0.679399709028993,-0.798624539569438,1.21856743563825,-0.590419110099479,-0.479183249951239,-0.0165261952553024,-0.654451544220782,-0.755865250545603,0.481109142066346,0.622976954493362,0.364916611169898,-0.453520463080941,-0.475498315316322,-0.902316908801359,-0.632054548348183,0.505657384074646,0.79873241515166,0.387971416290874,-0.0687042496686223,0.811530049238123,1.2036121292989,1.0640032678057,1.25339281011705,-0.495454091056586,-0.625430816380737,-0.419839307586847,-0.73139551936346,0.741382379520988,-0.513248218781385,1.36716526852426,-0.418816240327903,-0.637586357654596,1.18809196641302,0.0391733729712979,-0.504768109875833,-0.503708930529297,0.837326126026853,1.30743788933472,0.798754319700853,1.59432558079603,-0.793665704950216,-0.816725390488356,-0.404812961836128,-0.831170933594364,1.31676386074814,0.169614010139635,1.17181742458067,1.00092104892159,-0.60699609384901,-0.943549081967018,-0.972280070282039,0.451150733231406,1.40748718128084,0.568596479866325,-0.356127764920938,-0.426152405790388,1.16463321787702,1.49355469772626,0.580557005748351,1.62890213186703,-0.464375891526999,0.245031817875994,-1.06964048874916,-0.455236351660987,0.591273196871381,-0.582032151080456,1.30942976184186,-0.755829565716357,-1.41625945874523,0.357421993403054,1.24202041588935,2.15895581777238,2.08657664093939,0.558995276577612,-0.809608919621213,0.490354160068606,-0.504623527225731,1.7912380543657,1.08961653963269,2.42726026891798,-0.466764426657629,0.845597834605436,-0.561253030076281,-0.883773155823425,2.60439732430434,0.37608633489388,0.967454528672814,1.53368349679361,0.542620658355412,2.95864995411009,-0.390164751911845,-0.414352476826801,-0.867875810443468,-0.747265772882252,1.42169673284285,-0.430499440370047,-0.796259557655844,-0.77458771809739,-0.493593930889384,0.721807015452358,-0.558555906049502,-0.598213055580144,1.22894558299554,-0.614764475187905,0.82924329072521,0.358563762549674,-0.188454765994697,-0.747997090271536,0.214384187226622,-0.566010699037032,-0.603032598624489,0.606125302739071,-0.598204255115836,-0.71157305436993,-0.606204342383374,-0.63129034137311,-0.386808567195655,-0.473937637058681,0.965134310714255,-0.675677485964019,1.27879772575365,1.1325149414145,-0.735411990123146,0.356998186843361,-0.889325548542612,1.86868345477942,-0.388200013230897,2.13138430202071,0.870864297468361,1.56745556136333,-0.538722496195877,2.4506919602062,-0.574547412051676,1.89058671741522,-0.380430093207073,1.65071250984247,-0.895298276157752,0.982846535178954,-0.760805550465173,-0.276414988589981,-0.653697914574418,1.5514004746621,0.92291395573174,0.730263791609588,-0.814187642569382,-0.775032802607551,-0.580755287411444,-0.836916634773705,1.88952594528813,-0.740417895485083,1.70985098139727,1.71649939678012,-0.508516510850491,0.618135465588524,1.64595250020734,-0.61052131080658,-0.545495229195593,-0.524254694445744,-0.831984299900153,1.37831281474326,0.810338872050303,-0.588297561945064,-0.303520554505368,0.202065410861687,1.50712650797386,0.44376520988993,0.60324784470921,-0.495614760728454,0.991862993576971,-1.05758031450463,0.0173494349863555,-0.677053451143998,-0.593681714206644,1.0244539686296,-0.598637045425795,-0.757800053491713,-0.694758292889573,1.55418499293807,0.336388963201481,-0.392786433490695,1.4903050518786,0.997589424311947,-0.485816253127067,0.81139995140599,-0.847748388510819,-0.608508425207776,1.90830278318105,1.03449667903591,1.16076094085056,-0.609571261310305,1.3272767074346,-0.4791466881953,-0.527848653802147,1.22672042319539,-0.623221682356157,0.0597882728184158,3.18888915866135,1.14756058131292,0.714366902025367,-0.781460697748757,1.90482791504583,0.153133658319664,-0.693610145686299,0.525468874800601,-0.569755773406841,0.472503228918053,1.53398539138804,1.90492118662721,0.783184621201193,0.955835614814513,-0.384272493327475,-0.777454081363004,0.854961100052412,-0.911558242630226,1.43767300264068,-0.620494342313918,1.67993492924811,-0.600466657719567,-0.260049722610018,0.878730699626376,-0.69871053666764,0.157335204056372,-0.286908186000979,0.598059626126485,1.16958376583613,-0.571646636129868,2.92250735411514,-0.777414105828957,0.979818797077396,0.411926457463983,-0.367490929903791,1.27389560090114,3.270129264535,-0.905751916506873,2.50056509013976,1.48519305410595,1.74530347902633,-0.77689632987442,-0.513527807859149,-0.410458854850929,-0.702854463496712,-0.376085254966847,-0.65323427697639,0.433284523345,-0.487170846083124,-0.605815007708669,0.406544750430367,-0.512995918425756,-0.6002692007909,-0.494007793907488,0.37793966141703,1.02188005243139,1.047937615445,-0.597600263298091,-0.561688757941423,1.04901467228333,-0.505226462944271,-0.914483551563009,1.16601374355186,0.772823701849151,0.545730674315885,-0.543856568710744,-0.799784033987206,0.760960804468744,-0.547914033241979,-0.69252288453592,-0.518860584787243,-0.718638772768277,-0.574522884957265,-0.766028616235394,0.675420418008988,-0.566224935388611,1.39016145283029,-0.675382976552414,2.28648608426652,0.968482986019058,-0.569897592314005,-0.685835715519622,-0.647904522193843,-0.664556936026652,-0.569034714136114,-0.507817813873977,1.5132225516761,1.07825062119684,-0.585376536065427,1.50157114275529,-0.454210725594474,-0.564900394388196,-0.574696478706447,0.353998521798447,-0.785105315526192,-0.540641423031425,0.912286285311656,-0.539307094691963,-0.348425147702436,-0.498591251333388,-0.523080667456721,-0.831156261607636,1.89784896277187,2.25811417758296,-0.789447035739829,3.80196329286756,-0.505778909237946,1.05783702346624,-0.743774131603622,0.606636778216182,2.70154432945606,-0.397363968993432,0.997692961671698,1.46088858010236,-1.14934390124832,1.74782267387707,-0.625888537038413,0.957230325829872,-0.56888790075037,-0.680264025007797,-0.470465254505972,1.53775879323645,1.34880301414354,1.49786390238656,2.35353589990028,-0.619881066592517,-0.61712009938149,-0.363912718313512,1.36175063434021,0.634458351350676,-0.530264405273805,-0.73145250418656,2.53984943924066,-0.436105875668738,1.40092829460413,-0.406700539566019,-0.673273035311341,-0.565998932195026,2.03120364436822,-0.730817206313231,-0.520238954117215,0.874292461194971,0.349316319185059,-0.344789866784545,-0.495183843341153,1.19612092106795,-0.74095518162433,1.0755638011195,-0.553693741254614,-0.612887431730709,-0.536600271805562,1.47707696172578,-0.553901067919841,-0.479383335875246,-0.621606511720135,-0.974570951392448,-0.48805352537329,-0.865980025698746,-0.543434400240448,-0.767155531633286,-0.617518100327603,-0.563722602978791,-0.524092166767868,-0.469274127030998,-0.71456688213729,1.05175806910877,-0.598331963886002,1.75478628720699,0.7225132215907,1.0673101588637,1.22185111672707,-0.813165332182298,1.94024821167623,2.57846453859973,-0.494377357867234,-0.975604745971856,-0.766724197739351,0.432291604789481,0.11185416295791,-0.558717666256494,-0.379161949641383,-1.02737092254885,0.246903054683139,-0.614835278634353,-0.623039723737013,1.77541290266835,1.94313115891047,-0.788012724473105,-0.515370748508433,-0.395173088608072,1.570844094762,-0.807101569604255,-0.557916730587529,-0.116886386011121,-0.575643008354943,-0.61899979002849,3.0280780395992,-0.567597101091729,1.19816198360067,-0.67680156571333,-0.514869524021752,2.29639515646374,-0.797330693575754,1.16020506031118,1.89967413426847,-0.864582352823089,2.36226176024725,-0.575080500923803,1.60653201407378,1.96022661014508,-0.465167799440612,1.61575916899776,1.23518228814486,-0.978836790500469,-0.528878550032712,-0.442246094950301,-0.590310521918287,1.23187257262189,1.51503744484931,0.946769293817133,2.25911334884326,1.13396000384052,2.81115670490027,-0.518950740640203,"HC"
"HD-37-2",0.779491285962132,1.67468952431512,0.76442744127795,-0.165316383343896,0.202504572097665,1.02585367693229,-0.489483674713921,0.886825570657507,-0.266425691964029,1.62441523124386,2.02904636993524,1.16191971478818,2.32595993279012,0.317554867476314,1.94995373671491,0.323165636696238,1.06514046661772,0.933732498837731,-0.496697729346053,2.40678144038578,0.85265057022222,2.24292301351091,2.22620236117847,0.561781343868676,1.45799638673444,1.12169208539637,0.891567986393513,1.42997309549656,1.45193687450352,1.35791054403195,1.82602623892771,1.48141187850734,0.220993140193424,-0.309529644846314,0.793528598315781,1.83392201912235,-0.497006264132812,1.58115631148331,-0.0591932545888161,-0.97766678067334,1.09301737306478,1.3630645760833,0.432476937083042,1.776893809253,-0.535926408238852,0.809062109767183,0.59523769948943,1.26580203144106,1.05788250411174,-0.0384479385288106,0.946753813974904,2.67161166841192,0.995430131374582,0.728868783676874,3.26749980970214,-0.374389587264773,-0.457301332060047,2.5028856087121,-0.535578881140264,0.37037039501962,0.312331209763391,1.60157301468402,0.989604237340155,2.6443443648962,0.886170529658016,0.582707179617241,0.984024114796195,0.473114551285192,1.34866060740275,1.08038968823075,2.01821668519333,1.11950996212004,0.641272480260232,-0.811355606421236,2.43994975173802,-0.427209662751993,0.0124140098832011,0.685379124696759,3.47010525832429,-0.310167173709315,1.52439271288378,-0.472497315307328,1.33751820030806,-0.572367111065056,0.21193006753996,-0.539991255188735,1.55189156833265,3.01788151368866,0.920948506478183,0.289779706305208,1.66676867868183,-0.123156349168931,-0.439395440768505,2.06277834578242,1.21199195580447,-0.386236372075434,1.9610833237401,-0.652696741503466,1.52115568338062,0.278943941274753,-0.504580611844278,1.05299117656114,-0.112780069754241,0.855543616954217,1.46332635672616,-0.612012511430763,1.48594207834074,0.932747852312297,1.21983265985619,1.18123979312559,0.592306310552064,0.573725946159942,0.991197952191849,-0.592394335996418,0.646922960691999,1.3440080485435,1.71350294876209,1.11194467872427,-0.556437840594048,1.08254668319072,0.914531466125739,1.47658266403354,1.86152105684635,2.35497920366229,1.25165309598203,-0.466481924852692,0.185634517901421,1.95333518615866,-0.467269611423203,0.249322651483095,0.848895408648397,-0.42618686188652,2.07656561718142,1.99499073071753,-0.652232400369068,1.11132930494146,1.87164125469797,2.44751483264288,0.723091698084144,0.273928501027343,1.82911062027993,-0.521167552986871,1.24026713637996,2.58927262265042,0.983886639273996,2.00564638040493,0.542988896171413,2.64312245560676,0.968797658435338,-0.360394763248112,2.25250097864657,1.23578198701281,2.93886403385518,1.37746060560502,0.448109703307971,1.27504520409124,0.642851259081545,0.780211829017746,0.262561297247906,0.17195046505291,0.767551431876429,1.08490348032295,0.960509287062659,1.73848077848434,0.566269006311308,-0.440422043770802,1.81998668668744,0.88060318805924,0.703746362499421,1.46478848428968,-0.717586015732752,0.824906475434143,0.77063193450947,0.936229580542952,-0.529739447900487,1.406944263829,-0.484444351416916,1.16034900947877,0.80715129112648,1.21348476883419,2.54490701642011,1.746782667709,-0.603961438460097,1.73604752787212,1.26751849138155,-0.567826653865324,3.07584078706434,1.13766958539034,1.81320723397337,3.57313881654949,1.689388295797,1.16600364542137,-0.954138085945745,0.884371383229432,1.40837339970821,1.45741257892189,0.65783943437408,0.56038713640582,0.835540913947861,1.08186794395224,-0.440845057560506,1.49837158029899,0.936321672795962,-0.574567391161672,0.85062504261995,1.40213412983795,0.380200163304176,0.337036838748878,0.83661074844362,1.11290219882958,-0.490191614502914,1.58848539480849,-0.387458469999575,1.89639343575812,0.90052124131972,1.37336318526468,1.22129633249565,1.38683232000888,1.52213670714163,0.893701825084028,-0.876317725753786,1.00722559110125,1.95834186702976,1.02664117880955,0.732445840499911,-0.657239406583379,0.643482094847461,-0.769269638931583,1.22217267294369,-0.66549608966086,-0.400497512029309,0.788593178897748,0.0694710115251369,1.46821625739376,-0.431584442518366,0.463109375070535,2.10618042265589,-0.579507915169398,2.48206010275445,2.71504625871665,0.86211236265624,0.867699642689731,0.523389015545115,1.09893610438313,2.23556079415397,0.522093394239182,1.21469274315692,-0.670603752641226,-0.362836635108256,0.718752470415528,1.01046669655351,0.4963916568305,1.51188014333828,1.71578677674938,1.10231810510379,1.00089194933224,0.769871370911983,1.38822495950311,1.23035032939293,0.145274153433077,1.28415392122484,0.263546883715696,0.127304510860858,1.37614711242904,1.63626222382195,-0.453520463080941,-0.475498315316322,1.02101261754621,1.11754890621493,1.5411798363769,1.70428018505265,1.22885080876767,1.41733562294729,1.26198406344535,0.729178367592423,2.66024115944062,0.817859615523423,-0.495454091056586,0.636465199261054,-0.419839307586847,0.851284652829454,1.12224484967486,0.958005743338507,-0.586212932084341,-0.418816240327903,1.00041134835928,-0.419171849570317,1.78537191716815,2.90284757612016,-0.503708930529297,1.30545262222298,0.0619523172469954,2.03825018724019,0.116369886816074,-0.793665704950216,1.17093939378979,1.0933618754352,-0.831170933594364,1.24823978380294,0.982512762522476,1.2818337423741,0.469066663966027,-0.60699609384901,0.8084182217359,0.49607910691961,1.59594411805804,1.51549562203864,0.721914281502669,-0.356127764920938,1.27139019522811,0.48380405220972,1.10194936833103,0.927863761584634,-0.429499750025505,-0.464375891526999,-0.886517603314692,0.150834865420144,1.23490725861185,1.23028127503395,2.0800622942328,1.03487136147228,0.283502855598354,0.988411694248914,1.36111719789995,-0.796526001879866,-0.708710560777974,1.46985499548134,0.635793353670463,0.594541092074909,0.128327943298199,1.73518203465485,-0.0125172141101156,1.47407724510113,0.627309730901867,-0.466764426657629,-0.0932528201712798,3.12768187307048,0.515548436753876,-0.444598034495984,0.709496015937191,1.28766285771231,0.452124788104806,1.49914046924418,-0.477833002749308,0.880693651161981,2.93649405498658,-0.867875810443468,0.829831796566307,1.69446541807639,-0.430499440370047,1.258774648508,1.53851931572007,-0.493593930889384,0.817717320015721,0.626486738799029,1.00378759709843,0.329902866213168,0.417152434702407,1.54128489331663,1.05217669854833,1.7163283617476,1.04078569155947,0.97573757982229,1.68800342648584,0.510387715601882,1.46825090277668,2.04673844757101,0.462109108052977,-0.606204342383374,-0.63129034137311,-0.386808567195655,1.16589836626011,1.48472873570132,0.519064058082448,2.55895138000475,1.6778732153949,-0.0399553046694636,1.48416643685057,0.918372886575643,1.90981353296682,-0.388200013230897,1.76661727758105,1.31948096867874,0.410010253160507,-0.538722496195877,2.00161236366233,-0.574547412051676,2.04167725510815,2.08559386143076,1.45551800005621,0.420838104885771,-0.543996565944918,1.30958850504111,0.171099291397218,-0.653697914574418,0.527062331628849,2.22525672732809,1.23935823781187,0.613063950428812,1.1563138875139,1.61430129823352,1.65026507745536,1.68084068915927,0.487525057596323,1.13781576531271,-0.517699977761507,2.65895557641596,-0.839734362004915,2.68425672403399,1.55845875327142,-0.545495229195593,1.58492780627926,0.488759397862584,1.74858089014937,0.897325469943866,1.08380972012662,1.21055711044931,1.31533956622557,0.942059546681479,0.670184971154016,1.66126619672122,-0.495614760728454,0.254129812220152,0.603326298100275,0.822557855408086,-0.677053451143998,2.80068360667675,1.89485923225979,-0.598637045425795,0.78474818741498,1.71185614991169,2.91364646743182,-1.1319511214443,1.75993427039843,2.31318505561164,0.886095234928078,-0.485816253127067,0.626270528380122,1.8819391648109,2.31230444206549,1.28059891427087,-0.682642890579754,1.26749895346748,1.31595948672158,0.763768114613772,0.764905222217207,1.38435517419183,-0.581450107692442,-0.623221682356157,0.145054266168902,-0.456566211138298,1.42680071229209,1.81553533427156,1.81649292290207,-0.441282341989839,-1.20266300647864,1.21344877555612,1.82098992048449,-0.569755773406841,1.61622231458544,0.967325473085131,1.27280375499392,0.362305946027396,-0.785445256160296,-0.384272493327475,1.16849353838407,1.67078879416639,0.918225804478627,0.912923144671367,-0.620494342313918,3.1519141796323,0.906695172102537,-0.43431724040096,1.537762365404,1.57558948153397,0.214932707975576,0.871209351919726,1.42387393614294,1.59808662224624,1.68854681301402,2.53467850316968,2.11692851206639,1.27936542614714,0.0699047828455383,-0.367490929903791,2.31813104273494,-0.573648085257991,0.700654580921622,1.7519007355803,1.325349574787,-0.74633402219577,0.593253545692202,-0.513527807859149,-0.410458854850929,1.02274506000568,-0.376085254966847,0.496821663285444,-0.751527203204582,-0.487170846083124,1.03724726891023,0.096972172315354,-0.512995918425756,1.08294954130206,-0.494007793907488,1.15689798112151,1.24125171188738,0.617790395831166,1.11658726825073,-0.561688757941423,1.57364239814604,-0.505226462944271,1.11400116854373,1.71848221777606,1.22527224770241,1.90853163234973,2.10968486175143,1.34766472617572,1.29648135904463,-0.547914033241979,1.28214637691124,1.18171066456911,1.16358977170083,3.88377548682957,0.437776876248083,1.3739905893401,0.889134097907384,-0.60068195999903,1.78813840313204,0.943087183421738,0.565179468978154,1.59819530080987,1.41986849807248,0.827573696534834,0.717490069510434,1.44643870317987,2.46118334577745,1.62976762636029,0.61905962192282,1.25168544973785,0.973531717795234,1.51747302124082,1.08232442687335,-0.574696478706447,0.283247823587527,-0.785105315526192,-0.540641423031425,0.520075462884441,-0.539307094691963,2.96607079271079,-0.498591251333388,2.00887532613766,1.37864690048438,1.27900723152311,1.52018532714401,1.81443998112955,-0.557501763870755,3.31821253924629,1.15348045199828,-0.743774131603622,0.683424043993474,2.63045998507792,2.13169731788889,1.75598366277203,2.18680703803033,0.851266384598023,0.919568953991529,2.17036278807222,1.41679645948392,1.27156955029123,1.19710991889163,2.22155498594089,0.974905887302736,1.45986013840696,0.96531453295426,-0.609921532378848,-0.619881066592517,-0.61712009938149,4.82077421024933,-0.421387307249072,1.10517347654887,1.54510128144906,-0.73145250418656,-0.569578522132877,-0.436105875668738,1.51650507733772,1.487853464528,0.93272614350315,2.05973512129657,2.39438168175844,1.49571103415704,2.37453523864033,2.0813866468194,1.59244644999273,-0.344789866784545,2.19005093919938,1.31296682622758,2.06331490933897,-0.726611845001168,1.75874336342263,1.49774148514861,-0.536600271805562,0.959162964760941,-0.553901067919841,-0.479383335875246,-0.621606511720135,0.586063950527165,1.68649715739858,-0.317904305279955,1.18117178071381,0.227075355071762,1.77033811504736,1.4513940364121,0.294630446332711,1.57638760498321,2.81857843179388,1.15478967132499,-0.598331963886002,-0.491698944574237,-0.703895512265653,1.55844645839893,0.748261179991846,1.70085506415741,1.54148226266182,-0.472351838475484,1.90210283381639,1.17683138624651,1.71606942978999,0.503722645983277,0.170871766158713,2.85694152053834,-0.379161949641383,1.42246441276802,1.10176677293699,0.847263846730028,1.788954986751,0.331250241057232,-0.441748500440315,0.898744999578016,2.99413569279016,1.74300061117723,2.20538389586874,2.30128601968801,0.892442820013375,1.33844647008933,-0.575643008354943,0.688970906503495,-0.46950194156598,1.15299606919283,-0.623788878529261,-0.67680156571333,1.71742257629045,-0.440109756196063,0.474805899388086,1.26188841871221,0.725305306555583,1.14287367425966,2.12582479803666,0.904795261913189,1.05868646239774,1.4481909881318,-0.465167799440612,0.541260123316421,1.35256123294003,2.1872670118384,0.876016011995544,2.40179552127318,0.736346064929073,1.75784397182428,1.63160106534716,1.24770346342719,1.77633403808227,1.24859162829763,0.907954808083578,-0.518950740640203,"HC"
"HD-38-2",2.41061289710917,1.73106707108602,1.42202368325849,1.45553854771483,1.57692622455905,1.64195144203176,1.04291349440665,1.71192173238996,-0.357585456271341,1.73274148501642,2.16222884177795,2.27223116950811,1.1947989247201,1.48315691326568,-0.522805082503363,1.78147265210925,1.41122665546105,1.67819197278469,-0.496697729346053,1.450069743596,1.82543156531298,1.11043922751643,1.75383452270318,1.37937114000938,0.588307290394568,1.41825404874028,1.3551038932897,1.46423514142982,1.55464051951718,2.29982481098823,1.51927641840618,1.16578740428771,1.61187966932193,-0.309529644846314,1.20463182123364,0.549994257381572,-0.497006264132812,0.748838934023878,1.88682613006216,1.60433490356323,1.91130240143307,1.30437471877448,1.55385065702745,0.877166994836211,1.01865846846404,1.61120292883222,1.215794234675,2.00900824025851,1.92476236885349,0.944462214954562,1.59478468959912,0.918264848862253,1.3859789641749,1.56062760887084,0.443050451697413,0.965428740729692,-0.457301332060047,-0.488378971130679,-0.535578881140264,1.5861308209649,1.39898889435842,-0.466862369479199,0.743029453341901,3.78967808034491,1.44815380596893,1.1455903454201,1.43487729257599,1.96227913877852,1.01539471653279,1.25096295925395,1.0096285726341,2.12169280375391,0.463359915645779,2.36600947056768,0.837987725031971,2.72057347190635,1.47142281297597,1.50372546254253,1.5050002633877,-0.310167173709315,1.20012283654133,-0.472497315307328,1.79161153685548,-0.572367111065056,1.47921897673615,2.18356731813302,0.982469630368019,-0.510050775686776,-0.56503564513667,1.63249881786835,1.58851634960011,-0.483317759409789,1.88380739397073,1.95530769789838,2.03006868223108,-0.386236372075434,-0.370292957722169,0.901111061761751,0.712412753170457,1.56553837405905,1.18600412195491,1.44781821280096,0.734352986928907,0.623549338298514,1.74508472691038,1.82685246585612,-0.222683319643281,1.37479997909495,2.6246005891265,1.7428504373454,-0.699577466702064,1.52359656919934,0.652884806579482,0.453642200047972,0.476958590766256,1.04785329191409,-0.415332247460931,1.11180779865715,0.0891559893175849,2.82625837501123,1.45737075635577,0.840131059403251,-0.434538970011261,2.58919828765083,1.35554821357946,1.47623090245294,1.69568463809965,2.57471476046482,1.26405934667158,2.5752842726423,1.15673559152002,0.864893782186703,2.28531853679786,2.32449205370529,1.63914378510896,-0.433250890230484,2.03901134601034,1.84741208877817,0.627178436262117,1.49920339893812,1.67450180335885,1.48889956419072,1.93562401691428,0.371762664592924,1.81876874479787,1.43821711418943,0.604243562310948,1.14094157944966,0.553971324685005,-0.360394763248112,1.51697850260154,0.980732009476324,0.695226964166499,1.67442730592374,1.48002202875634,1.27194307095504,0.947554904267779,1.85798534097721,1.61167664615579,1.16196823398067,1.66512319237564,1.29509729260726,2.13425479944204,0.789672758247057,1.887414056485,1.37805149043924,2.16512702404349,2.14218830462979,1.33227258184671,1.56398522930302,0.443118688966085,0.911368184647239,1.55697214848395,1.18861998581632,2.12748223332606,0.808309915686883,1.29835603936305,0.897934554078782,1.37780315327578,2.65246595080756,3.69209735552076,2.018326801427,-0.210740899636286,0.830956513825145,1.29641979110829,1.94136978074605,-0.388287405092906,1.09448571615645,1.79398271505236,2.4906358840203,1.57047468497124,0.182301852324746,1.7767903683839,1.38351735280962,1.25025741967446,1.83800518438063,0.979309527457318,1.07764089694809,0.626383686857795,1.1649711026705,1.77798946224223,1.89897825948548,2.13963180754954,2.62967186343328,2.02225431769628,1.21820941474402,1.94183255001245,0.57329514425587,1.76564110474926,1.02813738383696,2.11288948281431,0.807232204305112,1.25925772635279,1.55001917610469,0.219734718763952,1.55892034563281,1.5177768237042,1.41740384094693,1.367394986128,2.150652833103,1.93963093450542,2.23882011492601,2.19320409145313,0.334794625710967,0.807855076364937,1.97288201239874,1.29062199639358,0.576526841300065,3.10604232272303,1.7480148273151,-0.400497512029309,1.7391134669325,3.25517577361435,1.15973952721354,2.22940328989547,2.62187080617264,1.72818759750439,1.27491455878723,1.09540152632403,1.14631106064806,1.74060825880743,0.91341673176881,0.51080342972547,1.54459861025854,0.843776826457955,1.75138879159746,1.2783568729592,-0.670603752641226,2.99453241149359,1.57521820152567,2.09985117611861,1.32173669387166,1.03140052693946,1.5846961738442,0.579554485417338,1.71140631608388,-0.58636397201414,1.11040390352389,1.5905756937903,-0.176555400421665,1.56002470896935,0.478352905646108,1.43384886494762,1.55524274274091,1.21096898150912,-0.453520463080941,2.44326622217585,2.89918259375272,0.873994183263863,1.41788046681234,1.73844221800818,1.88330455308766,0.937332165761214,1.02129528139891,1.73115101423816,-0.657270497541832,-0.49858944200454,1.22746221938862,0.902366353563354,-0.419839307586847,1.80443810325812,1.10769268923128,2.27022127792388,0.675475549299024,2.43609833334255,1.34556298952053,1.86569209295352,1.75418278129165,-0.504768109875833,1.13265414995414,1.62065695118833,1.89434032207911,1.8310954375478,1.25218632287241,1.76269972915964,0.725498567283099,1.80785709185239,2.01520503011787,1.13151737469755,2.53985121561479,1.70666198766832,1.68444273154995,1.8580673205951,1.76168280044723,1.82297104460553,0.834567754054397,1.23602784094146,1.13184404848839,2.10336222695286,3.59095066871375,0.967306719053826,2.01320686601734,0.713150363160979,-0.429499750025505,2.35119692833436,2.3611075778872,2.16445375336198,1.5910468543769,1.62948691921745,1.29899240923728,2.13298855803068,1.70367010315213,1.75304164157461,1.50570104436709,1.05801778812062,1.56306336604252,1.89312514162907,0.70724329425732,1.01107726417441,1.10430666306627,1.42338839840811,3.18908153600141,1.19991191715266,1.87184037093204,-0.466764426657629,1.51496183906681,1.16498050571982,2.16620339701,1.53547505792233,1.89976599678221,0.804319787025594,0.715805399814008,0.952489111004691,-0.477833002749308,1.33178444348577,-0.414352476826801,1.47801006773827,0.610290871111423,1.63665069749157,1.68598333534629,2.40459002169856,1.23119472766076,0.86234859108724,1.4329412925824,-0.558555906049502,0.778850975174327,1.05669338687238,1.82718696029658,1.61954890737559,1.54643931930008,1.5234251879437,1.22708568518584,1.98412755008037,0.564766268809345,1.50345041617438,-0.730318235371536,1.13869018238128,2.76731428988095,-0.606204342383374,1.62124237310365,2.90868353631619,-0.473937637058681,1.35500198612171,1.97872441275865,1.73851385949583,0.961294605012189,0.291715247138116,2.11506534205525,0.666731012872184,1.80745173021627,2.03824258449748,1.67203031469795,1.30220046596917,1.18909151274886,1.08289115827926,1.03993476667623,2.42474393056294,2.18182900886138,-0.380430093207073,1.1467357690568,2.7305826237542,0.442192566793151,1.29178036852978,1.70573868007006,1.91269092068039,1.35514228646201,2.02212872260521,1.80271869878807,0.913808101574263,0.420266518536913,2.0703223340593,1.22078918524861,1.35363465195692,1.34550211118171,1.96241397979562,0.925371115739399,-0.508516510850491,1.02112075828907,1.88390168453442,1.55946633403887,1.30788766297989,1.29131764091433,0.767060675796319,1.18967441485285,1.83446794468145,0.849029439048069,2.09693609797362,1.68746576449635,1.30272753744244,1.62179330075542,1.49986853533231,-0.495614760728454,0.803844696617276,1.5660050109876,0.807341218115749,0.948245371904053,0.628996858276321,2.43862496205673,2.64944534082004,1.83750440751122,1.61853047924528,-0.55321502257966,0.494159789581446,-0.392786433490695,1.1999853445078,1.84489574135512,1.58049929080754,1.82746908822547,0.66177523940613,1.0067079502003,2.1854444114943,1.50914947654359,0.991318357437383,3.84765174253206,0.748644087358866,-0.4791466881953,2.04426567751646,-0.581450107692442,1.61949408602685,1.448393749958,1.92303164493183,1.36390530425594,2.21786032371218,-0.781460697748757,1.69306405793331,0.172527202780369,1.87158374744719,1.18128273625714,2.4428493624726,0.871110071350296,1.32901020813255,0.625466972620419,2.10060597094773,1.14695614709767,-0.384272493327475,1.55117702225829,1.54221587497288,2.84121034651127,0.690216791275821,2.32913658665264,1.47397383869388,1.2242776553678,1.02986707083342,1.07630821856945,1.61349793956558,0.835454359225777,2.39616505331424,1.10311572986012,2.16794040301874,-0.571646636129868,2.28301648127386,0.780393415204264,1.55816857143823,2.83199257605926,-0.367490929903791,1.26316316359048,1.97037135607656,1.87315620443208,-0.548246753341323,1.01188504041336,1.78218372601307,4.37952532903685,0.736681888938595,2.3133663065776,2.93367523176558,1.53654624777825,2.22294343556479,2.30319410162972,1.15390923295163,2.78649244912632,1.24017457398583,1.89870905119766,2.09665134918479,2.64948579644704,2.20562480388377,1.85893094817168,1.77741506736911,1.93410119310369,1.49865069821609,1.81833563882444,3.60734257964357,2.01586707177368,1.97616074802961,1.64055001503362,1.97677083794354,1.74029684628436,2.08875935815835,1.61034494379894,2.06811667157973,2.20610731840977,2.9921813350248,1.55462106270394,2.0542128184499,1.27888882443678,1.07860282070612,2.18717290090129,1.21046457850672,3.10131853356354,2.46314392588104,2.230891121946,1.29638447473967,0.601068066071734,3.22788562409809,1.68314129520594,1.16344644514872,1.59006571942756,2.88535575548412,1.85698279665438,1.63878303661907,1.73470927252515,2.45778957866422,2.90646239616975,1.54529201706325,1.15812839639591,2.16208054928964,3.11041037446755,2.72217631949681,2.68404680903536,-0.348425147702436,-0.498591251333388,-0.523080667456721,1.29295333924117,1.01433702932813,2.57839035502448,1.66609946123886,1.13448263132419,2.60740967898905,1.98530456361568,0.854985693294686,0.979938234209891,0.778217858018911,2.88193447109056,1.98942005719336,1.06008790765368,0.0812907508827618,1.67242121531907,1.26043075360824,1.13268161086924,-0.56888790075037,0.937942024246236,-0.470465254505972,1.33339367319527,2.1722445425878,0.739298029532358,0.756461517476864,2.44598096019505,1.23267000301258,-0.363912718313512,0.730342859965805,1.60812371197906,0.617417693677034,3.00542630461997,-0.569578522132877,-0.436105875668738,-0.631759280520507,-0.406700539566019,0.707228089247427,-0.565998932195026,1.79349813244256,1.67579073225597,2.22169549909635,1.81076440464942,1.527878636359,1.05760032082752,2.46971554015252,2.73238897064371,1.43487071847389,2.06923034593161,1.87448892147483,2.2261294166436,1.63159196652615,2.62578495047306,-0.553901067919841,1.28354428006038,1.65885350664772,1.49062413908028,0.840925862547175,1.87258606602161,0.93902013873747,2.64426410638829,1.67773986632439,1.87003270988155,1.6265305914154,2.55198503565021,0.852903831979687,1.07911683749364,1.95768471950315,-0.491698944574237,1.83246298570563,1.53604912574367,1.43094889789488,2.61678404716307,1.21333188268305,1.50890385636185,1.57127331109062,1.52986437542368,0.606266509360617,1.76756291975115,1.99615934408375,2.00430944630966,-0.379161949641383,1.81718590022099,1.36150820892553,-0.614835278634353,1.45598371427525,1.89420005595465,-0.441748500440315,1.11600037417119,2.11807704849337,1.50571899857544,1.81538800730115,1.4055697080267,1.39296869859756,1.58151613545601,0.748730728724527,1.60286421202755,1.4020738126244,1.51555186174015,-0.623788878529261,0.835001546993264,1.82915659680221,2.04939362123139,1.60942809404738,1.91414408596506,0.598199161652051,2.35184417405849,1.33790696198782,-0.575080500923803,0.40418990704441,0.494380963467217,1.06852987522413,0.363460971113351,0.79761324641625,1.99460477981158,-0.528878550032712,-0.442246094950301,1.01589328073199,2.003163919342,0.789118645287671,1.5912869699026,0.917333916274617,0.420073022102259,0.696300922642454,-0.518950740640203,"HC"
"HD-44-2",2.91059985329616,1.29157443139169,1.34029275664013,1.22754016791663,1.39372409951012,1.61766048947687,1.10505718011292,1.52137162818266,0.147346405760256,1.62209816024796,-0.5360100599205,-0.427166054873635,2.58698590235368,1.35333245176722,3.24837536147667,2.14369417218946,-0.57729235363827,2.1890999520301,-0.496697729346053,1.8381633049254,2.33458782733197,1.77977392715117,1.27595504208254,1.92897158983483,1.61961602436755,2.07870101814387,1.92676808942661,-0.886090803404096,-0.59994073973799,-0.572265270403078,-0.449126948447106,-0.823525490657949,1.70330503183347,-0.309529644846314,0.900220375852428,2.18779481982375,-0.497006264132812,1.35727923211501,1.49059931500514,1.46024668909532,1.48395179727588,1.51069401090695,0.807324261047911,2.36814297377994,2.65776208030289,1.77403524367678,0.325287594031907,3.15631517482558,1.8775487467541,2.28586564330259,2.41014376255972,1.17653942299847,0.911384984171985,1.68845566963428,0.483696900080607,-0.374389587264773,1.41865113368788,-0.488378971130679,-0.535578881140264,1.62990255776033,1.37176952354192,-0.466862369479199,2.12445897022599,-0.361091310062088,1.30228527680008,0.888868159815908,2.13062388269241,2.33844942091582,1.05362739638458,1.01399603812266,1.73859322808134,1.83637383063572,0.507529799005691,0.834966014136334,2.13552722006707,2.84413476102826,1.0393635633302,1.04615838343049,0.976361498734357,-0.310167173709315,0.901936984306718,-0.472497315307328,1.80729850563136,-0.572367111065056,1.66949004357286,2.8991938393406,2.11867334361751,2.24279687091848,0.764101922993712,0.898961334323885,0.933039802740932,-0.460362042597664,2.50762007086509,1.77703265840074,0.486276046444333,1.16769542952275,-0.370292957722169,0.288323346674817,0.374757633147605,1.7601947828865,2.51594777791913,1.33780821545657,1.498778846832,1.43832753796389,0.641777573065022,-0.612012511430763,1.5563427201165,1.1517644457695,2.87640120423821,0.716054662085147,0.455947146491584,0.426241044621015,1.10018214809653,2.39785901136189,1.57405254885798,0.772900288426715,1.90920618961722,1.69552870895683,-0.556437840594048,1.55063431363633,1.71831912977782,1.22058963587986,3.33258576929786,2.51145509067568,1.64020080206499,0.968750480629919,2.21136866273872,2.12095806564839,1.72894555281081,0.140488700758194,1.63167461401661,-0.42618686188652,-0.515214523200561,-0.563237817945086,2.75948946338389,2.29434496759174,1.20796988447092,1.72933128332569,1.03598676704111,0.960725757022832,1.09554744102476,1.56972537338811,1.55095974517113,0.89162467527298,1.25546621638744,1.43838752435828,1.32705614492639,2.92538795184289,-0.445041103063912,-0.360394763248112,1.78277909337576,1.00251445086332,2.37295436637057,1.36824450619983,1.49836881695556,0.561446720424868,1.75039536133907,1.64481991044911,1.52925103512697,1.78952751431816,2.24409740636596,1.22932377691051,2.46378319895088,1.10108260255456,1.66276704469551,-0.440422043770802,1.79015466247331,2.50026784701194,1.08883945474447,0.743280011699467,2.39843083180732,0.735587862078726,1.99050886176779,0.505718919904075,1.239115956891,1.40443199309366,-0.484444351416916,1.33364431681539,1.86915203580068,1.04319111232109,-0.465400568692601,-0.659554194522494,-0.321070155466072,-0.59156966366512,0.684326354606406,-0.567826653865324,-0.388287405092906,1.67488797760602,-0.547273332987266,2.61006900022965,1.04417191502887,1.08774825300576,1.7467860730978,1.2652730933273,1.17131267395026,1.93400949675085,2.37164423078842,1.68011635500448,-0.654078746223719,0.908214062457498,2.37377777684246,-0.402800957411009,1.38805267804938,1.81655718667311,2.23756575383358,1.77938466481717,2.04102343829007,2.40971499445692,1.66613814930934,0.325698368777155,-0.490191614502914,0.660322475859239,2.02517127391389,2.39400055153333,1.80503408446102,1.45220048154237,2.18628294140802,1.74145396952501,2.29305952580602,1.92869247095734,1.67621152620178,1.00525332044239,0.900797074140862,-0.752576497540583,1.52353260158996,1.29269366945859,2.57858856973941,0.224974436911451,2.17029595989469,1.47038387400428,0.690680036953365,1.95055650487424,1.57155295357674,1.02907893491073,-0.431584442518366,2.58669923953966,1.38060022991514,0.790497569258826,1.16438273168838,3.91331753575479,1.97788175020883,1.7238544879288,0.568192186170519,1.83016079972845,1.94601036322273,1.80509097995944,1.31843617927042,-0.670603752641226,-0.362836635108256,1.75717221985043,1.54274285545667,2.00072431691503,1.53400718865787,0.0284010260745297,2.51718489073296,2.37061109301677,1.496555512962,2.9036962393154,2.53970610548819,-1.42880819914641,1.75956190292738,1.43082912241458,2.10421838636503,1.78951606923472,2.07112822982995,-0.453520463080941,-0.475498315316322,2.39514139543573,0.480580275216262,1.70452458717489,0.723377917738711,1.98786382252235,-1.08443220697467,1.36995229459544,1.82752245504617,2.52089773477653,0.678907570321443,2.30251130028166,2.08140464684859,-0.419839307586847,1.53833665263667,2.03683746467218,-0.513248218781385,2.00575875084221,-0.418816240327903,0.827519636382081,2.36778998502003,2.31589397498596,0.772460500389794,1.19901399126948,1.47351854285921,1.49949954317261,1.6698916798784,1.33205483602883,1.85140113549099,1.54034277145825,0.935228557234565,2.11955466858325,1.62901993403519,2.1526136272584,0.537354411732038,1.51739368317563,0.558430787351602,1.78144107161648,1.39914674609955,1.0378152990649,2.02849329100565,1.37318640912442,0.80666412667021,2.91149895651501,1.11894724924027,1.74216717365028,0.184431850098439,1.94592868427833,2.08119227088702,2.060766975954,2.08262018789361,2.14050271133213,0.519651407195482,-0.582032151080456,1.52515328630178,2.43918528300596,1.64327868908386,1.78190889563866,2.4892144076725,1.653661927061,2.18381112130509,1.55036136734683,-0.0766187695609492,0.96644147312543,0.919748183782319,1.75263980536925,1.13012388017368,1.8540784332272,-0.466764426657629,1.93106295633317,0.910750177630935,3.19154775142755,-0.444598034495984,1.4619663540383,0.643841080834756,1.88499753520646,1.02736437508709,1.17090738660163,1.43310464461965,2.04854752443634,1.79190806324422,1.23282631192352,0.516920118569526,1.77108817166629,2.41342218039157,2.51313447520674,-0.493593930889384,1.5270687016643,1.77143522088634,-0.598213055580144,2.25278742342112,1.92093223076052,1.3146605381661,1.04996610514381,1.71372005193116,2.46126278655327,2.04726737370684,3.6155501657061,1.78531442416491,1.42376886315059,2.74359271585905,0.766561163509358,1.27512343347836,3.35054775881933,-0.386808567195655,2.42187179008611,0.986558015648184,1.67338329147805,1.38830738527028,1.75265540622975,-0.735411990123146,2.6137860436281,2.07654878248012,1.18751069577001,-0.388200013230897,2.1872448004936,2.19162327672421,1.69043079920019,1.81649772618485,0.424958626078227,1.42201641979215,1.41298067041747,1.82766576176199,1.22392471811284,2.23761369751837,0.900884610324849,1.37298332750477,3.49588759972564,1.38615711495741,2.41884773548454,1.92751503759083,1.80291151688652,-0.814187642569382,0.654164123851203,0.815158964194166,2.08792198489821,0.547909947654276,2.27696739142922,1.58632766432477,0.983892338757443,-0.508516510850491,0.842670552430489,-0.521979735973987,-0.61052131080658,0.823742235667682,3.16063084009848,2.00108263638189,0.689236790360414,0.308688025303792,-0.588297561945064,2.14366080941181,1.57046745286719,1.10165643507386,0.72570975781326,-0.120609180294746,1.71718285726528,1.57184449137224,0.429607593741867,1.08183331980456,1.0135994545801,2.20298776841024,0.428528751161065,2.27581197418278,1.59472527764517,1.18312437654356,1.44105839755819,1.45035988702247,1.95783329947992,0.623482568029656,1.12413005820158,-0.485816253127067,1.9422028783085,0.722473943288363,1.7473985451161,1.08033694239604,1.59585962300917,2.05693192491857,1.49297300492374,2.46826796409922,0.633594742483299,2.60948672191817,2.5538797677781,1.5125427132087,1.63307600129734,2.71132090351662,1.30708943046747,1.79029363725792,0.49411609037962,1.13552462332132,2.76974762771751,2.43528402846328,1.50592255354428,2.24222891456196,1.16091142974633,1.12737227449603,2.0409359348358,2.21617576943545,1.52509077223512,-0.384272493327475,2.33919530425433,0.824832055665352,1.71254724153789,1.32436032316377,1.77395846852925,0.931712134806126,1.71424719981464,0.615609577495898,0.980556882047652,-0.69871053666764,2.20872436054438,1.82123320398259,0.771110603644373,2.05816033722848,1.4521470813224,1.77577410012292,1.33882061751926,1.18640123868718,1.57642839387143,2.76393403127318,0.554948246367288,1.31876816414063,2.50688264260474,-0.548246753341323,1.7147225380637,2.12051930326594,2.31965479718268,0.787381955494655,-0.410458854850929,1.18137895508908,1.04191142099113,1.37766565863544,0.8206201893787,-0.487170846083124,2.29569174076465,0.598339358290037,0.947585511533544,0.908444582358666,2.77384647664731,1.11670702188929,2.9811861327411,5.22017384086557,2.77277780349572,2.44346161070097,0.951056878396521,1.68346364546018,2.03068055308345,2.08339371507869,1.52411948337782,1.78956606110055,1.14362443940172,1.54507910690366,1.44168506883323,1.81724748100349,2.06787648066045,-0.518860584787243,0.96672240927955,1.80212525811006,2.66312397431998,1.90997206827057,1.66892968132263,2.60817048192021,1.53273684035983,1.35113615278879,1.96103632831597,1.79750749106871,0.653256197026922,1.61814933599356,2.05277756151901,1.23370418695623,1.67442267086065,1.82891153294739,2.4340189695634,2.23600120290642,2.19597629733208,2.02892594150565,5.25203926985643,0.427586694346614,0.755263234228017,1.85281324291653,1.18549425547835,1.15527912835927,0.857133819021637,3.53765273246236,0.815564082069369,-0.523080667456721,2.36706562717494,2.49714570758464,0.41958813038267,1.31082978846676,-0.557501763870755,1.25894220713494,1.31690911724961,-0.743774131603622,1.74969244101077,-0.846638841230125,-0.397363968993432,1.85998033853985,0.668159650667616,0.411733485002021,1.51509264125347,0.51650780148334,1.93521363159564,1.07907113924554,1.00247623593121,-0.470465254505972,0.795333897387385,2.28123720416461,1.82780300131487,2.19713125879322,3.2353958570719,1.30705099287787,-0.363912718313512,-0.421387307249072,1.6286468340697,-0.530264405273805,-0.73145250418656,1.70082046786749,1.00296241030538,0.734398135630817,1.28788207018571,0.763211896663991,1.4828628987233,1.67526368973792,1.45066331848473,-0.520238954117215,1.60824750251227,-0.0902436143761914,-0.344789866784545,0.906554311276607,2.15517256542548,0.872169923433478,2.60093401252958,1.97132507780893,2.85000217710893,2.21378211539754,-0.606291521024171,0.827051629380786,1.35328798118779,1.3229997031843,0.729532692794848,2.55176101040963,1.17412861686998,2.10523261537469,0.759793974058705,-0.617518100327603,2.2532183403844,0.921701593361191,3.55283740205624,1.8309594347517,1.33010335333105,1.89420087622955,1.01815062465146,1.18883117286008,2.04680743928711,0.597167552426131,1.92194736186588,0.90610824389714,2.74514911147734,1.26705546547682,1.52644690810264,0.661475155864761,1.62679670922956,0.746885277482114,0.993507772695464,-0.379161949641383,0.93492602219904,1.01408201061111,0.692938343137124,1.86280951509454,1.20732274197969,1.81510927684419,1.05028354755293,1.73023711632107,1.74932910098704,1.77061631149461,1.75394648778526,2.25332604700977,1.31972849839151,3.99142990656266,1.69076403134197,-0.46950194156598,1.59931632868792,2.53543580304457,1.24094197224269,1.92263658221326,3.19100645140455,0.340531063337433,1.74484443091344,0.987712152503237,0.610914481990822,1.41420704433989,1.28867365100424,1.72842562539405,0.542787968555925,1.13072630065704,0.658676515939513,0.551932217122484,0.792654852897315,1.24044434770955,-0.442246094950301,1.75245097557365,-0.597626308220176,1.83077666169715,2.09050717950646,2.09936786927054,1.79304681831613,1.29897318773521,-0.518950740640203,"HC"
"HD-47-1",0.995092644731816,-0.665330012844802,0.392606633546975,-1.03790453368905,0.626767537210841,1.55900332136681,-0.489483674713921,0.182802745668439,-0.0895537755166096,0.717837275065184,-0.5360100599205,-0.427166054873635,1.38599965498996,0.104239453483991,-0.522805082503363,1.3537892682227,1.33037533301344,0.610332409464564,-0.496697729346053,-0.533225338772386,0.137533336287401,0.519932625849714,-0.72953949609161,0.717500292861625,0.605852980618672,0.910851362521053,-0.671018873252328,0.342622298876778,-0.59994073973799,-0.572265270403078,-0.449126948447106,0.536661910697044,-0.111892169668506,1.27053407687713,1.25131755381147,1.85418722205487,-0.497006264132812,3.28424244343405,0.389968766838545,0.594965450710847,1.13707064830303,0.830219330378831,0.859712027602138,-0.536928301917431,1.56464815045702,0.941915221573701,1.59095583010156,1.17154653194668,-0.176109142357423,-0.757778983174664,1.0722148946643,1.71678384345811,1.57261597334906,0.16929922123732,1.34210518641714,-0.374389587264773,-0.457301332060047,1.53929820066794,-0.535578881140264,1.15138022457123,1.68706129710493,-0.466862369479199,0.68103561717966,-0.361091310062088,1.55364942641897,2.08650397294632,0.835205212848391,0.00478983277964029,1.43397518450763,1.31702799976285,1.79036973556932,-0.115773989872961,2.57437189145256,0.936616498937021,-0.594144064245794,-0.427209662751993,0.157246510986158,1.55630082502407,1.42271809978987,-0.310167173709315,1.4108659722458,-0.472497315307328,-0.335583209696511,0.798881043365296,0.348283529152224,-0.539991255188735,1.56903562937763,-0.510050775686776,2.81425924689777,-0.336990033850043,1.48877435449395,0.0244374494649914,-0.439395440768505,1.27833458627069,0.867846139986998,-0.386236372075434,-0.370292957722169,1.06284140578638,0.659857027629627,0.222296242910053,-0.504580611844278,1.16967852198191,1.28247635725728,0.314187376381074,0.735042826547598,1.43171388890798,0.726917437678845,1.10446000676078,-0.877494153250386,1.1149443378043,2.56322402570026,0.504971256500875,0.460360650645788,0.82102333454042,-0.563564816816346,-0.852561903334732,-0.415332247460931,0.126087482689499,0.668249324092849,2.21251096229231,0.0794770974118807,0.698195793515637,-0.434538970011261,-0.540935274554197,1.28702836727989,-0.466481924852692,-0.505619267885321,-0.71314737154191,-0.467269611423203,1.82239449429765,1.08481915367871,-0.42618686188652,-0.515214523200561,-0.563237817945086,1.15749204943196,-0.433250890230484,1.22648176275422,-0.628682208598634,0.788274012711728,2.18806999017941,0.297150570271529,-0.521167552986871,0.154301008575077,2.53805567710774,0.00514724765759164,-0.115319048839808,-0.680795110743151,-0.630959826187288,-0.445041103063912,-0.360394763248112,0.281757305451109,1.5053581431888,-0.544945209809633,1.16228682616916,1.51937251837174,0.973013957198257,-0.803191037428762,-1.15278844781279,1.17255558269832,0.871961320063042,0.21753156975484,0.512101239731056,1.53571215607083,1.24600642075493,0.79256162850548,-0.440422043770802,-0.832999110597407,-0.533884030225674,1.2495428799113,2.68726673381893,-0.717586015732752,0.323053058695643,-1.19702951435578,0.950956830715256,1.76052803720172,0.99561405649736,-0.484444351416916,0.831958307477726,0.491415809837651,2.79947437301191,-0.465400568692601,-0.659554194522494,-0.54431527265026,1.3305655264394,1.08339909953657,-0.567826653865324,-0.388287405092906,-0.592984739390304,-0.547273332987266,-0.551980064673498,1.37782119066936,1.70342794728576,0.552553306319771,1.09546838021583,1.12270197501421,1.156739098944,1.88904272313354,0.799225687777604,-0.654078746223719,1.34643438593222,-0.440845057560506,-0.402800957411009,0.014890437495504,-0.574567391161672,-0.707365707188811,0.0583511138666988,0.548223397902317,0.518101388898818,0.555735081679636,1.45260742434243,2.38383496301362,1.06363268210469,-0.387458469999575,-0.67265289501153,0.161759603539558,1.7678296564379,0.88817792386774,-0.0395439860079558,-0.826299878399175,-0.721727210801833,1.48339823743678,-0.875446007171464,0.149149882892037,1.75592081975622,0.469993674407939,-0.657239406583379,-0.739571250856207,0.521808015543725,-0.547342081550196,-0.66549608966086,-0.400497512029309,0.025994148619169,0.719501045660715,2.25738530349883,-0.431584442518366,-0.368227738145949,-0.631943764721935,-0.579507915169398,-0.620100662679788,-0.503796517211337,-0.0309893269149929,2.10740666950285,2.48300609509152,0.523724518128547,-0.557349591175902,-0.329749618899875,1.27730688487591,1.32630445552759,-0.362836635108256,0.281251170596938,-0.0363028910698289,-1.0669610666387,0.632632388446721,-0.680703938055349,-0.679399709028993,-0.798624539569438,-0.58636397201414,1.70775425103536,1.50642123160838,-0.0325706001561875,0.78942984114066,0.428170750152328,0.300003306651978,0.944620218291004,-0.175735960384305,-0.453520463080941,2.73941889059354,-0.902316908801359,-0.632054548348183,0.643935433070074,-0.605022983692602,1.55821054521473,-0.0635234141373332,0.423015158235372,0.960758545189851,1.45175362015106,-0.49858944200454,-0.495454091056586,-0.625430816380737,-0.419839307586847,-0.73139551936346,1.90791324739598,-0.513248218781385,-0.586212932084341,-0.418816240327903,-0.637586357654596,-0.419171849570317,-1.10378034554778,1.15377968380581,-0.503708930529297,0.498329352976993,0.221255922040361,0.0380580071835156,1.30087795404855,0.259282188993724,-0.816725390488356,2.56609905117986,0.636357420044223,0.725374028571464,1.07611942200363,1.60768984313155,0.860767384767462,-0.60699609384901,-0.943549081967018,-0.105773378945366,0.872596677770226,-0.492093429498443,1.0524628344789,-0.356127764920938,-0.426152405790388,1.13760140027566,1.21445896635278,-0.627488378610812,-0.429499750025505,-0.464375891526999,0.499935305976441,0.0358147159953631,-0.455236351660987,1.53694223156685,1.2225117105051,0.361318333491595,2.31051468028976,0.3118398116261,-0.0518535356496741,-0.796526001879866,-0.708710560777974,0.952291140636557,-0.79167821863407,1.26010152031732,-0.965937838928799,-0.504623527225731,-0.863563219649252,1.62818251590312,0.399549690789392,-0.466764426657629,0.0268307014851307,0.796311550223561,0.271779950222151,-0.444598034495984,-0.404174603997835,0.275086552257996,1.24127714621456,1.59357967663403,1.66314216264658,-0.529003139236461,-0.414352476826801,0.572325389808746,-0.747265772882252,-0.618950848071241,-0.430499440370047,0.41645523189607,1.15295249398595,2.07861993761251,-0.96499962340129,-0.558555906049502,3.4478243762847,-0.710284973869927,0.583795685099445,0.703533480714909,0.687286832341149,-0.304941403691021,0.464558307357581,0.292396083719213,-0.566010699037032,-0.603032598624489,1.26105314992846,-0.598204255115836,-0.71157305436993,-0.606204342383374,1.15479270176389,-0.386808567195655,-0.473937637058681,1.10336195846259,0.712001699065037,0.509268067125978,2.06211205561113,-0.735411990123146,0.202329795114038,-0.889325548542612,1.35061280267327,-0.388200013230897,0.766860316525881,0.672297826888005,0.642099978830438,-0.538722496195877,1.12852784669349,-0.574547412051676,0.868753000391235,-0.380430093207073,1.06841933645844,0.271577585521381,1.32679760348407,0.642644612809348,-0.39531679958975,1.22989472367285,0.718451691056079,-0.719112826150793,0.0449017161833003,0.843549411333656,-0.775032802607551,-0.580755287411444,0.794683851774568,-0.689391508662824,0.685824361583283,2.83750026650684,2.81137497126872,1.63860577546932,1.33256860132577,2.13432134969739,-0.61052131080658,2.93575252268554,-0.524254694445744,2.50370625060788,0.57770353993478,1.89467546688515,-0.588297561945064,0.592864986027959,0.266989616898197,1.65365546620781,1.46955885349103,0.428846596033004,-0.495614760728454,0.937863334030125,-1.05758031450463,0.736922631612146,0.882162242391749,1.05841688864832,2.31256805291135,1.78528233074536,-0.757800053491713,-0.694758292889573,2.02891778385156,0.152348109918091,-0.392786433490695,1.21936939993896,0.359459073555299,2.89858464698976,0.375428483475064,1.18533421460052,-0.608508425207776,1.58699315762733,1.42131572348362,0.921881027537496,0.98052285892431,0.678786698185362,-0.4791466881953,-0.527848653802147,-0.581450107692442,-0.623221682356157,0.704743443671976,-0.456566211138298,1.24075604701493,0.257302623998397,1.52186395261596,1.6062835302112,-0.164507022710612,0.881230027968687,0.693483828367582,-0.569755773406841,1.76710182784763,-0.773643467427534,-0.837555726474759,1.61286000452135,0.734256247480635,-0.384272493327475,-0.777454081363004,0.608708068696517,-0.911558242630226,1.16906356955526,1.19036186501843,2.79814810087822,-0.600466657719567,-0.969725385594821,1.80370146555861,-0.363519765344044,1.89339378927481,-0.394357960564612,1.37457400778029,0.637623256142218,-0.571646636129868,-0.71593825275176,1.04112074803149,-0.877809728241419,1.08615155065903,-0.367490929903791,1.74448167775608,1.43561351610225,1.46208362158974,-0.548246753341323,0.622205252823071,-0.74633402219577,0.354566911211461,1.1757711950348,-0.410458854850929,0.722137403813308,-0.376085254966847,0.682543069909186,-0.751527203204582,2.20074045233994,1.30258378559705,0.248080458456934,-0.512995918425756,-0.6002692007909,-0.494007793907488,0.969688120518653,0.338598116595595,-0.682378934286747,1.39340973264637,-0.561688757941423,1.46009198551326,-0.505226462944271,-0.914483551563009,-0.755650546229756,0.57256116896801,-0.923820668091811,-0.543856568710744,-0.799784033987206,-0.219003572669893,-0.547914033241979,-0.69252288453592,-0.518860584787243,-0.718638772768277,-0.574522884957265,0.632178245380195,-0.783162489495666,1.12415860179783,-0.60068195999903,-0.675382976552414,0.664903446115461,1.3339453865087,-0.569897592314005,-0.685835715519622,-0.647904522193843,-0.664556936026652,-0.569034714136114,-0.507817813873977,-0.536494698185429,-0.768897864954003,-0.585376536065427,-0.622528035985135,-0.454210725594474,0.795370017117659,-0.574696478706447,0.381280581860666,0.461772547593292,-0.540641423031425,-0.665426753584578,-0.539307094691963,-0.348425147702436,1.89719565506654,-0.523080667456721,0.472890633879374,0.94779364283156,1.40889999852147,-0.789447035739829,-0.557501763870755,-0.505778909237946,1.43676565286318,-0.743774131603622,-0.743846574768942,1.63270230199131,-0.397363968993432,0.461423838233946,2.08215146571726,1.162182839505,2.42700812122061,-0.625888537038413,2.09022997113682,0.950953096042048,2.08697624062711,1.75259223770098,1.24964513741116,2.30597349482873,-0.64437704550372,-0.609921532378848,1.80153079268998,2.85737924049998,-0.363912718313512,-0.421387307249072,0.0317693846381578,-0.530264405273805,1.79193599603158,1.32428505008242,-0.436105875668738,1.14226719380687,3.90172809458923,-0.673273035311341,-0.565998932195026,1.27234108345142,-0.730817206313231,-0.520238954117215,1.62742241885127,1.77754355619412,-0.344789866784545,-0.495183843341153,0.599672685307929,1.34767680463544,0.846235525510297,-0.553693741254614,-0.612887431730709,-0.536600271805562,1.21196667536937,1.23933784865151,0.726013733026751,1.17181928121488,1.22574917625826,2.03301145869327,0.380405731811916,-0.543434400240448,-0.767155531633286,0.791601290008132,-0.563722602978791,-0.524092166767868,1.90673951313434,-0.71456688213729,-0.796606268568196,-0.598331963886002,-0.491698944574237,1.42152876144463,-0.0223328274396597,0.979429470509398,-0.813165332182298,-0.94583725016588,2.19607706915779,-0.494377357867234,-0.240531077583453,1.48208576674119,2.71705974716095,-0.926108184691356,-0.558717666256494,-0.379161949641383,1.31002962310541,0.951999281999736,1.08337680148264,-0.623039723737013,1.05258910325645,1.63965333698359,0.609431422129366,-0.515370748508433,-0.20167618029604,-0.750713194799017,0.705806531891714,-0.557916730587529,1.0215694692403,1.21386737477339,0.900193812345145,-0.46950194156598,-0.567597101091729,0.96631729612176,0.773533046876629,-0.514869524021752,-0.440109756196063,-0.797330693575754,-0.628134209307874,0.832811368666955,1.45870114140035,3.00453507278558,1.83805938762926,2.90613660193599,1.97280811782535,1.60718371022063,2.11056594331877,1.69805988270183,-0.978836790500469,1.10289105788116,2.84924066974793,0.950586536883723,2.12842355236566,-0.535005976446535,0.338555962707461,0.537025010223651,-0.882104756219481,-0.599446075410806,-0.518950740640203,"HC"
"HD-48-1",-0.555592417576326,1.34331956742493,0.736474610268854,0.883337848060447,1.30589736445454,1.49030863013365,-0.489483674713921,1.34887356883633,-0.61146425775458,2.55486064095965,2.44451117724461,-0.427166054873635,2.49372305866556,2.41173864502678,1.75185985421756,1.7474840315056,1.54774233357975,1.72690477758387,-0.496697729346053,-0.533225338772386,1.34286689572701,1.23647526121778,1.18394449326732,1.9926101921841,1.39804508363652,1.44453504711968,-0.671018873252328,1.0322366726985,1.2875599850732,2.22298577082994,-0.449126948447106,1.30006614340555,0.731571387052522,-0.309529644846314,1.16398796456844,0.895012211484884,-0.497006264132812,-0.559309350558077,1.31768178666362,2.17171503841356,0.470405101221507,0.674896114064492,0.611489230227616,-0.536928301917431,-0.535926408238852,1.63114556654827,-0.800523516316676,-0.684422976084699,2.52754577362739,1.86159935263853,0.916882410610279,2.794274890944,0.712074226384712,1.50143826325118,2.3805792348571,2.45206384758912,-0.457301332060047,-0.488378971130679,-0.535578881140264,1.35657953392899,1.96116138401222,-0.466862369479199,-0.78169417422122,2.81961579078372,1.35723385290553,-0.597562997079172,-0.0660853590836755,1.47343377823795,0.899258896579132,1.48851542786476,1.50092936485437,1.23323568116515,-0.62582241159886,1.54885144810275,0.93630634379999,-0.427209662751993,2.0376151356314,-0.726511286645635,-0.518709942838152,-0.310167173709315,1.66137987658203,-0.472497315307328,0.531884978730307,-0.572367111065056,1.4964012486876,-0.539991255188735,1.37242015747508,-0.510050775686776,-0.56503564513667,0.836291182841254,1.56573056541071,0.40054721253894,-0.439395440768505,2.13344568988369,1.05449142828476,-0.386236372075434,1.77431566343787,1.66371621790623,1.77049643903036,1.33557278173894,2.04004506817598,0.13744983825398,1.18504446230723,2.37053104779812,0.0266332985727713,3.14086933192939,1.1818674079913,1.03612415233041,2.22502995494356,1.46448992070997,2.14485935515197,2.44825326305555,1.37961648238082,2.08694830236033,1.63150215454686,0.816585450925112,3.8168911713341,1.59309846270956,-0.556437840594048,-0.749289324826282,1.78281347072234,1.15688331534069,1.67758259846043,-0.540935274554197,1.73203781102539,-0.466481924852692,1.83817831961827,1.17196811450792,3.1381327332517,3.14874665185215,2.03717571673622,-0.42618686188652,1.44831930696038,2.29854517789669,1.79135602994487,4.59916156496039,1.46251482558282,2.01189484539305,-0.96051637736292,1.88459209321797,1.57122579289226,-0.521167552986871,1.61888713617591,-0.74594206276323,1.50560520244843,0.446498365022524,-0.680795110743151,0.921297798382347,-0.445041103063912,-0.360394763248112,2.01258370851004,1.32797406285757,2.3192929718802,0.119050732560408,1.78907297768192,2.11297657305646,2.38066808873408,1.32333733560709,1.76817952689645,1.0748006791725,0.838210462731289,1.51167449807288,0.530012467187149,1.06204448599773,1.41172650705649,-0.440422043770802,1.9657631588269,-0.533884030225674,2.37684775259202,-0.517026089783175,1.73101297033863,0.685143192017619,1.66630188205285,-1.02331441862592,2.56270433796716,-0.991195534761472,3.22814456991594,2.22620829522644,1.41004049485545,1.68755094254988,-0.465400568692601,1.99740552818466,-0.495433659408574,-0.59156966366512,-0.686166850667112,1.91882410952264,-0.388287405092906,2.18623482827441,1.94291110572324,-0.551980064673498,1.09390026471004,1.333939687523,1.67296994236992,1.43835546759987,1.49761187298668,2.16939696432224,1.53276370841251,1.74830000425673,-0.654078746223719,2.02062275110341,-0.440845057560506,-0.402800957411009,1.20331610380507,-0.574567391161672,1.55954001719434,0.869855647060105,0.685922890530706,1.68448924354141,-0.447424338767292,1.3722713234358,-0.490191614502914,0.442100096563114,-0.387458469999575,2.0416011017562,1.06763865858919,1.62798209132961,2.88039078772462,1.26508941167328,1.90143512105896,1.36100059939679,0.663292716023455,1.23061975833948,0.948792249411542,0.884107206399113,2.22100991101275,-0.657239406583379,0.532685034971639,-0.769269638931583,1.74211547584171,2.07338280581641,-0.400497512029309,1.74352026447529,1.63750439408518,0.539493067024838,3.01743991427163,1.63753930345032,2.88653442922311,-0.579507915169398,-0.620100662679788,3.3593307418975,1.14100933388232,1.21857055413588,1.65560625063935,1.57518818149129,2.3984381399217,1.39491001381985,1.43160557393107,0.913848913914482,-0.362836635108256,1.46495450867963,0.977835214431015,1.4020482797045,1.49378910264297,0.345026347012467,1.20622457843618,1.50651179655396,-0.58636397201414,-0.590419110099479,2.62084036547005,-0.498611064733875,1.57804375089735,0.563084370504085,2.04819512153253,1.64797369848024,1.97532936093985,-0.453520463080941,1.35359678915525,1.24923117582123,0.977387343165787,1.30518914989201,-0.605022983692602,1.5539369233103,1.54045069884251,1.38872113587241,2.45255970837687,-0.657270497541832,-0.49858944200454,1.34574375825544,1.66285851350555,-0.419839307586847,2.07594301387625,1.59857644364082,-0.513248218781385,3.11442817052682,-0.418816240327903,-0.637586357654596,-0.419171849570317,1.81319405129739,2.639255000912,-0.503708930529297,0.945633989995111,0.351809447011975,1.73757167064091,1.5306371788528,1.16889179465413,0.829598776462379,-0.404812961836128,2.59948305107742,1.25986735427797,1.49542383381577,2.90254636575185,1.51101828671222,1.07881025013344,1.37454997031685,1.29512734531899,0.636491994572494,-0.492093429498443,1.19052460178876,2.00127400445154,-0.426152405790388,0.948551262636293,-0.826222229547082,2.83274398244966,-0.429499750025505,1.68012244799302,0.655307984237636,1.96664564707452,-0.455236351660987,1.46442069319204,2.8387481404909,1.50940906480317,2.15035876226609,2.00794441474554,1.62726373548297,1.98115473346297,1.28145570241655,0.948709573337884,-0.79167821863407,0.676428512511341,-0.965937838928799,3.00160671360043,-0.863563219649252,1.28078909042689,0.522571119991252,-0.466764426657629,1.42317001209551,0.950997685004603,3.06716503597009,1.67141090751649,1.0681577335243,-0.869130914118606,1.46994668385535,0.501390160006251,3.58070267844768,1.64392571308704,-0.414352476826801,1.86223897734088,0.703489761839293,1.36686274800944,-0.430499440370047,1.09709056382892,1.59548031082664,2.36687477492542,1.8256962138721,2.75506833196262,1.47450913670853,-0.710284973869927,0.720364244111531,1.72529988857426,1.10608302220445,2.31750546816755,2.17114852785302,1.38220205092097,1.13600639199102,2.51032079532629,0.568963638417564,1.06659537151302,-0.71157305436993,2.09091330037525,1.00199371439732,-0.386808567195655,-0.473937637058681,0.857914823990433,-0.675677485964019,0.655883095643371,2.37391598938021,0.525711028727477,1.15242689801067,0.773557307064264,1.37108583374097,-0.388200013230897,-0.672522450531549,-0.689569785356508,0.826909333039109,-0.538722496195877,0.458438881919429,2.30024969682229,1.0611696810344,-0.380430093207073,2.48363762792321,2.89468723503349,-0.543996565944918,-0.760805550465173,1.78141224346762,1.44097930577176,-0.658091677882378,1.99749807597679,2.08944601649009,2.78427345772874,0.692574552768595,2.85542413454294,-0.836916634773705,1.81906822816742,0.848335895258216,-0.591226315601407,1.65437438751754,-0.508516510850491,0.577597375042572,2.43199941087286,2.2285882368043,3.31407807360596,2.19505575092786,2.49794354406136,2.71678663913141,0.767798927670264,1.57513093956184,1.26499074034627,2.52182828969463,1.44425780386697,1.30262325569876,1.48020243792389,2.67670617766383,1.72250867511289,1.54243153090482,1.91006098657328,1.05982528135356,2.9925399620437,0.973919566524656,1.29289076590608,1.65693155636248,3.96623723851818,-0.55321502257966,1.2618150874471,-0.392786433490695,0.253196840488001,0.816332110186126,1.72235585159305,1.38137188101307,2.29575591319219,1.11759568010796,1.83809135815506,0.986749234075053,1.10856176040307,1.16170430470336,1.2648867000324,-0.4791466881953,1.23116761806237,3.21766998101557,2.91592710427372,1.2884395630717,-0.456566211138298,1.42154744277233,1.10029828192451,1.05520708325161,3.44018218232776,1.81892623363278,-0.693610145686299,1.02629170492374,1.49050313117998,1.41620437602304,2.98837600112625,-0.837555726474759,1.3970429112768,2.09537413725614,1.86263473387579,1.35584164309153,1.20169895921084,1.02493541123388,3.32580647157825,1.3966977929156,-0.601887066668739,2.71796390137521,1.28392765297444,1.1286431164449,1.72235603231016,0.12916770845952,1.38837468869558,1.62165654087554,2.08264498562503,1.50748164318984,0.92373014322607,2.00977918734398,0.787324203278629,1.31229902152949,1.92681251631109,1.88598459048118,1.66078117541376,1.15847375224432,-0.548246753341323,1.51863483104961,0.982867440057051,1.3679599067278,3.15344502982579,-0.410458854850929,3.02595358774372,4.26361739130025,0.834746683436115,1.73786301457603,5.64222597639285,-0.605815007708669,3.01713418167455,2.44813347385702,1.18111173171771,1.9002534154826,0.815761132997106,1.47325176175741,-0.682378934286747,-0.597600263298091,-0.561688757941423,2.68128910118915,-0.505226462944271,2.90350732248754,-0.755650546229756,2.79312938328885,1.86021884786929,1.89710839847386,1.9688620373738,1.1092452062954,-0.547914033241979,3.5744941958098,4.23628821498784,2.65536758187334,1.42766981672937,1.88447967983446,2.54786507070945,2.63814754471468,3.17093633700227,-0.675382976552414,2.20870768030278,2.75481146021343,1.42450835023634,1.25117953422385,1.26111870016505,1.84161106590921,2.03865241324043,3.30733632931157,2.854609691031,-0.768897864954003,1.79147589543501,2.27172510307328,-0.454210725594474,0.95036446472352,2.55861783338232,0.625308999833029,1.1615818807982,-0.540641423031425,1.94478185518156,-0.539307094691963,2.70529594006315,3.20571787742831,2.74129990569938,1.64085786580031,1.12669407256362,2.17641287430608,3.08556223998362,-0.557501763870755,-0.505778909237946,1.66773603486143,1.63965319421853,-0.743846574768942,-0.846638841230125,-0.397363968993432,0.946099515198121,0.398319813658185,0.165776201252248,-0.0264826888432477,-0.625888537038413,2.38707859990091,1.12412963046788,1.30659488002823,-0.470465254505972,-0.726381607522248,2.05699207988748,1.43829592459242,-0.609921532378848,-0.619881066592517,1.35966167322043,-0.363912718313512,2.52868148917164,1.44322701756268,0.6962082907425,-0.73145250418656,-0.569578522132877,2.48140855501844,-0.631759280520507,2.04453699408244,1.40462258424436,-0.565998932195026,0.867889089014823,1.11335052240956,2.52594994961874,1.87481082509009,2.29058667386665,3.24732541390263,-0.495183843341153,0.772148061275208,0.916275985309246,-0.726611845001168,-0.553693741254614,2.10828783783684,1.78044255953185,2.2324628231068,2.84544902518135,2.4225290869844,-0.621606511720135,1.82295971608421,-0.48805352537329,2.11919226988266,2.58392147791126,1.42191673118228,1.58246856748939,-0.563722602978791,0.96055807102676,-0.469274127030998,2.54960920725566,0.486162317921331,1.36032669672898,-0.491698944574237,-0.703895512265653,1.70829682949944,1.91258962620667,0.54987742404975,1.2309008943527,-0.472351838475484,1.31521655654957,0.417836317559141,0.700524978388438,1.55601372866778,1.25473899698494,-0.558717666256494,3.02803037348845,0.844897345786356,1.18645643785215,-0.614835278634353,-0.623039723737013,1.70587138074421,3.50385710985731,0.320793426650577,1.79163651995339,2.3161858635218,0.576850715653199,0.878193105536443,1.31199157471119,0.913243182861733,2.81663909710137,-0.61899979002849,2.93409500723505,1.65856406930867,1.14750011542742,-0.67680156571333,1.53859259676224,-0.440109756196063,2.41004638451167,-0.628134209307874,0.282917897816471,1.71499029371867,2.89116234555714,3.15605939898428,3.27448981429898,2.92683349791777,2.77028955325318,2.22268436458899,0.590826274776432,0.319083304273503,2.56438254157211,3.7426154850182,1.12616228007887,2.42914320611612,2.8566380390928,1.63235428719043,0.696595035914159,1.07790052977573,-0.599446075410806,-0.518950740640203,"HC"
"HD-49-1",1.62353999752967,-0.665330012844802,1.05269027651222,-1.03790453368905,1.3212844187224,1.16405511372149,3.87393125579538,0.978345783179328,-0.485658231584523,-0.587392633752342,-0.5360100599205,-0.427166054873635,1.38795210528707,1.22396006623382,-0.522805082503363,1.23987511063855,1.62221324190996,1.39298589628883,-0.496697729346053,2.52346912228365,0.29503969373468,-0.756759621065685,1.39761289138067,1.23621632536623,1.66085784563622,0.996189918865015,2.19019089435586,1.09824559206285,0.788363416792746,-0.572265270403078,-0.449126948447106,0.744745451502603,1.00108880256392,-0.309529644846314,1.01359772736911,1.85676614336605,-0.497006264132812,2.29529187155321,0.428866810131549,-0.222964284223865,1.40591028573854,1.25560460161321,0.799940217197593,-0.536928301917431,1.8859972465184,0.884588518344587,0.0532318103923349,0.839808943561801,0.891899913141915,2.06836239153769,-0.804466674495576,1.79359147849403,0.267754065038994,0.234361367036669,0.550390476218819,-0.374389587264773,-0.457301332060047,-0.488378971130679,-0.535578881140264,0.855005496178049,0.252370716606754,-0.466862369479199,0.416769579249752,-0.361091310062088,0.359535082794699,-0.597562997079172,0.778147107101198,1.19346140748208,0.742720721423364,0.936975760921919,0.254839223919257,0.011875359486801,0.580004703851209,0.208768856521247,1.33656119239344,-0.427209662751993,0.987682201179618,0.228776354794476,-0.518709942838152,-0.310167173709315,-0.824570369406007,-0.472497315307328,0.85643933865217,-0.572367111065056,-0.632421218362915,-0.539991255188735,1.44473689280696,-0.510050775686776,-0.56503564513667,0.151510127601659,0.559575223314319,0.18586527813748,-0.439395440768505,0.193786405679496,1.52334281739648,-0.386236372075434,-0.370292957722169,1.32073930088948,3.5229399215762,0.223370054229052,-0.504580611844278,-0.14930121031415,0.0300258971644687,1.87343925170829,1.59662555405866,2.22349335824562,0.430385100500304,0.764411293639189,-0.877494153250386,0.733311644754898,1.03048148111265,1.54876334946546,0.832869204044695,1.39384022369291,-0.563564816816346,2.03535018295943,-0.415332247460931,1.62882377426269,-0.556437840594048,1.37649393529403,0.223832999912513,0.892240747388688,-0.434538970011261,-0.540935274554197,0.835680063818557,2.15255488160701,0.578109083639636,0.983633348872305,-0.467269611423203,0.599048577497969,-0.612032059829267,-0.42618686188652,-0.515214523200561,-0.563237817945086,-0.652232400369068,-0.433250890230484,1.10787824114055,-0.628682208598634,1.45217904470982,1.24902937730135,1.38278503451399,-0.521167552986871,0.896389827972571,0.491462027993799,-0.922939115191811,-1.11633127205757,0.951286815956315,0.510764616017695,-0.445041103063912,-0.360394763248112,1.67776997009013,0.688499856550789,1.59327103342097,1.01509165979645,0.832327937515067,1.06678363807614,0.572930847698152,0.162417859263334,-0.107307649522067,-0.938055876675319,0.796446136788749,0.394555715532421,0.877160301236574,1.62480424922998,0.630573268423136,-0.440422043770802,1.42092805639096,-0.533884030225674,-0.184002026450932,1.78280218512179,-0.717586015732752,1.01811567128156,0.155435680644504,-0.0758663053217928,2.40210375476671,0.168315570157726,0.91687298203224,1.07010369906818,1.85267322530492,-0.399898634726296,-0.465400568692601,-0.430935631070169,-0.280494195521894,2.86289373045927,1.34505947371452,-0.567826653865324,-0.388287405092906,-0.455675661019346,0.232439478002042,1.60172273598448,0.337633734242319,1.66533077984432,-0.23108044256979,0.967225137137647,1.01308650812954,0.116337182988639,0.906143729829615,1.83770838426093,-0.654078746223719,-0.578418903939853,1.30320396146322,-0.402800957411009,0.765028199615647,-0.574567391161672,1.08580592931315,1.49282222087682,1.88640956837426,1.0458788476152,1.18556234375131,1.82025125612049,1.18710335484133,-0.724722993416231,2.73935833466357,-0.67265289501153,1.1413623540415,0.954453207036092,-0.749562816960677,1.44929602149873,1.4187767816511,0.371275037253692,-0.876317725753786,0.0348339633274408,1.33687494386322,-0.752576497540583,0.660321151668653,1.86991318511378,-0.739571250856207,0.719319041987971,-0.547342081550196,1.37218620029515,-0.400497512029309,0.713047730844706,1.19034073087349,0.586516231736295,-0.431584442518366,1.13186945756587,-0.631943764721935,2.61775480272662,1.27742038017823,1.59194644477559,-0.466550211010579,0.780871561216543,1.8376255075106,1.38031581337801,-0.557349591175902,0.31419535020246,0.765741982201176,-0.670603752641226,-0.362836635108256,0.831780465765172,1.25124217801538,0.423613106184906,1.02170205713964,0.806377274804516,1.27110819350884,2.1750257041023,1.22987300818779,1.29255168102309,1.14768933709005,-0.266457351269373,0.188204192835504,1.3720855006781,-0.942110585579901,0.946284007313341,-0.174851082294333,-0.453520463080941,0.869847041561315,0.0276213481466973,-0.632054548348183,1.22600894481762,0.807525136269015,-0.915536831645335,-0.147330338548651,0.95444219086312,1.98506129903519,2.90116740903046,0.754205419591693,1.41026772912454,-0.625430816380737,-0.419839307586847,-0.73139551936346,0.904157234091579,-0.513248218781385,-0.586212932084341,3.98123579514914,0.921209326588593,-0.419171849570317,1.54301407686504,-0.504768109875833,-0.503708930529297,1.17140700829847,0.92587201993019,1.55168982537755,2.21040469584076,-0.793665704950216,0.886248165337639,-0.404812961836128,1.21738635830846,0.452612878419823,1.11198125614816,-0.763076391897337,1.04890668911509,-0.60699609384901,0.0490170632057648,0.971244785006536,0.633777884598563,1.83764524813473,1.05430522491044,-0.356127764920938,1.189309002105,1.5817285387435,1.01296867080619,1.07520921840286,-0.429499750025505,1.75527545147917,0.25211951883816,1.41503857228516,-0.455236351660987,1.53907952197063,1.95384061821576,0.807643225186003,-0.755829565716357,0.556197029241409,0.855066060870413,-0.796526001879866,0.755106675984461,1.13753008845212,2.82780148419851,0.901013487376509,0.820129978746036,1.62795503969283,-0.863563219649252,0.695446241493141,0.204490182249689,-0.466764426657629,-0.836854594027651,2.8140923217931,1.38083806692786,-0.444598034495984,0.987624842908938,2.22166351454892,0.876554583025327,1.38558449610144,-0.477833002749308,0.0565864990543743,2.20455930100264,1.9545784619285,1.59333638559576,-0.618950848071241,-0.430499440370047,0.601978187884229,0.815318288015912,-0.493593930889384,1.41249516925205,-0.558555906049502,-0.598213055580144,-0.710284973869927,-0.614764475187905,1.32212094028734,1.87471717225863,0.461836307644266,2.12424847455774,1.39588966830788,-0.566010699037032,1.21429937235054,0.908761561264152,0.275471952383315,-0.71157305436993,0.559539011166065,2.58085929478547,-0.386808567195655,-0.473937637058681,0.762701607498624,-0.675677485964019,-0.799036810595303,1.9092423513501,-0.735411990123146,0.364611486780834,0.83183230720833,-0.0104732058445263,-0.388200013230897,2.90624941995665,1.22422298343931,-0.606916510985444,-0.538722496195877,0.502524223026631,-0.574547412051676,1.12709249796635,-0.380430093207073,0.731738650469074,-0.406996114075067,3.05553033016045,-0.760805550465173,0.720885406218579,-0.653697914574418,1.56498635542963,0.933199140438569,1.59520655031936,-0.814187642569382,1.33338075495753,-0.580755287411444,-0.0539154118353076,1.16310425923723,-0.740417895485083,1.0542114794018,-0.517699977761507,3.69933616228097,0.948268581921471,-0.521979735973987,-0.61052131080658,-0.545495229195593,-0.524254694445744,1.92497478403772,-0.745395082740569,-0.719523549783808,1.65094734226988,0.980463850804626,0.991940443926807,0.380616125946521,1.35405078867062,1.15618000018963,-0.495614760728454,0.56897042065365,0.869845207346924,2.23987381604649,1.1206934345402,0.759938280628797,-0.792912836073741,0.792629134314729,0.285890915032042,1.30099178634838,0.953729415682381,0.153584478025341,-0.392786433490695,0.288761606341396,0.874938030080654,-0.485816253127067,1.09552078069316,1.99027936156167,1.178086241212,-0.616708057714315,-0.682642890579754,2.22798115983954,-0.609571261310305,0.379689772332523,-0.4791466881953,-0.527848653802147,1.63617877189363,0.831468509307426,0.729692799313898,1.07672736053039,1.18483402449702,0.778233903749929,0.574917178836554,1.23635729801978,-0.501574614423622,2.62508984875488,1.16761666705736,-0.569755773406841,0.0616296595168754,1.24669165751497,2.20065101281743,1.47642215575455,0.459697338812556,-0.384272493327475,0.907943181697826,0.610378794302224,1.317597876644,1.91567654491575,-0.620494342313918,1.02978178619787,-0.600466657719567,-0.969725385594821,0.635447755398213,-0.312241770508275,2.58806150407163,1.46475099038532,0.706050352984005,1.36144782848062,0.957604396305572,0.490079005702973,1.46719621772756,0.673552375943251,0.420544208230915,-0.367490929903791,1.17874885240249,2.81646613227016,-0.905751916506873,-0.548246753341323,0.713070574783294,-0.74633402219577,0.150149588515973,-0.513527807859149,-0.410458854850929,2.08979310774551,-0.376085254966847,1.22389460413243,0.70158391479294,-0.487170846083124,1.5945335403033,0.91644782577425,1.04098586772023,0.715279376703912,-0.494007793907488,1.06442172603016,1.13357939459684,0.554923372750789,-0.597600263298091,1.71725760455769,1.46224444222169,1.14862618967307,1.49925302286689,2.25849104031142,0.782681299203174,1.95286497750667,-0.543856568710744,1.24485916068108,0.882760618202969,1.5144286724206,0.64354195890941,1.09948302736326,-0.718638772768277,-0.574522884957265,0.379569329025461,1.00571501055115,-0.566224935388611,1.40263152484693,0.692853347512487,1.19933166729081,0.978644825022867,0.897038035024216,2.12240640119445,-0.647904522193843,-0.664556936026652,3.21153274359649,-0.507817813873977,1.52606139251853,-0.768897864954003,-0.585376536065427,1.51487589066198,2.18621960454213,0.549614940359659,-0.574696478706447,-0.0328288675805762,-0.785105315526192,1.29587611019209,-0.665426753584578,0.946432557222179,-0.348425147702436,-0.498591251333388,-0.523080667456721,2.25781016352686,0.664133876175649,0.496452190821486,1.44148786191576,0.772432351678132,2.1226281996355,1.06837329674827,1.28675387511255,2.55660325993376,-0.257980205815628,-0.397363968993432,0.214085492288228,0.621278612469848,2.75709459006416,1.46495423256024,-0.625888537038413,1.61176814017694,1.18346068709823,2.0015353113076,-0.470465254505972,-0.726381607522248,0.792283548767179,0.887481195964201,0.902792813414344,-0.619881066592517,0.836852508619479,-0.363912718313512,-0.421387307249072,0.760868378694591,-0.530264405273805,1.67339914826286,2.23017101491587,-0.436105875668738,3.10669097556154,2.13043953805592,0.855071344929767,0.703554992633491,0.456972596764863,0.63109937643956,0.240236287891024,1.37100392532521,1.11140204522192,-0.344789866784545,-0.495183843341153,1.51946447995248,0.477979935667516,1.08685211236936,-0.553693741254614,0.815167963902956,4.63504201795769,0.883468621717018,-0.553901067919841,-0.479383335875246,-0.621606511720135,1.55110387007234,-0.48805352537329,-0.13201051475256,1.09778198365347,-0.767155531633286,-0.617518100327603,-0.563722602978791,-0.524092166767868,-0.469274127030998,-0.71456688213729,1.46017132821519,0.848136092298539,1.11470154927736,2.08833733529041,0.703345310949664,-0.683218747620856,0.597644659455398,1.30333749705447,-0.472351838475484,0.836624384274552,0.852026532776128,1.08425096764789,1.3247319258676,0.701941779056004,1.09276852317905,-0.379161949641383,1.18790851486394,1.525835915812,0.776567040298095,-0.623039723737013,0.275942872672245,1.26361408479248,1.00089933447825,1.18149099986126,0.983138826266274,1.39113557293177,0.937253518063683,-0.557916730587529,1.06789573463442,0.890563083328799,3.15820767308091,-0.46950194156598,1.0698003130382,1.61074087407223,1.36131129412213,0.995503404628654,2.91607386685183,0.413294341855809,-0.628134209307874,1.00703958203199,0.704379455152223,0.931877041261049,1.40673268554725,1.62025020812627,1.35091877459274,-0.465167799440612,1.62973922442056,0.642040274061569,0.902859223383003,-0.528878550032712,-0.442246094950301,1.89819400348543,-0.597626308220176,1.52787832873603,2.39665305097408,1.8811040887674,-0.882104756219481,0.835067527989509,-0.518950740640203,"HC"
"HD-50-1",-0.555592417576326,0.439266889281348,0.804020107250618,2.09862705582229,0.441688448967758,1.83831253044997,-0.489483674713921,1.23480141886312,-0.13205740025818,3.26869719668388,-0.5360100599205,2.85392272533228,1.92595672136201,0.572047451755889,2.46387274153174,0.224873876923232,-0.57729235363827,0.675656804046614,3.67581127144281,-0.533225338772386,0.613846037822577,-0.756759621065685,2.65153873582188,0.877423149188799,1.12441163124574,1.63616010971426,1.93508367686439,0.911060878445635,1.16642734175739,-0.572265270403078,0.705244048710495,1.9479113574717,1.44938134287933,-0.309529644846314,1.29725845763542,1.15279488289533,1.2657877542804,1.28332015069724,0.570410757634471,0.36958645071891,1.62602024650392,0.123199354588109,1.5540162275253,-0.536928301917431,-0.535926408238852,1.50183979675439,1.27525138572009,1.24916060075302,1.32908726425431,0.4642405748328,0.811282805189979,0.918377768633592,1.79855187780175,1.35793362683279,0.852567898217186,-0.374389587264773,-0.457301332060047,1.62538354973108,1.64875062303988,1.19675372100519,2.97142468604579,-0.466862369479199,1.81858298636584,-0.361091310062088,0.65958003147834,0.831508388423878,1.83387237273366,0.754974022869957,1.70285240626228,1.75287780612155,2.31412419414038,0.749960382810767,3.72212591773735,1.00971426626012,2.2052381590485,1.58734229649759,0.201471585508344,2.35105859667555,1.50514172868656,-0.310167173709315,0.83531293202132,-0.472497315307328,1.68119251568827,-0.572367111065056,-0.632421218362915,-0.539991255188735,0.674056311518949,3.19091777588683,-0.56503564513667,0.0319198668296608,1.20917880438403,0.310322733410689,-0.439395440768505,1.68166966838082,2.24280772257511,1.71729352398897,-0.370292957722169,1.13458283000023,1.94644849929023,2.18770193377815,1.87674063559042,1.44797431636265,1.36816519526478,1.75152148332278,1.15678770939608,0.635853493917588,0.074183510149253,1.39924189910167,1.35440266810567,2.40104603086586,1.96785902275857,0.561586851798587,1.71325834693696,1.92022126031767,-0.563564816816346,2.4560640099641,-0.415332247460931,1.16353076461398,-0.556437840594048,0.827654949353173,-0.864139486256635,1.24831286154319,2.3387163558102,1.06062418070552,1.22444185786845,1.4763667057166,1.62452359938572,0.545555099115353,-0.467269611423203,1.34720879013224,1.86983210076592,1.39240152851854,-0.515214523200561,1.01051435008595,-0.652232400369068,1.43692714452529,1.69188128415201,2.20954621638819,2.5848354513134,2.29688924795445,1.70623627268918,-0.521167552986871,1.36922368527819,1.93882298440132,1.17614289088202,0.923271622433467,2.30484373413226,-0.630959826187288,-0.445041103063912,1.32624840150987,1.83183945362973,1.74070196361382,2.38229464307878,2.09742670645299,0.232199732266394,1.46629478368354,0.94767728829149,2.21722520829176,2.04172553274004,2.67612386013838,1.12348423139163,1.36396265882372,1.89772650336779,1.64495986692896,1.36996016257521,-0.440422043770802,1.34628878963608,1.17877739994678,2.11307702093569,1.87667344683568,3.14118277621745,2.41002424497768,1.50466952250493,1.3328244151137,-0.529739447900487,1.0786996759829,2.01710998897175,2.44709110862515,0.942656211086643,-0.399898634726296,2.51921981374657,-0.368678069561059,-0.345848550282762,1.41217007428758,2.78553719950511,1.35080365460954,-0.388287405092906,2.07215702551986,-0.547273332987266,1.39526587269646,1.23839089253392,2.49350647946059,0.6146621972611,1.44310374597289,1.70054255798621,0.0215850762857218,1.71407820062043,2.10684474342117,1.14955306085323,1.4269290788869,1.77814456749767,-0.402800957411009,1.16114926879266,3.29489920401113,1.28716708655391,0.758885424290951,1.1073041066036,2.65329725664413,0.774354149589208,2.33187702323352,-0.490191614502914,-0.724722993416231,-0.387458469999575,1.55016995893557,1.06613891219449,1.43884648845784,0.955688936132393,1.93119832578824,0.867163721542093,1.22944006045998,0.564486352646963,2.40682408465814,-0.138880130060212,2.24111950324298,1.43753136803295,1.97306306152615,1.58754213439132,1.11909825901935,2.4587587315169,-0.66549608966086,1.0766101665951,1.00068167451679,1.98431103019139,1.33901174988104,-0.431584442518366,0.817062941540074,1.30293833288526,1.27504419020811,1.78702352746653,0.848994120897194,1.12419067069099,1.08423927420889,1.84066328845933,1.6019447559189,1.41624690591034,1.46838601876597,1.22912417097447,2.22755525015254,2.39969495312297,1.20697414044789,-0.902564283763228,1.8994676114152,1.23967524095096,1.5848438551215,0.579642491264626,0.754583728031304,1.71764629787855,1.80532355780297,-0.479183249951239,-0.711094058818651,-0.654451544220782,-0.755865250545603,0.874641483173704,2.70583903828572,1.99780404499396,-0.453520463080941,-0.475498315316322,2.75926704926776,2.31181282353373,1.87761707562924,1.57286951127929,0.748402516632248,-0.0220118646588002,1.53640803164107,1.03147230442285,1.53995008150266,-0.49858944200454,-0.495454091056586,0.902473152591482,2.61963040119504,0.386997702364941,0.887622875612969,2.52454556183527,-0.586212932084341,-0.418816240327903,1.34570161945589,-0.419171849570317,1.28136146767067,1.22419358782502,-0.503708930529297,1.78239043071657,1.89452408304915,1.72540452030366,2.67023901592645,-0.0118180656928359,1.56825114179074,3.5308565421859,1.02706093111158,1.87371960632051,0.925694156761308,0.99729370309915,1.61059192299762,2.08329899222533,1.33508778360573,0.793262362421767,1.38001366727517,1.23614864341171,0.64293599461197,-0.356127764920938,1.6292325430847,1.10280032933222,1.80460447546465,1.24676477001281,2.19806773278281,-0.464375891526999,1.72022141087262,1.71597332081889,-0.455236351660987,1.89070233971222,2.05734642297397,1.6414959523145,1.39014770724462,0.741018018922232,1.51415764130871,1.8056958123564,1.90441515653956,1.2248935310864,2.10862357884485,2.00240597614928,1.29346391846807,1.42352317402095,0.893646840074452,1.9875396390799,1.97628107854799,1.64843827138987,-0.836854594027651,3.24440426198819,1.17043970506187,-0.444598034495984,1.71339063625024,0.804434982007475,-0.799233124164901,1.69660460313771,-0.477833002749308,1.70830392917587,-0.414352476826801,1.2386045423994,1.90634471517729,3.53918935021006,2.53926470222963,2.18748763924328,2.52298792850843,-0.493593930889384,-0.96499962340129,1.45462745348527,1.34148968155767,-0.710284973869927,1.13828463274462,1.82861851575876,1.15541924522414,0.861795458325123,1.9944774448747,1.71921122415442,1.02677738535023,1.69591876725362,2.13942756889021,0.961434276996212,-0.71157305436993,3.14937301561233,1.50026053828602,1.85177276145498,-0.473937637058681,1.62761834746905,1.79118311417276,0.563979561231739,1.65703294517968,0.10664711520854,-0.858462959667144,-0.889325548542612,2.87916157287946,-0.388200013230897,1.88625098563229,3.12815018507764,1.15203898650293,2.82750065543,2.53680011836415,-0.574547412051676,0.940446909715079,-0.380430093207073,0.327309922961731,-0.27402133970932,1.40503161905396,2.41342165734152,2.0261442575595,1.73136800380347,1.78897291590032,-0.719112826150793,1.90195279747247,2.1327515835707,2.58709800475173,-0.580755287411444,0.560853920843454,0.985521509482654,2.16560839299636,2.97883936650368,1.5149788864265,-0.508516510850491,0.486638395526888,-0.521979735973987,-0.121439579947946,3.0773048232565,-0.524254694445744,-0.831984299900153,1.60666142829279,1.23335882374268,2.86421113660908,0.661737912861968,1.67604568839322,0.700492547798752,1.65140834401602,1.34467795490109,-0.495614760728454,1.02319527703836,0.948516240123591,1.48595232698299,-0.677053451143998,1.12855699126995,2.02668773524601,1.88497453026171,1.50667042407041,-0.694758292889573,-0.55321502257966,1.28272368636782,-0.392786433490695,0.570862118540192,2.18602788633905,3.03809655200637,1.04540708078543,2.10291134914117,2.14609586796007,-0.616708057714315,-0.682642890579754,2.6217429463816,-0.609571261310305,-0.99456836848483,1.02715163430159,-0.527848653802147,1.06362689969746,1.22214386059872,0.786012922736126,-0.456566211138298,1.49077463307884,1.82142335485143,1.30982748989991,1.69321325713703,0.0362952317326794,-0.693610145686299,1.39623202824799,2.71810966074324,1.87693120683463,2.76361460866299,0.992539090186489,2.43207025853699,-0.785445256160296,1.71843674330615,1.69916448141663,1.77460619888786,1.8937774331058,2.60176475105998,2.59864296159235,-0.601887066668739,1.22440521216857,-0.50881687346961,1.35485849613949,-0.69871053666764,1.47795562212056,2.09517448568567,1.46769096325373,2.01778480539767,-0.571646636129868,-0.71593825275176,1.84325866535459,2.20124209311628,1.99040699960069,3.29387462928262,0.633288138969199,0.918293205198347,0.229407397187683,2.82838416462602,2.14877628171991,0.871893843493698,0.402603358736583,-0.513527807859149,-0.410458854850929,-0.702854463496712,-0.376085254966847,0.739253704509507,0.760895027516146,1.15402395090043,-0.605815007708669,1.09329268994415,-0.512995918425756,-0.6002692007909,2.64970218446907,1.0438576302575,1.57856367333445,0.891866372140323,2.31450912672067,-0.561688757941423,0.884418934016532,1.59900446032824,0.207351677955791,0.992683300074966,1.20798242117196,0.952074100366895,2.66117632164821,-0.799784033987206,1.53770224608416,2.63184362403671,-0.69252288453592,1.54019145215111,1.55477754662389,-0.574522884957265,1.71954690797208,1.47979355695235,-0.566224935388611,2.93955886255185,2.29324553094106,2.03310198563353,3.08350437647344,2.04879490370074,1.85750172193455,2.84393398785057,1.00882587752659,-0.569034714136114,-0.507817813873977,-0.536494698185429,0.911641360685163,1.63893851411663,1.30998145948037,-0.454210725594474,-0.564900394388196,-0.574696478706447,1.05949677529899,0.514708940811416,1.79599780442654,-0.665426753584578,-0.539307094691963,-0.348425147702436,-0.498591251333388,-0.523080667456721,1.07618082716028,-0.622281704570721,-0.782401068500164,1.66626604193107,-0.557501763870755,-0.505778909237946,0.906113648084718,1.81805650114112,2.56021306041708,0.617252902539761,-0.397363968993432,1.50273744032362,1.57197313302765,1.75538406609027,2.09782235658056,-0.625888537038413,1.39923464211712,1.65407594529259,3.07945071430248,3.481437316728,1.33353765958461,-0.604395814203172,-0.64437704550372,2.09049260449122,-0.619881066592517,1.97843153016882,-0.363912718313512,2.34510801215221,1.50055638861705,-0.530264405273805,1.47292311378972,1.40129213625425,-0.436105875668738,-0.631759280520507,-0.406700539566019,2.64273796121881,3.52401621592767,-0.685817859793634,2.38708666425264,-0.520238954117215,1.04498461599354,1.08857318389394,-0.344789866784545,3.21360823282396,1.75784054113712,1.90373819066318,0.913011004761475,4.79948175050709,2.93843820514225,-0.536600271805562,1.28916110932584,-0.553901067919841,0.777189052687756,1.24795945162805,2.19628883948832,3.17082631212346,0.918554069748924,3.98706483387551,1.28569766835249,-0.617518100327603,2.39448124292667,-0.524092166767868,-0.469274127030998,2.98521193799852,2.03666635931935,1.23660328567068,-0.491698944574237,-0.703895512265653,2.30889746790312,1.7486191126498,1.68000768494162,1.70107522894089,2.9064991476553,-0.494377357867234,1.57227511740713,0.60636248680843,1.12510049433212,1.46503522999724,2.38942430463158,-0.379161949641383,2.15892433412472,1.94490568525165,1.86901932522266,2.28349736440278,1.13058771470647,-0.441748500440315,0.66787059673761,-0.515370748508433,0.44138663292276,1.94474842325165,0.770037280173113,1.88244548256178,0.141803504776199,-0.575643008354943,2.81700798051391,2.15661844491926,1.51569748204176,2.97260407859736,1.44450021207556,2.1813648442289,-0.440109756196063,1.82933249965852,2.1464308445281,1.53215563880819,1.55447162360344,2.10290976767889,1.21675339315062,0.824481642730084,1.61610823090921,-0.465167799440612,2.52817142383911,2.59232478173258,2.2874463885618,-0.528878550032712,1.56748203697585,1.01600556069197,2.24079688532615,2.08189186042751,2.46356092333053,2.58218957776279,3.09745432789038,1.22571524071549,-0.518950740640203,"HC"
"HD-51-1",-0.555592417576326,1.34242286532832,0.351250531070485,2.82400842458881,1.64790974010968,2.15940662953614,4.25639920658678,1.60948782341116,-0.433618873848509,0.67408710860138,-0.5360100599205,1.35667317627448,3.34293357067708,0.465735753114437,-0.522805082503363,1.36909811331002,3.43869516228549,1.39060141880039,-0.496697729346053,-0.533225338772386,2.08514905049853,2.58256265008646,0.937577486601638,1.22589130867755,1.19728240569714,1.21132643201823,-0.671018873252328,0.781880378773683,-0.59994073973799,-0.572265270403078,-0.449126948447106,1.42292954155004,1.79205349509548,-0.309529644846314,1.53021089162237,1.00259496046138,-0.497006264132812,-0.559309350558077,0.630993992155907,1.80078044692425,1.35332798884538,2.08968822960311,0.964386954521046,-0.536928301917431,-0.535926408238852,1.20053662073821,0.204668735188584,2.09860988960215,0.752295053647183,0.376400968022415,0.50521806606657,2.03812087904838,0.901928128309134,1.75037512992248,0.749674572915541,-0.374389587264773,0.735204857315874,1.47133223298535,-0.535578881140264,1.62672782650209,0.46389705748555,-0.466862369479199,1.63411757155708,-0.361091310062088,0.557412826841231,-0.597562997079172,0.140897941948847,1.87739778211257,0.80655691916393,1.76802920260795,1.7077138032068,0.962316622427202,-0.62582241159886,1.24496745933256,2.00912932512182,-0.427209662751993,0.529644570961275,1.19911649984692,-0.518709942838152,-0.310167173709315,2.52747436034101,-0.472497315307328,1.19686151492078,-0.572367111065056,0.987288766431058,-0.539991255188735,-0.729222797826837,-0.510050775686776,1.77793765638116,1.01498086578626,1.96715310878664,0.213864411803587,-0.439395440768505,1.76428504051209,1.26214087684649,-0.386236372075434,4.94056996544333,-0.652696741503466,0.618291975989733,2.26122209662409,1.7031896003434,2.10345487432684,1.38198655469776,1.33352429460989,1.62347456686942,0.544908839847471,-0.949267944187187,2.00491833885057,1.56755440479688,1.59954688478982,2.73964735094795,1.81127510961982,2.21234205218015,-0.592394335996418,1.75850085944398,2.37228857617695,2.91569536710139,1.69870180753238,-0.556437840594048,2.9734539481574,0.416814762267643,1.59376289066367,-0.434538970011261,-0.540935274554197,1.86237067880755,1.33477161789433,1.88950910185974,0.453820681893874,-0.467269611423203,2.16550530210179,2.19044938037221,1.94199519652307,-0.515214523200561,-0.563237817945086,2.30232433616632,2.52970067531353,2.05248136190355,2.30376860866827,0.731890455305365,2.7568134155485,1.99297318535724,-0.521167552986871,1.74928859975591,2.11569510633997,1.20427107155596,1.1780278345134,1.96252195475812,1.26068046296754,-0.445041103063912,2.31177971033692,0.98286788759383,1.5160590564944,2.18200351556215,0.255141942690211,0.134332859489702,1.31359865877899,0.82007375271757,1.24859308118732,1.72419782017321,1.50483679236058,2.01140461068736,0.995586459188243,0.820229550560316,1.52847499176449,1.17995722190115,-0.440422043770802,0.618933374769681,1.69635899368428,0.887217214378907,4.61171927164465,1.87268012860777,0.279505425088861,2.19117825743938,1.16776669794698,-0.529739447900487,2.71037669522264,2.34027092587427,1.84626511514903,1.4562194456469,-0.399898634726296,-0.465400568692601,-0.659554194522494,-0.160447589241813,3.81403925417671,2.02481545670921,-0.567826653865324,-0.388287405092906,1.92955819511298,-0.547273332987266,-0.551980064673498,2.10815606730441,2.51762178778802,1.21764400129047,1.66005836546837,1.4576969216201,1.09282905713461,-0.889556386155257,1.40680484724771,-0.654078746223719,2.79569409916921,1.61642428425319,1.73137343562397,1.88851513776497,-0.574567391161672,1.29088088495238,0.312663595255778,1.33564548182458,1.68338717834996,2.0708127456798,2.30095308822889,1.48833506678374,2.01504525035857,-0.387458469999575,-0.67265289501153,1.33888715313594,1.72271236805667,0.177536441828845,2.06749306303291,2.97460782985573,1.0891888142292,0.459480344043987,0.632730749805805,0.856841601845629,0.667444355311256,0.914759878108799,-0.657239406583379,-0.739571250856207,1.3630452839813,1.43903895553718,1.04731598486688,2.84720908294463,1.13695056406257,2.3412704163224,2.8310981496076,3.39867465882203,1.74065878879785,2.43351943381093,3.49808317078747,0.970486660418826,0.750402544490135,1.25792786428979,0.598261447575683,0.939559668655075,1.66832311694525,2.01268540937672,2.30230000363216,1.5155858615423,2.82981572693657,3.21595839873374,1.30108945017742,0.273380724525196,1.87439390142034,1.27914583684993,2.20495914908527,1.31532003910083,1.43692902417092,3.02417618035133,-0.590419110099479,2.21626375740671,-0.221212991664491,1.51065371867581,1.95799150134962,2.80458649485263,0.74375902899861,1.50444824247077,-0.453520463080941,-0.475498315316322,0.97221267749382,1.75416820689161,2.31484986871436,1.05807929004312,2.22268466065025,-0.580486903180412,1.30087867495646,1.55620506588944,1.82379594862669,3.00603252905649,1.10200749174987,1.36421939000097,-0.419839307586847,1.52713922308247,2.61009178792043,1.13831810112224,-0.586212932084341,2.62902344898539,1.20115930623743,3.4503470883373,1.77716371449209,2.23445226046575,-0.503708930529297,1.54892270938258,1.48754098261489,1.53917336975098,2.44380781256554,0.445027426774578,1.18132719135924,2.46911970506406,1.90294220157583,1.69073132149998,1.71973764140595,2.4366321335168,1.47456064211042,2.86170116038238,1.74784629474957,1.29415892429474,1.55270264664302,1.1101941123991,1.22641831623415,-0.356127764920938,1.47943579218741,2.24910406033092,1.88753503739048,0.39149236820332,-0.429499750025505,2.71514289900413,1.19247345585261,1.73075759425707,1.4420460580359,2.46921376300888,2.39831205344648,1.04557818742002,-0.755829565716357,1.10341625925986,1.75298935521191,2.14186138187431,1.71658188165356,1.50916276285205,-0.79167821863407,1.67999124591526,1.13318043457062,2.55016868019288,2.44813395235767,1.79908805328571,1.36563791712973,2.28767143460944,0.335593376708409,0.75080717128446,-0.883773155823425,-0.444598034495984,1.68142770759098,-0.869130914118606,2.26051926975297,0.816565812847807,1.59137854518105,1.89575849948293,-0.414352476826801,1.51072821902746,-0.747265772882252,-0.618950848071241,4.56629906818001,1.75672568673163,1.80042129937342,-0.493593930889384,1.82445039039305,-0.558555906049502,1.20012386690146,3.2100842806728,2.33484119964667,1.94233067754926,1.30003355341165,1.72945510546066,0.898040097974509,2.01956113588383,3.85222166468152,1.84737351251934,-0.730318235371536,2.02597703232898,-0.71157305436993,-0.606204342383374,1.94321375370154,-0.386808567195655,-0.473937637058681,1.68617827931044,2.24563963974846,1.77163818236411,1.48297740142579,-0.735411990123146,2.06778342125807,1.57613091202872,1.45875435537872,-0.388200013230897,-0.672522450531549,2.4318839647817,2.38244869643591,1.56751491905661,-0.7995406586986,1.20507638871359,1.9690703709304,-0.380430093207073,2.08089170224667,-0.086265895898717,-0.543996565944918,-0.760805550465173,1.03875652337323,2.17075593292883,2.49699947970759,1.22628198888048,1.05838964391906,1.43618116069783,2.37431113935945,1.87993042424197,2.88227905493812,2.35498732890082,3.19393801358202,2.13498003618248,3.95153719987972,2.40619001546964,1.26165821420348,-0.521979735973987,-0.61052131080658,1.8681652530111,-0.524254694445744,2.39742644770255,1.43980495370703,-0.719523549783808,3.09166215328923,1.71276159791119,1.49259917334555,1.15214617786412,1.12810733181446,1.92847515299006,3.02735576359643,0.870118847352778,0.804316639202691,1.97060940978341,-0.677053451143998,1.64903292321595,0.740027737077149,1.04249186016232,-0.757800053491713,0.677827190368439,1.94353174709532,2.19615630183192,-0.392786433490695,1.32648518531835,2.00105363279151,-0.485816253127067,1.44173671848268,2.47146294314574,1.95068238232283,3.02287548772618,1.79246447196203,1.9893978999333,-0.609571261310305,1.26387803325596,3.30027824649034,2.0801390448477,1.56078387673059,1.08949771541027,1.52510402685525,2.08383652357853,1.85617246669304,1.98884877803447,1.16147009597803,2.33827690752269,2.39210012483678,1.44422660507043,2.13731909755205,1.2177677412128,2.66972162004492,0.615850484075257,1.51174960848784,1.09597612131302,-0.785445256160296,-0.384272493327475,1.92110258514915,1.5190547575228,2.1408874261714,1.8276602007089,2.81071948812307,-0.601887066668739,-0.600466657719567,2.39256222539393,1.22306816063611,-0.69871053666764,1.320039947233,0.796252237043092,1.54617633438582,2.32986292307215,1.2322483408172,0.706672181045554,2.00858876317708,1.69932712694053,1.31128288215444,3.96838841040107,1.10795297784421,1.790057241243,0.146676823026715,-0.548246753341323,1.44487095745797,1.81744905029535,2.34429788968871,1.77968616510023,1.20571761241278,-0.702854463496712,-0.376085254966847,-0.65323427697639,1.42532246872685,1.03441343788571,-0.605815007708669,0.956232529544611,-0.512995918425756,0.502482675484462,-0.494007793907488,0.188957265583573,2.1427164062008,1.36761737597548,2.6907072302945,2.12149125103202,2.24187893750058,2.23492185513374,1.55208792870666,0.865264477725627,1.06357977537663,2.61415280777786,3.60818854823248,0.91412768147964,1.62593000950396,1.88024171914606,2.74033931162021,2.1624553836508,3.34688815408928,1.16262118324538,2.17745118384592,1.628876933247,1.06749842213142,-0.60068195999903,1.59154839498564,3.15943067687375,2.59142647581066,1.860561484931,2.18606036880338,2.1824894656182,-0.664556936026652,1.6934489225461,1.43730762799121,2.41799446858432,0.789163420047336,3.45761411090345,1.16913988931253,1.75911651335653,2.01254260202113,1.1921053718553,1.17674871001003,-0.785105315526192,-0.540641423031425,-0.665426753584578,-0.539307094691963,-0.348425147702436,2.73488646410657,2.3152734673376,2.5797149575509,1.50908682112774,1.336437996185,2.37679493295319,1.01128022144431,-0.505778909237946,2.15741222873313,2.72458867293083,1.73739088939411,1.32051571472183,-0.397363968993432,2.47877996110445,2.36079537281295,-0.00831832308672287,0.970464397059174,1.38790159656921,2.29566437540005,1.49428777421904,1.9988080650814,-0.470465254505972,-0.726381607522248,1.0431184485503,1.89364759487122,3.27682087891415,1.7214594805159,1.09797691776066,-0.363912718313512,2.85476463839483,1.59662006755261,-0.530264405273805,-0.73145250418656,3.48315949447531,4.16269787968933,4.49813048146279,1.72004417274168,3.25362891961765,0.931558956855009,1.61777004590787,1.22004745522132,-0.520238954117215,2.14673579175337,1.47171685891527,-0.344789866784545,1.2640335540391,3.04891348079385,2.07797039363662,2.87841575014554,-0.553693741254614,-0.612887431730709,1.47371432320749,2.39670297155285,-0.553901067919841,-0.479383335875246,-0.621606511720135,1.1539242261116,-0.48805352537329,1.05420392194089,3.673478953645,0.348925232780764,-0.617518100327603,1.04457282197104,1.65549331864758,-0.469274127030998,0.738767927450201,1.38536402486257,-0.598331963886002,-0.491698944574237,1.91683933931956,1.65219815951578,-0.683218747620856,1.50535013046511,2.70235961757695,-0.472351838475484,1.71086273974174,1.76327741523749,2.4747658801415,1.68904468778857,1.57280638124541,3.2605312753387,3.75595891825546,1.40323448819558,1.359831476236,2.18989373836347,2.81895313618805,0.471434052160518,1.56988656543614,1.66159446947746,2.90509026318348,1.53908008411182,1.98086822761033,1.69158354870235,3.05481085730086,2.2510161068814,1.85360735426035,1.89006632067851,-0.46950194156598,-0.567597101091729,2.38914736468759,-0.67680156571333,1.98755766231934,1.86811959980767,1.20846598329935,1.94960132907206,1.88722237445159,2.25439367672179,1.91152606545866,1.08616428105904,2.30161824128607,2.59233912138026,2.95748151545869,2.79770252038358,1.61524349481798,2.06875481885126,1.68623959015923,3.21070407488406,2.94148571108508,2.03943723038762,3.86807473314595,2.43038267767246,1.44951175772271,2.45183509392335,-0.599446075410806,-0.518950740640203,"HC"
"HD-53-1",1.05214856113379,0.433268274178626,1.07459870332068,0.0128878047453026,1.23962038644249,0.540276049879286,1.65729603405596,0.612304835188326,-0.668217953355759,-0.587392633752342,-0.5360100599205,-0.427166054873635,-0.642142611977996,1.14268245385006,1.59432045626005,0.612035791688235,1.40056607044812,1.30355244368176,1.62646617011586,2.97635478129511,1.81200128091726,-0.756759621065685,1.92153540246654,0.778098711285982,0.831354895889304,0.739976702708832,-0.671018873252328,1.28666368231454,1.15683491738047,-0.0169021824432108,-0.449126948447106,1.15528411511976,0.100460227628363,-0.309529644846314,0.372437195631597,0.270375738990071,-0.497006264132812,-0.559309350558077,1.1609873518238,1.094963634356,-0.11802727674125,0.561702670525039,1.66567856887028,1.44411887730688,-0.535926408238852,0.721081367132729,1.75401756495241,1.65327752661407,0.561811282029343,0.45770481535212,-0.804466674495576,1.80164862996993,-0.0661146299769805,0.834494932816157,0.844900903623077,-0.374389587264773,-0.457301332060047,-0.488378971130679,-0.535578881140264,0.350258104021844,1.15630755373728,-0.466862369479199,1.3462947771526,-0.361091310062088,1.21409391762522,1.39678896136456,-0.131651738703245,0.380867992938332,0.0525570934792728,0.361117770854415,1.71840128929277,0.525317729500869,-0.62582241159886,0.999974590158072,-0.594144064245794,1.57640208673898,0.195574428409198,1.33522696360185,-0.518709942838152,-0.310167173709315,1.49189299734481,-0.472497315307328,0.538781206523994,0.849334756996284,0.384367586095392,-0.539991255188735,0.666435675210397,1.64845064143341,-0.56503564513667,1.19736653790388,-1.06249646629166,0.303155271861416,-0.439395440768505,-0.806924516606813,0.928305480027244,-0.386236372075434,-0.370292957722169,-0.652696741503466,-0.580182792717566,-0.893144250525708,-0.504580611844278,-0.946777991831266,0.296833401635163,1.96362312437652,-0.908370117980451,1.12945683494888,-0.949267944187187,-0.405571185034752,-0.877494153250386,1.30259903258387,2.67675675388426,0.554043289515941,1.14281115800235,-0.592394335996418,-0.563564816816346,-0.852561903334732,-0.415332247460931,-1.15053595143586,0.347993309560521,1.9256820012545,1.04852142009904,0.107908136370566,-0.434538970011261,2.17579079495926,0.197078883628773,-0.466481924852692,-0.245446317393212,1.04344489034123,-0.467269611423203,0.96051997152656,1.14725310841121,-0.42618686188652,-0.515214523200561,-0.563237817945086,-0.652232400369068,-0.433250890230484,0.89757876098237,-0.628682208598634,0.849920422776634,2.28244042287728,1.04884766982009,-0.521167552986871,0.778605848566938,-0.74594206276323,1.66588769762225,0.339947914789006,1.79306058589859,-0.630959826187288,-0.445041103063912,-0.360394763248112,-0.0852883362399366,0.611997273453786,-0.544945209809633,0.558582018583005,0.516755620455053,0.0349803169141441,-0.803191037428762,1.15935061757331,1.03323264274177,-0.938055876675319,0.966490394499797,1.13619737037368,-0.797373187578022,0.362722684753421,0.657491849872692,-0.440422043770802,-0.832999110597407,1.85623427461544,1.32140545473007,-0.517026089783175,1.56407262174459,0.747200013095683,0.283855896972729,-1.02331441862592,-0.529739447900487,-0.991195534761472,-0.484444351416916,0.889235310028933,1.03692751416219,-0.399898634726296,-0.465400568692601,-0.659554194522494,-0.349204433123031,-0.59156966366512,0.388433674132893,-0.567826653865324,1.23806025461615,0.866763641342804,-0.547273332987266,1.38469117448199,0.644985894217938,2.01155772830401,1.03158644859708,0.887474052992929,0.783402070901336,1.22646274235597,0.43529227468345,-0.938444320238906,1.86299399293068,0.843084746164035,-0.440845057560506,-0.402800957411009,0.708524902977654,1.0560055451104,0.532288814242787,0.531735083520437,-0.660262121385938,-0.784182116331742,0.620867779229116,-1.07295113119153,-0.490191614502914,1.12753671786049,-0.387458469999575,1.538452705171,1.05469133347104,0.547030231322844,0.946699975321598,0.516226861592109,0.0354120507466554,0.661370097901782,0.556661933541566,-0.875446007171464,0.645605038426519,-0.752576497540583,1.74763981215459,2.52279349998774,2.05624433318199,-0.769269638931583,1.58355156631017,-0.66549608966086,-0.400497512029309,0.575495692940418,0.279976151281678,0.446561561044427,-0.431584442518366,-1.3076438001904,1.29243077764013,1.26497287437634,-0.620100662679788,-0.503796517211337,0.43321396425074,0.903573337308083,-0.939825400487642,0.772528932757911,-0.557349591175902,0.499774400361928,0.139591964506166,0.804112435740612,-0.362836635108256,0.476694428089736,-0.902564283763228,1.11130953664232,0.850614509053262,-0.680703938055349,1.07766666525503,-0.798624539569438,-0.58636397201414,-0.590419110099479,-0.479183249951239,0.0137941246340952,-0.654451544220782,2.3538441829942,1.2543407472092,1.14422760002883,0.23217671178548,-0.453520463080941,1.22691679470259,1.1047113322716,1.46987068135598,0.699140326600958,-0.605022983692602,0.263957140165944,-0.325862665631133,0.745086497006017,-0.704852117823712,-0.657270497541832,4.2104931241324,2.42733397001133,-0.625430816380737,-0.419839307586847,1.89484417411477,1.60674621347084,-0.513248218781385,1.89395485710453,-0.418816240327903,1.33493119162865,1.62154097495526,0.639323641878184,-0.504768109875833,-0.503708930529297,0.92639083759254,0.742359997196542,1.30249586876332,1.37540471541019,0.532582819250611,-0.816725390488356,-0.404812961836128,-0.831170933594364,0.326320830902356,1.51791623721797,-0.763076391897337,1.70738846572167,0.962054189837906,-0.211244218521168,0.559978596946366,0.930444976833678,-0.492093429498443,0.418207922303109,-0.356127764920938,-0.426152405790388,0.247140872686899,1.93278242116991,-0.627488378610812,-0.429499750025505,-0.464375891526999,0.137377506834447,0.24277510670629,1.58007659159406,1.61731033753489,-0.582032151080456,-0.450112503246773,1.96046247419786,-0.125022198697544,0.823783583664628,-0.796526001879866,1.14362019535899,-1.12086668854464,0.430493753050617,0.177238407691979,0.351804213516194,-0.504623527225731,0.884383989392997,-0.0682920071374574,0.439274970217503,3.64603023168321,0.419640472333875,-0.561253030076281,0.797333126995669,2.91443569191097,0.214085093205078,-0.869130914118606,0.707683175732246,0.401551543084164,1.74191721699173,0.66139542465233,-0.414352476826801,-0.867875810443468,1.55571918769476,-0.618950848071241,1.6746367279185,0.461075867854945,0.246114642818007,3.62901196780802,2.0189891313362,-0.558555906049502,-0.598213055580144,0.542335076562281,1.50467004523336,0.981389679838933,0.75159048255351,0.0584141824602147,1.98040558395119,1.11834219819634,-0.566010699037032,1.27836034689901,0.478977600971143,0.507355420923431,2.05159964425518,2.5952626489831,0.890639829512782,2.71547183442274,-0.473937637058681,1.02304481481491,-0.675677485964019,-0.799036810595303,2.16311358760564,0.439730303592624,0.684785338919736,0.65838888831517,0.0290889746143443,-0.388200013230897,0.819820975542894,-0.689569785356508,1.53289308286266,-0.538722496195877,0.843376024916095,2.10425205318096,-0.819944378140991,-0.380430093207073,0.320999469532914,-0.895298276157752,1.39460758013024,1.28094300679345,0.231236451593538,1.71879551177549,-0.658091677882378,0.766693415466408,0.915128032793814,0.904544199419877,0.592516158193028,-0.580755287411444,0.553378187659949,2.56730503421363,-0.740417895485083,1.49092913280398,1.5039402368429,-0.508516510850491,0.479435406237443,2.823784489366,0.34044794241168,-0.545495229195593,-0.524254694445744,0.758488087440406,1.17945752310851,-0.719523549783808,1.42529558660527,0.507349975856217,0.390186252975664,-0.794015296702858,0.580769262907817,0.472959856848218,-0.495614760728454,-0.174567300688692,-1.05758031450463,0.995821202894128,0.939532034895335,-0.593681714206644,0.851551780173489,-0.598637045425795,-0.757800053491713,-0.694758292889573,1.35368937824297,1.27063516535738,-0.392786433490695,1.77962171815404,0.93610089304866,-0.485816253127067,0.315845673476268,0.653682581055466,1.64577722945861,-0.616708057714315,0.871129994499383,-0.716476224852673,1.70370815597913,2.83222593651118,-0.4791466881953,-0.527848653802147,-0.581450107692442,-0.623221682356157,1.02313465420625,1.48368067874713,0.734533864111125,0.315755166010804,0.438233134755449,1.68162168240695,0.824425038423137,2.0912067861483,0.779387969036053,1.34781312781927,0.861391770503126,-0.773643467427534,0.750725921553701,0.622111430230162,0.790172154620822,-0.384272493327475,-0.130559945063567,0.518846844718781,0.892909331232562,-0.67319351540593,-0.620494342313918,-0.601887066668739,2.94780948884567,1.05183794337358,0.475083776010297,-0.105986937795857,0.0609608248382392,0.362444543723489,-0.00366961734818571,1.10950109603535,-0.571646636129868,1.88693422706626,-0.777414105828957,0.345271120803707,1.97543775684567,-0.367490929903791,0.863314967310045,0.910191080758129,1.01981936992714,1.42109249392825,0.683926331968451,2.40014405677483,0.869163858460455,-0.513527807859149,-0.410458854850929,-0.702854463496712,-0.376085254966847,-0.65323427697639,0.320562897804841,-0.487170846083124,-0.605815007708669,0.742376515350199,-0.512995918425756,0.582709756643594,1.73443098449896,0.703585206019407,0.823718279532859,-0.682378934286747,-0.597600263298091,-0.561688757941423,0.87540290545203,-0.505226462944271,0.651102541432919,0.983188812271445,-0.800938882071613,0.942041202826612,1.72805134520958,1.03881768405825,0.900307796066196,1.30660359199332,-0.69252288453592,-0.518860584787243,-0.718638772768277,1.28900137913815,0.683623877861021,1.06877296464598,-0.566224935388611,-0.60068195999903,1.75405368521222,1.26465425454909,0.814135930082349,-0.569897592314005,-0.685835715519622,1.84527283097714,1.67074578243147,-0.569034714136114,-0.507817813873977,-0.536494698185429,-0.768897864954003,3.18773014679625,-0.622528035985135,-0.454210725594474,-0.564900394388196,1.31875880790687,0.694843824434194,0.507650179906155,-0.540641423031425,1.76945370775745,2.09876815350356,-0.348425147702436,-0.498591251333388,-0.523080667456721,1.47481226472877,-0.622281704570721,-0.782401068500164,-0.789447035739829,-0.557501763870755,-0.505778909237946,-0.624275977269652,-0.743774131603622,0.478153344602025,0.423826694305273,-0.397363968993432,-0.922357934814868,0.297738496653092,0.938328173697534,0.316343252586122,0.912155014174219,-0.641289533744246,1.00687413569417,2.18326537670533,-0.470465254505972,1.32235107848677,-0.604395814203172,1.29405356144056,-0.609921532378848,1.16833095688262,-0.61712009938149,-0.363912718313512,-0.421387307249072,0.766496231862839,-0.530264405273805,-0.73145250418656,0.837625756468618,2.28249853387672,-0.631759280520507,1.87476848045754,1.26071109220931,-0.565998932195026,1.34331773838265,0.987619030544163,-0.520238954117215,1.88434659427687,-0.991190188200663,-0.344789866784545,1.39201962230396,1.28267613644784,-0.74095518162433,-0.726611845001168,1.42616762373044,-0.612887431730709,-0.536600271805562,-0.606291521024171,-0.553901067919841,0.770365120723807,2.54973912557275,0.900332682426016,-0.48805352537329,0.80592104433852,-0.543434400240448,0.912838045426729,-0.617518100327603,1.16157905915027,0.461833952912699,-0.469274127030998,-0.71456688213729,0.878684818379931,0.702373538244524,-0.491698944574237,0.586806334528387,0.204079121525283,1.73561284998683,0.96696352714209,-0.94583725016588,-0.472351838475484,-0.494377357867234,0.678403777270126,1.90310200230279,0.312770414051534,0.910064321323465,-0.558717666256494,-0.379161949641383,1.39035771225906,0.244480973997323,1.85573486003599,1.07212853728336,-0.812575895131137,-0.441748500440315,-0.788012724473105,-0.515370748508433,1.6395559543382,-0.750713194799017,-0.807101569604255,-0.557916730587529,0.602573582155363,1.27971063160355,-0.61899979002849,-0.46950194156598,-0.567597101091729,1.02482367319108,1.88785004372112,-0.514869524021752,-0.440109756196063,1.35225179666958,1.64248673407566,0.900661230179038,-0.864582352823089,1.32773424891308,-0.575080500923803,1.83339324535059,2.05983103944501,3.19940697415285,2.20613503321433,-0.870570227459186,1.3828759512533,1.16293039958853,-0.442246094950301,2.1344842168436,-0.597626308220176,2.06789583660347,1.00458092274127,0.588552324611333,1.67765498578119,-0.599446075410806,-0.518950740640203,"HC"
"HD-54-1",-0.555592417576326,1.43206873332897,0.179212771797626,0.968225058131634,1.02074718118574,1.10058038658577,-0.489483674713921,0.981634871597916,0.230851502914032,0.732759179361642,-0.5360100599205,-0.427166054873635,0.819001805332315,0.115799825764813,3.51912407663082,0.767503699161055,-0.57729235363827,2.24697674753496,-0.496697729346053,-0.533225338772386,1.75085564639447,-0.756759621065685,2.44104346292079,1.25698449657454,1.06153610804325,1.05664665189283,-0.671018873252328,1.23501733584071,1.11386142310107,-0.572265270403078,-0.449126948447106,1.86883564230202,-0.0992860098991933,-0.309529644846314,0.761656874964049,1.09157210670176,-0.497006264132812,-0.559309350558077,0.713724469492933,-0.97766678067334,-0.146851040108045,1.35204800038081,-0.175707861367211,2.1758283581565,1.58866274920371,0.899386462170347,-0.800523516316676,0.652682181440752,1.26986987903602,2.06325981146144,-0.804466674495576,0.412307255551671,0.787964027795308,1.9724684174936,-0.559247717928647,-0.374389587264773,-0.457301332060047,1.56247940767009,-0.535578881140264,1.17253338592048,1.10713460006749,-0.466862369479199,2.4334101436895,-0.361091310062088,0.617861852820542,0.788980191163412,0.669432983611079,-0.0783247141373052,0.385477409973078,0.714990163543277,1.29290894195285,0.701451194854375,-0.62582241159886,1.92532003864004,2.42571672644922,-0.427209662751993,0.169155513137409,1.28621947163231,-0.518709942838152,-0.310167173709315,1.43605539214728,-0.472497315307328,1.07531376789062,-0.572367111065056,-0.632421218362915,1.34352437904882,1.59457855194802,2.44570371440292,1.18065042228989,0.238246102798127,-0.046617202721396,-0.275764828347754,-0.439395440768505,1.30151022708354,0.886650594466042,-0.386236372075434,-0.370292957722169,-0.652696741503466,-0.580182792717566,0.478421384192961,4.01705093446263,2.11046021017236,0.45196425099616,1.67893915154592,0.540609307481056,0.598717846133694,0.0437262875233803,1.38134358240289,0.981039864415761,-0.353464262236468,1.89072735711233,0.12648557040765,1.85713973735447,2.20533103405281,-0.563564816816346,2.06295573060564,-0.415332247460931,1.10190839393909,-0.556437840594048,1.39838024187073,0.0902648952235385,1.3982865982039,-0.434538970011261,-0.540935274554197,0.967578988669498,-0.466481924852692,1.13668568611954,1.0011027982452,-0.467269611423203,1.28564678250253,2.31721555165787,-0.42618686188652,-0.515214523200561,-0.563237817945086,0.651556204485506,-0.433250890230484,1.17896241875095,0.780210643620559,1.33226460244993,2.51460530471465,1.57976958598134,-0.521167552986871,1.2128336470469,-0.74594206276323,0.394701245156617,1.08391018064885,0.753985981209561,0.778450214986066,-0.445041103063912,-0.360394763248112,0.857117798338495,0.962725620308804,0.658404392585068,0.424618605721195,0.713250616966826,1.60393249102675,-0.803191037428762,0.466708123817262,0.98833068946169,1.28757372876372,1.25531443348927,0.924337518979949,0.407858882616634,0.786125787865343,1.06473438303396,-0.440422043770802,0.248796532958307,-0.533884030225674,1.27192940765556,1.13825689581904,0.868702817737623,-0.220691947979029,0.952695484516113,0.618420880975615,1.78633530726083,0.440171381557662,2.46804281243798,0.849755046577082,1.57410971590876,-0.399898634726296,-0.465400568692601,-0.659554194522494,-0.124153284749874,-0.59156966366512,-0.686166850667112,-0.567826653865324,-0.388287405092906,1.21319434369625,-0.547273332987266,-0.551980064673498,-0.836461434415258,1.84427219910882,0.985599970031002,1.27074061493066,1.06968519418022,1.01222541111556,0.924631618033248,0.818806160129503,1.80232076326528,-0.578418903939853,-0.440845057560506,2.73225385822352,1.43440252049685,-0.574567391161672,0.7742669859523,1.19458863253109,-0.660262121385938,-0.784182116331742,1.17593283704359,0.75838951396331,1.58035735897602,-0.724722993416231,-0.387458469999575,-0.67265289501153,0.566677810767306,0.843298011185178,1.5448888115059,1.19385062875955,-0.826299878399175,1.17222386470217,1.08593999090798,0.701884444072557,-0.969552848986112,1.33340261811346,-0.774127007600307,1.16165843579126,-0.739571250856207,1.45949744772285,-0.547342081550196,-0.66549608966086,-0.400497512029309,0.828190866818982,0.738440488937886,3.12707326042382,-0.431584442518366,0.551840628651681,1.24535755115698,2.49159223661239,-0.620100662679788,-0.503796517211337,0.954844751966509,-0.160772589613106,0.0633775810622449,0.72691669577284,2.13052797249861,0.63795700485295,1.82656255166398,1.34880608459349,-0.362836635108256,0.905626276956032,-0.902564283763228,0.574730212921175,1.06248477991867,0.25063280684291,-0.679399709028993,1.0345666883181,1.00689739603257,-0.590419110099479,1.52912144698368,-0.457511700954179,1.60613088130146,0.441707117781217,0.314203643696029,-0.0966619822243201,0.201049352339334,-0.453520463080941,1.85571215576523,0.245652135710454,-0.632054548348183,1.69019908188472,2.32537657323468,0.235104863414024,-0.184307961866658,1.13734780157796,-0.704852117823712,3.19894265508963,-0.49858944200454,1.17630625048248,1.9047467383035,-0.419839307586847,0.353715076996516,2.66130256765862,1.91286604884903,-0.586212932084341,-0.418816240327903,2.06349021187265,-0.419171849570317,0.461373534317418,-0.504768109875833,-0.503708930529297,0.640708575151035,0.234354825654803,2.03317471035625,1.56012640636456,-0.793665704950216,1.70552984303884,3.41998561482558,0.226087670048499,-0.800640494297979,1.09764605295884,-0.763076391897337,1.46399096354,-0.60699609384901,1.44132023758144,1.10033120802347,1.36839943013265,1.18471732896783,1.26100753198405,-0.356127764920938,-0.426152405790388,-0.378605970301092,0.50616837462402,1.89435813538211,-0.429499750025505,-0.464375891526999,0.112331422845061,1.37829865014766,2.93360343695693,2.24613994990381,3.38438515671672,1.29601391326912,2.131627397554,1.27569887098354,0.963891393866852,-0.796526001879866,-0.708710560777974,1.62004258079601,2.02791058948766,2.05761050856816,0.838518696240309,-0.504623527225731,1.09303976084907,1.19007799920153,-0.680117437351813,1.58549127063052,0.389353062459339,-0.561253030076281,1.11104003043866,-0.444598034495984,0.670519876784463,0.288167698661602,-0.799233124164901,0.897115656792574,1.68761863710009,0.963105925163498,-0.414352476826801,-0.867875810443468,1.10174496759505,1.68361311283582,-0.430499440370047,0.430319466776335,-0.77458771809739,3.13300481910069,1.12508208077727,1.39559269265668,1.28376544085948,1.68116579957608,1.08687807093423,1.45461346011385,1.66966204215011,0.477527708542526,-0.747997090271536,1.28848402499314,-0.566010699037032,0.704977535684434,-0.730318235371536,0.48031169327312,1.641730408741,-0.606204342383374,0.426808708039105,-0.386808567195655,-0.473937637058681,1.10596732523094,2.0711010087257,0.143511648335118,-0.764417769029699,-0.735411990123146,-0.858462959667144,2.06550731224386,1.16321399678228,-0.388200013230897,-0.672522450531549,-0.689569785356508,1.3610672185021,2.73491027402033,0.342672443091937,1.28784760576883,0.88805885639247,-0.380430093207073,1.37172262383063,-0.895298276157752,1.34787815004447,1.23172731381544,1.63113481334696,2.29530915625152,0.734188879020023,1.31548322981224,0.867519939921182,1.53936622537187,-0.775032802607551,1.99275904767951,1.44893258423877,-0.689391508662824,0.702129726883117,-0.591226315601407,1.45448773911203,1.66315252623929,1.67877040045778,2.74425571630975,-0.61052131080658,-0.545495229195593,-0.524254694445744,2.53983752600799,1.53864929862938,1.58538745984854,-0.588297561945064,1.0670180796892,0.691679983867059,0.656017005804813,1.39855556409666,1.5758442054995,-0.495614760728454,-0.199366274687923,1.31013732063301,0.260065939413988,0.899987812583864,-0.593681714206644,2.34663149508405,-0.598637045425795,2.51208695902244,1.32153931765324,1.30704349888549,1.21630632442684,1.40524351366938,1.04166358119866,1.55827034480455,-0.485816253127067,0.680658033154943,0.616955219243428,2.06644365574515,2.51197239672977,2.28375651081881,1.60956338399474,-0.609571261310305,1.36471732987359,0.982325215662115,-0.527848653802147,-0.581450107692442,1.87414738012065,0.616933999073305,-0.456566211138298,1.04112017788952,1.03417686325366,-0.781460697748757,-0.441282341989839,-0.587645768737418,2.42363566172874,0.835445183398552,3.09118804622219,2.98355492898131,0.680476561455948,-0.837555726474759,-0.909848144967057,-0.785445256160296,1.6558615395031,2.10156391899733,1.38793457471002,0.849413220123147,1.94233062809082,-0.620494342313918,2.83593620773045,1.17009826036409,0.472571437439688,0.891870022962472,-0.69871053666764,1.68595066235627,1.43691582024082,0.724036631508657,1.68447042093676,-0.571646636129868,0.772838523027634,1.33094221806505,1.11061608656515,-0.963894975231911,2.55663488759973,-0.0738447858485825,2.57210994608793,1.69887408483489,-0.548246753341323,0.641425763836825,1.93341804814297,0.829486106484379,-0.513527807859149,-0.410458854850929,0.738428474163124,-0.376085254966847,-0.65323427697639,1.72181805436785,-0.487170846083124,1.32440135502356,-0.838746468088768,-0.512995918425756,-0.6002692007909,3.216390660438,-0.829580232182152,1.83035694282697,0.845017897244491,-0.597600263298091,2.24452179711675,1.97349528905202,2.97933667718422,1.84795935419861,2.13955435266884,1.57011269384569,1.29022486959431,-0.543856568710744,-0.799784033987206,1.34552798580837,-0.547914033241979,-0.69252288453592,2.28540045879276,1.96458596983745,2.52828506118673,1.21906012844187,2.68831086409516,1.83367841652263,-0.60068195999903,1.69549289503565,0.67997927915323,0.778226645176764,1.97200414122316,-0.685835715519622,1.08543951544405,0.959027137513322,1.79867819858479,1.52777641138186,-0.536494698185429,0.861629650691561,-0.585376536065427,-0.622528035985135,-0.454210725594474,0.810921166199266,0.741699816731931,0.221121689413272,0.985135755387838,-0.540641423031425,-0.665426753584578,1.29477502404859,-0.348425147702436,1.22741718523685,-0.523080667456721,0.487799013499772,-0.622281704570721,1.43359209181856,1.94491901254873,-0.557501763870755,-0.505778909237946,-0.624275977269652,-0.743774131603622,2.07534530330578,-0.846638841230125,-0.397363968993432,1.43524905088296,1.63958059807976,0.0447513626271782,-0.129584556509222,3.41958539544191,-0.641289533744246,0.968328519135529,2.36370834210451,-0.470465254505972,-0.726381607522248,1.11974518313618,2.01002240253882,1.25745969340131,1.12458847966319,2.89549037741373,-0.363912718313512,-0.421387307249072,1.31405821052803,-0.530264405273805,1.33568563643628,2.06824135722586,-0.436105875668738,-0.631759280520507,1.8189601616871,-0.673273035311341,1.63388036870935,-0.685817859793634,1.30829198033813,-0.520238954117215,1.24448741265423,2.68358197499419,-0.344789866784545,1.3458556587914,1.47021355093051,1.827264165608,0.864216938422426,2.15743911828145,2.83711039941372,1.56721508759466,-0.606291521024171,-0.553901067919841,-0.479383335875246,2.47435628013463,0.855138732721817,-0.48805352537329,0.870016788826536,-0.543434400240448,0.872342340017915,-0.617518100327603,-0.563722602978791,-0.524092166767868,-0.469274127030998,-0.71456688213729,1.48278867459547,2.15918035514014,2.29186709880121,-0.703895512265653,1.82802123336594,3.29369624127034,2.32783365904659,1.25828654137035,2.80879620118949,-0.494377357867234,2.21896519183904,1.50707911740981,0.28496346649159,1.67815850647786,2.30297273760675,-0.379161949641383,0.677622308336901,1.01741378695299,1.10279143331371,1.69824723916588,2.59775675031915,3.1513428161604,0.218754772347389,-0.515370748508433,0.229739046919109,0.454680726979577,0.723102695385478,-0.557916730587529,0.90057365929306,1.96499458794932,2.00356027635448,2.07960986634694,2.88229589027562,-0.623788878529261,1.82688830760406,-0.514869524021752,-0.440109756196063,-0.797330693575754,0.950480833438206,0.156019933214759,0.511761298273513,2.02483383134768,1.16342962914679,1.77496966651977,1.67596683673014,1.63087565191372,1.08479930606645,1.72623470854953,0.199641308276648,3.6598330353367,-0.442246094950301,0.968202681201905,-0.597626308220176,1.27462234079643,1.29148387954947,1.12483870477245,-0.882104756219481,-0.599446075410806,-0.518950740640203,"HC"
"MGH-BrCa-H-11",0.36294725084958,-0.665330012844802,-0.874316134855906,-0.00348527950258046,-0.198891539584373,-0.651826038143566,-0.489483674713921,-0.258330983411379,2.19699100089764,0.185753040250796,-0.5360100599205,-0.427166054873635,0.213575248737289,0.541553978239386,-0.522805082503363,-0.726416791015839,-0.57729235363827,-0.0221159076538846,-0.496697729346053,-0.533225338772386,-0.0318222273495395,-0.756759621065685,0.300702549354009,-0.353462983480604,-0.00601810877875184,-0.12025693070291,-0.0435929412186837,-0.158269434002546,0.815772552166483,-0.572265270403078,-0.449126948447106,0.77539888886089,0.47357586048716,-0.309529644846314,-0.682204304747474,0.251134858625375,0.915842478380995,-0.559309350558077,0.120245464586132,-0.97766678067334,0.0390753704476748,-0.355457981320936,0.199135239506901,-0.536928301917431,-0.535926408238852,-0.284616783238486,-0.181848524592533,0.664853287996753,1.00506927683003,-0.262878103562189,0.127707275637043,0.596348311789426,-0.248493931578568,-0.327700625871116,-0.559247717928647,-0.374389587264773,-0.457301332060047,-0.488378971130679,-0.535578881140264,0.0377867980496946,0.275679745875265,1.37124134886262,-0.78169417422122,-0.361091310062088,0.0542889656615989,0.214464723641546,0.46729278318208,-0.616453501013447,-0.126924823132503,0.17023194840529,0.123378824109562,0.245086171912544,0.245940848448216,-0.0738477032782704,-0.594144064245794,-0.427209662751993,-0.267403866818194,0.644062871108872,0.6312841558307,0.724764378075698,0.505797223542987,-0.472497315307328,0.0308152706850228,2.16557559034527,0.186967085259404,1.649088307406,0.395480998717559,-0.510050775686776,-0.56503564513667,0.50504442176443,0.254211028502721,1.3401552557811,-0.439395440768505,0.439655093779393,0.901781688081039,0.809032530721743,-0.370292957722169,-0.652696741503466,-0.580182792717566,1.29157292179739,-0.504580611844278,-0.370235177393288,0.464659632314241,-0.824988666868521,0.387117741801981,-0.612012511430763,0.204820367531015,-0.191570781318249,-0.376637017052156,-1.16329464966875,0.189240585124027,0.135363786093252,0.199321746647488,-0.592394335996418,-0.563564816816346,-0.852561903334732,-0.415332247460931,0.151692711835116,0.333900774930934,-0.749289324826282,-0.864139486256635,0.0879587780318117,-0.434538970011261,-0.540935274554197,-0.216929736114448,-0.466481924852692,0.684793051361238,-0.71314737154191,-0.467269611423203,0.218838310669386,-0.612032059829267,-0.42618686188652,-0.515214523200561,-0.563237817945086,-0.652232400369068,0.629422690886742,-0.532359983665514,-0.628682208598634,-0.0488978804949161,-0.622774284236347,-0.783506568177671,0.621073720279977,-0.371317206165453,-0.74594206276323,-0.373192322162541,0.0603763244874369,1.62789528597541,-0.630959826187288,-0.445041103063912,-0.360394763248112,-0.101439800010956,-0.139298715061452,0.853624556947342,-0.257557572331066,-0.351567313672576,-0.546802474934866,0.600099469835292,0.342605459401011,0.356997518383271,-0.174369783901189,-0.0621711011937318,0.0258985717324865,-0.0915301534781325,0.386010216767595,0.139943802475965,-0.440422043770802,-0.832999110597407,-0.533884030225674,-0.866575554810563,-0.517026089783175,-0.717586015732752,0.108301479349726,0.0955127079604997,-1.02331441862592,-0.529739447900487,-0.152916839637035,-0.484444351416916,-0.724735509236815,-0.744769331569172,-0.399898634726296,-0.465400568692601,-0.659554194522494,1.9596447333634,-0.59156966366512,-0.0722226750748371,-0.567826653865324,-0.388287405092906,-0.204816867919888,-0.547273332987266,-0.551980064673498,0.735219565389148,-0.697113880119278,-0.216805195508778,-0.1482540957349,-0.64210040167511,-0.872091461738152,1.08267217070105,0.324829072172485,-0.654078746223719,1.53769456266211,-0.440845057560506,-0.402800957411009,-0.192535350493453,0.739444315424959,-0.569285594487044,-0.194997935514095,-0.660262121385938,0.303888350228045,-0.0213832592850942,-1.07295113119153,-0.490191614502914,-0.104259794094906,-0.387458469999575,-0.67265289501153,-0.404861719017069,0.630087662335514,1.08853700321983,-0.398937104797248,0.766296594931253,-0.721727210801833,-0.057623247886936,-0.21735114061052,0.621486297233728,-0.752576497540583,0.495671130340416,0.845289828063152,-0.0630434959286078,-0.769269638931583,-0.547342081550196,0.388704233159594,1.0456978037513,-0.356203165767965,0.26063531297253,0.204102790190471,-0.431584442518366,-0.203343581986544,0.467495994216504,0.906883337943394,1.0596175420913,-0.503796517211337,-0.100263145745482,0.0965821612579358,-0.939825400487642,-0.579722790855376,-0.557349591175902,0.0195838564365488,-0.0826754580884742,0.171935771222465,-0.362836635108256,-0.0391851486923965,0.60607558343546,-0.37400067892967,0.186127185622983,0.834894704321851,0.329700713865502,0.285221575878117,1.0214001849665,-0.590419110099479,-0.479183249951239,2.22820986947224,-0.654451544220782,-0.755865250545603,0.518016292856207,0.226859654930646,-0.0172778174890555,0.720231666517283,-0.475498315316322,0.256101615682248,1.0663501308523,0.11542273052901,-0.605022983692602,-0.915536831645335,-0.648778291921764,-0.472952145038137,-0.704852117823712,0.597865820432323,1.29882548077511,-0.495454091056586,0.242755608727698,1.00870517303412,-0.0959015140098159,-0.618696368735234,-0.513248218781385,-0.586212932084341,-0.418816240327903,0.489358616489522,-0.419171849570317,0.20028196633471,-0.504768109875833,-0.503708930529297,-0.13680558931977,0.422358972209318,-1.28931703069017,0.288788039356104,-0.793665704950216,-0.816725390488356,-0.404812961836128,-0.831170933594364,0.308760907740846,-0.0453806778985789,0.23720206190553,0.195245710425976,-0.60699609384901,-0.222654740644119,0.163661498639587,-0.458899793128755,0.489929222102603,-0.153767238144349,-0.356127764920938,-0.426152405790388,-0.242950094901197,0.404066754331992,-0.627488378610812,-0.429499750025505,-0.464375891526999,0.833368200502242,0.223177139020989,-0.455236351660987,-0.053197550745618,0.486879364590947,-0.0156445759383717,0.476258524962986,-0.458999362653382,-0.0388406099509705,-0.796526001879866,0.3495689140179,0.129001857413895,-0.79167821863407,-0.0143492217214489,0.331271610781569,-0.504623527225731,0.662075126696657,0.279649326632097,-0.680117437351813,-0.466764426657629,0.178422766909251,2.54008459512856,-0.199287703119225,0.680598826303911,-0.684208602684267,0.630873871693665,-0.799233124164901,-0.173604912510367,0.790361723782501,-0.0115485537157062,1.48344560628505,0.335426224485523,-0.747265772882252,-0.618950848071241,-0.430499440370047,-0.0779146997824045,0.516009465542815,-0.493593930889384,0.265003596567421,0.591451322806946,0.956424947720225,-0.710284973869927,-0.614764475187905,-0.0544523487329202,-0.358453098093249,-0.436356557303385,0.677383254271411,-0.0101377456417165,-0.566010699037032,-0.603032598624489,0.244203572474542,0.0334276008245966,0.0959221022648563,0.582554153228533,-0.63129034137311,1.80561859160716,0.654272088495739,-0.559146704609464,-0.675677485964019,0.639265830304171,0.925297644600959,0.743892101555184,0.388517710457378,-0.889325548542612,0.329821498734576,-0.388200013230897,-0.672522450531549,0.117124917131365,0.0059475806359641,1.56032695815645,0.144002479158993,-0.574547412051676,0.180346117880087,-0.380430093207073,-0.834709508043328,-0.397355618510134,-0.543996565944918,0.0705203447540949,0.131440379881866,0.46727813719265,0.157296127425154,-0.719112826150793,0.0682783057716041,-0.814187642569382,0.184389473823486,-0.580755287411444,-0.0384567053145764,0.262328478405121,-0.740417895485083,-0.591226315601407,-0.517699977761507,-0.508516510850491,-0.0860621115837301,-0.521979735973987,-0.61052131080658,-0.545495229195593,-0.524254694445744,-0.831984299900153,-0.745395082740569,-0.719523549783808,-0.588297561945064,0.0637149485177475,0.317421577172972,0.403806744173939,-0.220864915490872,0.799381475381447,-0.495614760728454,-1.18836044397162,0.0883786607074435,1.13949168232135,0.91434295672194,-0.593681714206644,0.146607897270839,-0.598637045425795,-0.757800053491713,0.146482745670738,-0.55321502257966,-0.198274969246422,1.69693904513784,-0.761647247973245,0.271679724930736,-0.485816253127067,0.0241846644332584,0.630287800890131,0.309354860789444,-0.616708057714315,0.205063555650651,-0.716476224852673,1.01334087432367,-0.288543036243814,0.376762964709847,-0.527848653802147,1.02919933690407,-0.623221682356157,-0.641668934489112,-0.456566211138298,-0.301849116948956,-0.493254682183583,-0.0846213540204063,-0.441282341989839,0.43759884506421,-0.693610145686299,-0.41565329454038,0.525795765081153,-0.224043215256152,-0.773643467427534,0.64080930441479,0.598240963848166,0.114741473686016,-0.384272493327475,0.938207731554766,0.323290000453193,0.124765153306554,-0.67319351540593,-0.620494342313918,-0.601887066668739,-0.600466657719567,-0.707827699895891,-0.857914155301373,-0.69871053666764,-0.855651382052597,0.34013880786775,-0.673408985524905,-0.548522505919263,-0.571646636129868,0.155962472843649,0.112526307344252,-0.877809728241419,0.447604468448561,-0.367490929903791,0.599940985119207,-0.573648085257991,0.00405852768210201,-0.548246753341323,0.508650783666761,0.173176296681696,-0.77689632987442,-0.513527807859149,-0.410458854850929,0.141231540246877,-0.376085254966847,0.71011223137099,-0.751527203204582,-0.487170846083124,-0.605815007708669,-0.838746468088768,0.610468805983567,-0.6002692007909,-0.494007793907488,-0.205330921021403,-0.440536537824976,0.212139590820573,-0.597600263298091,-0.561688757941423,-0.775810477487309,-0.505226462944271,-0.277033726668722,0.956094816370509,-0.800938882071613,-0.923820668091811,-0.543856568710744,0.250651723279934,-0.0453993970013859,-0.547914033241979,-0.69252288453592,-0.518860584787243,-0.718638772768277,-0.574522884957265,0.402186742520783,-0.783162489495666,-0.566224935388611,-0.60068195999903,-0.675382976552414,-0.653790722557568,-0.653851689833047,-0.569897592314005,-0.685835715519622,-0.647904522193843,-0.664556936026652,-0.569034714136114,-0.507817813873977,-0.536494698185429,-0.768897864954003,-0.585376536065427,-0.622528035985135,-0.454210725594474,1.21833765888064,0.75368241921576,-0.00538059118188356,1.38639819334061,-0.540641423031425,0.150200618652508,-0.539307094691963,-0.348425147702436,-0.498591251333388,-0.523080667456721,-0.831156261607636,0.980198489987154,0.142157080992066,0.0288225358744697,0.40398573741668,-0.505778909237946,0.874086220378563,0.000989547494548057,-0.743846574768942,-0.846638841230125,-0.397363968993432,1.39346301555632,0.478348099572344,0.672812143085592,0.0354458051295403,-0.625888537038413,0.782611077408484,0.331381457088066,-0.680264025007797,-0.470465254505972,-0.726381607522248,-0.604395814203172,-0.64437704550372,-0.609921532378848,-0.619881066592517,-0.61712009938149,-0.363912718313512,-0.421387307249072,-0.269756028010874,-0.530264405273805,-0.341625620352087,-0.569578522132877,-0.436105875668738,-0.631759280520507,-0.406700539566019,-0.673273035311341,-0.565998932195026,-0.685817859793634,0.256097550413947,-0.520238954117215,-0.713193758009176,0.202881955281667,-0.344789866784545,-0.495183843341153,-0.939394475450667,-0.74095518162433,0.205055543374741,-0.553693741254614,-0.612887431730709,0.695497224758036,-0.606291521024171,-0.553901067919841,-0.479383335875246,-0.621606511720135,-0.211178252378257,-0.48805352537329,-0.334107992922341,0.643097339620129,-0.0831231323219699,-0.617518100327603,0.421982207467808,-0.524092166767868,-0.469274127030998,0.820207664245966,-0.796606268568196,-0.598331963886002,-0.491698944574237,-0.703895512265653,-0.120410198177637,-0.683218747620856,-0.813165332182298,-0.94583725016588,-0.472351838475484,-0.494377357867234,-0.0119644827281575,-0.766724197739351,-0.823990033085211,0.138770760679785,-0.558717666256494,-0.379161949641383,-0.0193199008944598,-0.240071790142006,-0.614835278634353,0.345449176541567,-0.812575895131137,-0.441748500440315,0.382083297833889,-0.515370748508433,-0.0202432703264695,0.46565292148601,0.0890611262809452,1.0122006621146,-0.219085013126192,-0.575643008354943,-0.61899979002849,-0.46950194156598,-0.567597101091729,-0.623788878529261,0.534967033251748,-0.514869524021752,-0.440109756196063,0.437195577998398,0.296380213269396,-0.201868842040049,-0.0585279814875818,-0.559609290515974,-0.575080500923803,-0.624478446322977,-0.72921406656607,-0.465167799440612,-0.735980601657659,0.849272899654733,-0.978836790500469,-0.528878550032712,-0.442246094950301,-0.590310521918287,-0.597626308220176,-0.535005976446535,-0.392257863561068,-0.86340182998155,0.16013648915802,-0.599446075410806,0.631206506112192,"Breast"
"MGH-BrCa-H31-TR-489",-0.555592417576326,-0.665330012844802,0.0364441335924721,-1.03790453368905,-1.13804973557696,-0.0304265410832355,-0.489483674713921,-1.08094128483014,1.88516827869416,-0.587392633752342,-0.5360100599205,-0.427166054873635,-0.642142611977996,-0.906954785415906,-0.522805082503363,-0.543007434107394,-0.57729235363827,-0.335485974395071,-0.496697729346053,-0.533225338772386,-0.892044314129933,-0.756759621065685,-0.72953949609161,-1.10737391109703,-1.18728595031787,-0.694312111185813,0.340499724272906,-0.886090803404096,1.26430083735479,-0.572265270403078,-0.449126948447106,-0.823525490657949,-1.24614815954864,-0.309529644846314,-0.532278330721551,-0.964466112786827,1.36346321298446,-0.559309350558077,-0.971761554251086,-0.97766678067334,-1.31380191096635,-0.985369683958035,-1.07616298942653,-0.536928301917431,0.627518780292526,-1.32328517748898,-0.800523516316676,-0.684422976084699,-0.894666522630992,-0.757778983174664,0.680845523874547,-0.722133608031586,-0.140261545508953,-1.06642129487193,-0.559247717928647,-0.374389587264773,2.18961500512896,-0.488378971130679,1.1075145908758,-0.198108673964373,-0.940150463465516,-0.466862369479199,-0.78169417422122,-0.361091310062088,-0.742272368002153,-0.597562997079172,-1.01277899053072,-0.884278778988137,-0.98775726679954,-0.365416391896406,-0.114170743413698,-0.950184227790595,-0.62582241159886,-0.12175093937792,-0.594144064245794,-0.427209662751993,-0.884442638278434,-0.726511286645635,0.556588768043026,1.40547341743893,0.695997801233055,0.604795592534766,0.322405798559243,0.499257208404222,-0.632421218362915,-0.539991255188735,-0.729222797826837,-0.510050775686776,-0.56503564513667,-0.598384510258116,-0.277564997591313,1.13853633610135,-0.439395440768505,-0.806924516606813,-0.824109659368058,-0.386236372075434,-0.370292957722169,-0.652696741503466,-0.580182792717566,-0.45308404148436,-0.504580611844278,-0.407683273127423,-1.00272583549808,-0.824988666868521,-0.908370117980451,-0.612012511430763,-0.405494877721133,-0.741354722338958,0.160286740391196,-0.537569351200322,-0.699577466702064,-0.0952487480208878,-1.20970090202904,-0.592394335996418,-0.563564816816346,-0.852561903334732,-0.415332247460931,0.0700679849143308,-0.0732779653035696,-0.749289324826282,-0.864139486256635,-0.329833909094872,-0.434538970011261,-0.540935274554197,-0.582728738100585,-0.466481924852692,-0.250569935265903,-0.04438238094305,0.452672280959979,-0.781783811545767,-0.612032059829267,-0.42618686188652,-0.515214523200561,-0.563237817945086,-0.652232400369068,-0.433250890230484,-0.237076153547194,-0.628682208598634,0.330893793260271,-0.622774284236347,-1.22868325607174,-0.521167552986871,-1.2345070634704,-0.74594206276323,-0.922939115191811,-0.561900652138582,-0.680795110743151,0.140846490025301,0.0857842949638518,-0.360394763248112,-0.0218790675291373,-0.668936712004391,-0.544945209809633,0.0644092998012447,-1.12931857316399,-0.946374554527438,-0.803191037428762,-0.520988825686713,-0.881133953461138,-0.223973367879443,-0.570386201195815,-1.23041210025291,-0.137376666264892,-1.16230080545647,-0.600263348631308,-0.440422043770802,-0.832999110597407,-0.533884030225674,-0.866575554810563,-0.517026089783175,0.780135705322617,-1.01100613021998,-0.733188534290349,-0.119620950501268,-0.529739447900487,-0.991195534761472,-0.484444351416916,-0.724735509236815,-1.57512717781599,-0.399898634726296,-0.465400568692601,-0.659554194522494,2.43087977908639,-0.59156966366512,-0.686166850667112,-0.567826653865324,-0.388287405092906,-0.789104147114968,-0.547273332987266,-0.551980064673498,-0.836461434415258,-0.697113880119278,0.229750642311277,-1.04658204991007,-1.14574736864276,-0.872091461738152,-0.889556386155257,-0.938444320238906,-0.654078746223719,-0.578418903939853,-0.440845057560506,-0.402800957411009,-1.27366017213239,0.654495925439523,-0.641602533524372,-1.03292766190848,-0.660262121385938,-0.0628863775101996,-1.33950734716597,-1.07295113119153,-0.490191614502914,-0.144560643755729,-0.387458469999575,-0.67265289501153,-0.459057274848708,-0.483373068716998,0.427769561907274,-0.646146979049789,-0.826299878399175,-0.721727210801833,-0.876317725753786,-0.875446007171464,-0.969552848986112,-0.752576497540583,-0.774127007600307,-0.657239406583379,-0.106985897947831,-0.769269638931583,-0.547342081550196,-0.66549608966086,-0.400497512029309,-1.16606083066893,-0.961280804736148,-0.802317558831034,-0.431584442518366,-0.410537922192251,-0.631943764721935,-0.579507915169398,-0.620100662679788,-0.503796517211337,-1.0770163128063,-0.553932456654647,-0.390461925711412,-1.20501263767338,0.491247892016946,-0.14611126847976,-0.214777770386255,1.07514639607494,-0.362836635108256,-1.41484557067615,-0.902564283763228,-0.607588819906385,-0.572721976749936,-0.680703938055349,-0.679399709028993,0.504726994235934,-0.58636397201414,-0.590419110099479,-0.479183249951239,1.92199046074303,-0.654451544220782,-0.755865250545603,-0.942110585579901,-0.873831727472401,-0.732285519404419,-0.453520463080941,-0.475498315316322,-0.902316908801359,-0.632054548348183,-1.00035456820405,-0.605022983692602,-0.915536831645335,-1.08443220697467,-0.9465501673116,0.217679626563781,-0.657270497541832,-0.49858944200454,-0.495454091056586,0.519990292778544,1.21294194707323,-0.137178657276532,-0.618696368735234,-0.513248218781385,-0.586212932084341,-0.418816240327903,-0.637586357654596,-0.419171849570317,-0.42377582313855,-0.504768109875833,-0.503708930529297,-0.941077774478522,-0.289906784591934,-0.54686707734507,-0.813303292440974,-0.793665704950216,-0.816725390488356,-0.404812961836128,-0.0142672145077992,-0.800640494297979,-0.106482629318415,-0.763076391897337,-0.827919473425155,-0.60699609384901,-0.552341496473485,-0.972280070282039,-0.923566729405713,-0.492093429498443,-0.0439754443204061,-0.356127764920938,-0.426152405790388,0.204746886357292,-0.306428674570707,0.196458512356222,-0.429499750025505,-0.464375891526999,-0.886517603314692,-0.451318506061873,0.63205652593632,-0.742946755276486,0.41745052120279,-0.404876693024051,-0.755829565716357,-0.520044885171126,-1.56799886993584,-0.796526001879866,-0.708710560777974,-1.12086668854464,-0.79167821863407,-0.809608919621213,-0.26198145085489,-0.504623527225731,-0.863563219649252,-0.234666124208832,-0.680117437351813,-0.466764426657629,-0.836854594027651,-0.561253030076281,-0.883773155823425,-0.444598034495984,-1.02524160879058,-0.869130914118606,-0.799233124164901,-0.223394209646594,-0.477833002749308,-0.571890119569694,-0.414352476826801,-0.867875810443468,-0.747265772882252,-0.618950848071241,-0.430499440370047,-0.796259557655844,-0.77458771809739,-0.493593930889384,-0.96499962340129,-0.558555906049502,-0.598213055580144,-0.710284973869927,-0.614764475187905,-1.08600885858415,-1.13688436302446,-1.10386469962424,-0.747997090271536,-1.01074181138039,-0.566010699037032,-0.603032598624489,-0.730318235371536,0.832297757663225,-0.71157305436993,-0.606204342383374,-0.63129034137311,-0.386808567195655,-0.473937637058681,-0.495759789283787,-0.675677485964019,-0.799036810595303,0.816564904710189,2.02312732711006,-0.858462959667144,-0.0625146694948485,-1.13280417093144,-0.388200013230897,-0.672522450531549,-0.689569785356508,-0.516784733414554,-0.538722496195877,-0.7995406586986,0.445317776960359,-0.819944378140991,-0.380430093207073,-0.834709508043328,-0.326165534173244,-0.543996565944918,-0.760805550465173,-0.75913036843013,-0.653697914574418,-0.658091677882378,-0.719112826150793,-1.08773769552895,-0.814187642569382,-0.254383311112683,-0.580755287411444,-0.836916634773705,-0.689391508662824,0.621588103731945,-0.591226315601407,-0.517699977761507,-0.508516510850491,0.375315030787547,-0.521979735973987,-0.61052131080658,-0.545495229195593,-0.524254694445744,-0.831984299900153,-0.745395082740569,0.323918528136294,-0.588297561945064,-0.738160475997115,-0.85534945010494,-0.794015296702858,-0.787607121121941,-0.788184218742662,-0.495614760728454,-1.18836044397162,-0.297909547685456,-0.997877754173032,-0.677053451143998,-0.593681714206644,-0.792912836073741,0.341859615031886,0.237691623309857,0.0918417473639614,-0.55321502257966,-1.1319511214443,-0.392786433490695,-0.761647247973245,-0.998362605765605,-0.485816253127067,-1.26637581039537,-0.847748388510819,-0.608508425207776,-0.616708057714315,-0.682642890579754,-0.716476224852673,0.271134137048681,-0.99456836848483,0.321169198177509,-0.527848653802147,-0.581450107692442,-0.623221682356157,-1.02183247677633,-0.456566211138298,-0.916203998686597,-1.08861806585058,0.512844550997438,-0.441282341989839,-0.323491349311273,-0.693610145686299,-0.536732301940261,-0.569755773406841,0.0140092316811108,-0.773643467427534,0.0201791568291089,-0.909848144967057,0.40219469389104,-0.384272493327475,-0.181618468363093,-1.21732527311908,-0.911558242630226,-0.67319351540593,-0.620494342313918,-0.601887066668739,-0.600466657719567,-0.483278183258396,-0.902962513427763,-0.69871053666764,-0.855651382052597,-1.13130195465131,-0.18030462225389,-0.684236813158233,0.886981176548228,0.099330040654572,-0.777414105828957,-0.49471795396875,-0.963894975231911,-0.367490929903791,-1.00723720358106,-0.573648085257991,-0.905751916506873,-0.548246753341323,-0.0765302913175304,-0.74633402219577,-0.77689632987442,-0.513527807859149,-0.410458854850929,-0.702854463496712,-0.376085254966847,-0.65323427697639,-0.751527203204582,0.384817291353741,-0.605815007708669,-0.838746468088768,-0.512995918425756,-0.6002692007909,-0.494007793907488,-0.829580232182152,-1.18723863498533,-0.682378934286747,-0.597600263298091,-0.561688757941423,-0.775810477487309,-0.505226462944271,-0.914483551563009,-0.755650546229756,-0.800938882071613,-0.923820668091811,-0.543856568710744,-0.799784033987206,-1.22262432922117,-0.547914033241979,-0.69252288453592,-0.518860584787243,-0.718638772768277,-0.574522884957265,-0.766028616235394,-0.783162489495666,-0.566224935388611,-0.60068195999903,-0.675382976552414,-0.653790722557568,-0.653851689833047,-0.569897592314005,-0.685835715519622,-0.647904522193843,-0.664556936026652,-0.569034714136114,-0.507817813873977,-0.536494698185429,-0.768897864954003,-0.585376536065427,-0.622528035985135,-0.454210725594474,-0.564900394388196,-0.574696478706447,-0.674952213341161,-0.785105315526192,-0.540641423031425,-0.665426753584578,0.465053682046975,-0.348425147702436,-0.498591251333388,-0.523080667456721,-0.831156261607636,-0.622281704570721,0.0821043993404695,-0.024326400313405,-0.557501763870755,-0.505778909237946,-0.624275977269652,-0.743774131603622,-0.0910369844011768,0.261468731342853,-0.397363968993432,-0.922357934814868,-0.0373251918280574,-1.14934390124832,-1.14684228042207,0.533429679325663,-0.641289533744246,-0.56888790075037,-0.680264025007797,-0.470465254505972,0.368080285908195,0.727782697376866,-0.64437704550372,-0.609921532378848,-0.619881066592517,-0.61712009938149,-0.363912718313512,0.440563006055487,-1.30916816208007,-0.530264405273805,-0.73145250418656,-0.569578522132877,-0.436105875668738,-0.631759280520507,-0.406700539566019,-0.673273035311341,-0.565998932195026,-0.685817859793634,-0.730817206313231,-0.520238954117215,-0.713193758009176,-0.343203301107626,-0.344789866784545,-0.495183843341153,-0.939394475450667,-0.74095518162433,-0.726611845001168,-0.553693741254614,-0.612887431730709,-0.536600271805562,-0.606291521024171,-0.553901067919841,-0.479383335875246,0.37171819610349,-0.260762779597264,-0.48805352537329,0.115846751384951,-0.543434400240448,1.21566056590274,-0.617518100327603,-0.563722602978791,-0.524092166767868,-0.469274127030998,-0.71456688213729,-0.796606268568196,-0.598331963886002,-0.491698944574237,-0.703895512265653,-0.686937761135451,-0.683218747620856,-0.813165332182298,-0.94583725016588,-0.472351838475484,-0.494377357867234,-0.975604745971856,-0.766724197739351,-0.823990033085211,-0.926108184691356,-0.558717666256494,-0.379161949641383,-1.02737092254885,-0.523374915105874,-0.614835278634353,0.282543067668397,-0.812575895131137,-0.441748500440315,-0.788012724473105,-0.515370748508433,-0.538239690953979,-0.0906280420222794,-0.807101569604255,-0.557916730587529,-0.600205687284254,-0.575643008354943,-0.61899979002849,-0.46950194156598,-0.567597101091729,-0.623788878529261,-0.67680156571333,-0.514869524021752,-0.440109756196063,-0.797330693575754,-0.628134209307874,-0.130508091864982,-0.110883505672052,-0.559609290515974,-0.575080500923803,-0.624478446322977,-0.72921406656607,-0.465167799440612,-0.735980601657659,-0.143941455879372,-0.978836790500469,-0.528878550032712,-0.442246094950301,-0.590310521918287,-0.597626308220176,-0.535005976446535,-1.00733118332109,-0.86340182998155,0.0924399556872016,-0.599446075410806,0.557194191532012,"Breast"
"MGH-BrCa-H38-TR467",-0.555592417576326,-0.665330012844802,0.272444374466428,-1.03790453368905,-1.40910500646145,-1.61692665523069,-0.489483674713921,-2.16090336940435,1.6831785202328,-0.587392633752342,-0.5360100599205,-0.427166054873635,-0.642142611977996,-0.906954785415906,-0.522805082503363,-1.16665646400082,-0.57729235363827,-0.951756607893985,-0.496697729346053,-0.533225338772386,-0.892044314129933,-0.756759621065685,-0.72953949609161,-1.10737391109703,-0.193200945131873,-1.45831178871341,-0.671018873252328,-0.886090803404096,-0.59994073973799,-0.572265270403078,-0.449126948447106,-0.823525490657949,-0.780404033485196,-0.309529644846314,-1.08513340955677,-0.964466112786827,2.11623169062115,-0.559309350558077,-1.35148615893941,-0.97766678067334,-1.31380191096635,-0.985369683958035,-1.07616298942653,-0.536928301917431,-0.535926408238852,-1.47206187783861,-0.800523516316676,-0.684422976084699,-0.894666522630992,-0.757778983174664,-0.804466674495576,-0.722133608031586,-1.00553084851786,-1.06642129487193,-0.559247717928647,-0.374389587264773,-0.457301332060047,-0.488378971130679,-0.535578881140264,-1.23558207417991,-0.940150463465516,-0.466862369479199,-0.78169417422122,-0.361091310062088,-0.742272368002153,-0.597562997079172,0.420992521811289,-1.41989396139844,-0.652934945217889,-0.011937018521949,-0.890457490909887,-0.950184227790595,-0.62582241159886,-0.811355606421236,-0.594144064245794,-0.427209662751993,-0.884442638278434,-0.726511286645635,-0.518709942838152,6.25302333780675,-0.824570369406007,-0.472497315307328,-0.133055211165781,2.23273159040762,-0.632421218362915,-0.539991255188735,-0.729222797826837,-0.510050775686776,-0.56503564513667,-1.15438649345439,-1.06249646629166,2.23903873619687,-0.439395440768505,-0.806924516606813,-0.824109659368058,-0.386236372075434,-0.370292957722169,-0.652696741503466,-0.580182792717566,-0.893144250525708,-0.504580611844278,-0.264430282179374,-1.00272583549808,-0.824988666868521,-0.908370117980451,-0.612012511430763,-0.949267944187187,-0.874712127412381,-0.877494153250386,-1.16329464966875,-0.699577466702064,-0.848866007382096,-1.20970090202904,-0.592394335996418,-0.563564816816346,-0.852561903334732,-0.415332247460931,-0.113379120390453,0.0551115270065395,-0.749289324826282,-0.864139486256635,-1.27839469908618,-0.434538970011261,-0.540935274554197,-1.33738969127492,-0.466481924852692,-1.07767110647549,-0.71314737154191,-0.467269611423203,-0.781783811545767,-0.612032059829267,-0.42618686188652,-0.515214523200561,-0.563237817945086,-0.652232400369068,-0.433250890230484,-0.754296193481524,-0.628682208598634,-0.96051637736292,-0.622774284236347,-1.13244315699614,-0.521167552986871,-1.52198170189138,-0.74594206276323,-0.922939115191811,-1.11633127205757,-0.680795110743151,-0.630959826187288,-0.445041103063912,-0.360394763248112,-1.12185750843372,-1.07260632665086,-0.544945209809633,0.132171148671167,-0.00716854987664339,-0.946374554527438,-0.803191037428762,-1.15278844781279,-0.881133953461138,-0.938055876675319,-1.18738458930157,-1.23041210025291,-0.797373187578022,-1.16230080545647,-1.47320437666668,-0.440422043770802,-0.832999110597407,-0.533884030225674,-0.866575554810563,-0.517026089783175,1.17304635660242,-1.01100613021998,-1.19702951435578,-1.02331441862592,-0.529739447900487,-0.991195534761472,-0.484444351416916,-0.724735509236815,-0.594385119603639,-0.399898634726296,-0.465400568692601,-0.659554194522494,2.4492128812982,-0.59156966366512,-0.686166850667112,-0.567826653865324,-0.388287405092906,-0.861309045591742,-0.547273332987266,-0.551980064673498,-0.836461434415258,-0.697113880119278,-0.954138085945745,-0.94345400539553,-1.74478377320639,-0.872091461738152,-0.889556386155257,-0.0707362024905776,-0.654078746223719,-0.578418903939853,-0.440845057560506,-0.402800957411009,-1.27366017213239,-0.574567391161672,-1.75108208490588,-1.03292766190848,-0.660262121385938,-0.784182116331742,-0.228707605935177,-1.07295113119153,-0.490191614502914,-0.724722993416231,-0.387458469999575,-0.67265289501153,-1.24706496093846,-1.49858573859642,0.406801421807978,-1.36414126696315,-0.826299878399175,-0.721727210801833,-0.876317725753786,-0.0965801299351523,-0.969552848986112,-0.752576497540583,-0.774127007600307,-0.657239406583379,-0.739571250856207,-0.769269638931583,-0.547342081550196,-0.66549608966086,-0.400497512029309,-1.64133547127865,-0.961280804736148,-0.802317558831034,-0.431584442518366,-1.3076438001904,-0.631943764721935,-0.579507915169398,-0.620100662679788,-0.503796517211337,-1.0770163128063,-1.02984446404236,-0.939825400487642,-1.67817441199401,-0.557349591175902,-1.1375069142073,-1.56790518709751,-0.670603752641226,-0.362836635108256,-1.83334546533971,-0.902564283763228,-1.0669610666387,-0.72611731238057,-0.680703938055349,-0.679399709028993,0.674329690266951,-0.58636397201414,-0.590419110099479,-0.479183249951239,1.60876797289793,-0.654451544220782,-0.755865250545603,-0.942110585579901,-0.873831727472401,-1.09491872168078,-0.453520463080941,-0.475498315316322,-0.902316908801359,-0.632054548348183,-1.00035456820405,-0.605022983692602,-0.915536831645335,-0.569360773019922,-0.795712773916971,-0.704852117823712,-0.657270497541832,-0.49858944200454,-0.495454091056586,-0.625430816380737,2.68528916510976,-0.73139551936346,-0.618696368735234,-0.513248218781385,0.608942221434637,-0.418816240327903,-0.637586357654596,-0.419171849570317,-1.10378034554778,-0.504768109875833,-0.503708930529297,-1.19847869296447,-0.924514780586802,-1.28931703069017,-0.813303292440974,-0.793665704950216,-0.816725390488356,-0.404812961836128,-0.831170933594364,-0.800640494297979,-1.00352564046401,-0.763076391897337,-1.42603282070303,-0.60699609384901,-0.943549081967018,-0.972280070282039,-0.923566729405713,-0.492093429498443,-0.505108126019952,-0.356127764920938,-0.426152405790388,-1.21479747878706,-0.826222229547082,-0.627488378610812,-0.429499750025505,-0.464375891526999,-0.886517603314692,-0.615722437771594,-0.455236351660987,-0.742946755276486,-0.582032151080456,-1.18959503173864,-0.755829565716357,-1.41625945874523,-1.56799886993584,-0.796526001879866,-0.708710560777974,-1.12086668854464,-0.79167821863407,-0.809608919621213,-0.965937838928799,-0.504623527225731,-0.863563219649252,0.0107177613359869,-0.680117437351813,-0.466764426657629,-0.836854594027651,-0.561253030076281,-0.883773155823425,-0.444598034495984,-1.42991269894957,-0.869130914118606,-0.799233124164901,-0.940150205056253,-0.477833002749308,-1.48122585075984,-0.414352476826801,-0.867875810443468,1.77281991821715,-0.618950848071241,-0.430499440370047,-0.796259557655844,-0.77458771809739,-0.493593930889384,-0.96499962340129,-0.558555906049502,-0.598213055580144,-0.710284973869927,-0.614764475187905,-1.02475515984666,-1.13688436302446,-1.10386469962424,-0.747997090271536,-1.01074181138039,-0.566010699037032,-0.603032598624489,-0.730318235371536,-0.598204255115836,-0.71157305436993,-0.606204342383374,-0.63129034137311,-0.386808567195655,-0.473937637058681,-0.291807735683451,-0.675677485964019,-0.799036810595303,-0.764417769029699,-0.735411990123146,-0.858462959667144,-0.889325548542612,-1.13280417093144,-0.388200013230897,-0.672522450531549,-0.689569785356508,-1.15140774083531,-0.538722496195877,-0.7995406586986,-0.574547412051676,-0.819944378140991,-0.380430093207073,-0.0532535683111733,-0.895298276157752,-0.543996565944918,-0.760805550465173,-1.21080455522408,-0.653697914574418,-0.658091677882378,-0.719112826150793,-1.08773769552895,-0.814187642569382,-0.775032802607551,-0.580755287411444,-0.836916634773705,0.436984429330243,-0.740417895485083,-0.591226315601407,-0.517699977761507,-0.508516510850491,-0.839734362004915,-0.521979735973987,-0.61052131080658,-0.545495229195593,-0.524254694445744,-0.831984299900153,-0.745395082740569,-0.719523549783808,-0.588297561945064,-1.14485071477297,-0.85534945010494,-0.794015296702858,-1.42834670580536,-0.788184218742662,-0.495614760728454,-1.18836044397162,-0.0960431488746955,0.0702283245801484,-0.677053451143998,0.564520661864846,0.319025088593786,-0.598637045425795,-0.757800053491713,1.49997073657396,-0.55321502257966,-1.1319511214443,-0.392786433490695,-0.761647247973245,-0.998362605765605,-0.485816253127067,-1.26637581039537,-0.847748388510819,-0.608508425207776,-0.616708057714315,-0.682642890579754,-0.716476224852673,-0.609571261310305,-0.99456836848483,1.26272152293382,-0.527848653802147,-0.581450107692442,-0.623221682356157,-1.20018020382272,-0.456566211138298,-1.93032179154566,-1.46393408399269,-0.781460697748757,-0.441282341989839,-1.20266300647864,-0.693610145686299,-0.27773392629903,-0.569755773406841,1.15370572766675,-0.773643467427534,-0.837555726474759,-0.909848144967057,0.27994024165122,-0.384272493327475,-0.777454081363004,-0.147088910374159,-0.911558242630226,-0.67319351540593,-0.620494342313918,-0.601887066668739,-0.600466657719567,-0.969725385594821,-0.801990344833773,-0.69871053666764,-0.855651382052597,-1.13130195465131,-1.13339019479525,-1.28231301938416,-0.571646636129868,0.315970303308913,-0.777414105828957,-0.877809728241419,-0.963894975231911,-0.367490929903791,-1.00723720358106,-0.573648085257991,-0.905751916506873,-0.548246753341323,-1.17376531728267,-0.74633402219577,-0.77689632987442,-0.513527807859149,-0.410458854850929,-0.702854463496712,-0.376085254966847,-0.65323427697639,-0.0266118537375573,-0.487170846083124,-0.605815007708669,-0.838746468088768,-0.512995918425756,-0.6002692007909,-0.494007793907488,-0.829580232182152,-1.18723863498533,-0.682378934286747,-0.597600263298091,-0.561688757941423,-0.775810477487309,-0.505226462944271,-0.914483551563009,-0.755650546229756,-0.800938882071613,-0.923820668091811,-0.543856568710744,-0.799784033987206,-1.58356740183288,-0.547914033241979,-0.69252288453592,-0.518860584787243,-0.718638772768277,-0.574522884957265,-0.766028616235394,-0.783162489495666,-0.566224935388611,-0.60068195999903,-0.675382976552414,-0.653790722557568,-0.653851689833047,-0.569897592314005,-0.685835715519622,-0.647904522193843,-0.664556936026652,-0.569034714136114,-0.507817813873977,-0.536494698185429,0.361261687277171,-0.585376536065427,-0.622528035985135,-0.454210725594474,-0.564900394388196,-0.574696478706447,-1.57250043000024,-0.785105315526192,-0.540641423031425,-0.665426753584578,-0.539307094691963,-0.348425147702436,-0.498591251333388,-0.523080667456721,-0.831156261607636,-0.622281704570721,-0.782401068500164,-0.789447035739829,-0.557501763870755,-0.505778909237946,-0.624275977269652,-0.743774131603622,-0.743846574768942,0.0194539119479012,-0.397363968993432,-0.922357934814868,-1.07695751091064,-1.14934390124832,-1.14684228042207,-0.625888537038413,-0.641289533744246,-0.56888790075037,-0.680264025007797,-0.470465254505972,-0.726381607522248,-0.604395814203172,-0.64437704550372,-0.609921532378848,-0.619881066592517,-0.61712009938149,-0.363912718313512,-0.421387307249072,-1.17341703581759,-0.530264405273805,-0.270086106611238,-0.569578522132877,-0.436105875668738,-0.631759280520507,-0.406700539566019,-0.673273035311341,-0.565998932195026,-0.685817859793634,-0.730817206313231,-0.520238954117215,-0.713193758009176,-0.991190188200663,-0.344789866784545,-0.495183843341153,-0.939394475450667,-0.74095518162433,-0.726611845001168,-0.553693741254614,-0.612887431730709,-0.536600271805562,-0.606291521024171,-0.553901067919841,-0.479383335875246,-0.621606511720135,-0.974570951392448,-0.48805352537329,-0.419703380604176,-0.543434400240448,-0.767155531633286,-0.617518100327603,-0.563722602978791,-0.524092166767868,-0.469274127030998,-0.71456688213729,-0.796606268568196,-0.598331963886002,-0.491698944574237,-0.703895512265653,-0.996236353778111,-0.683218747620856,-0.813165332182298,-0.94583725016588,-0.472351838475484,-0.494377357867234,-0.975604745971856,-0.766724197739351,-0.823990033085211,-0.926108184691356,-0.558717666256494,-0.379161949641383,-0.334968106303068,-0.462591271963689,-0.614835278634353,-0.623039723737013,-0.812575895131137,-0.441748500440315,0.195250174117255,-0.515370748508433,-1.2541307915187,-0.750713194799017,-0.807101569604255,-0.557916730587529,-1.05244496011756,-0.575643008354943,-0.61899979002849,-0.46950194156598,-0.567597101091729,-0.623788878529261,-0.67680156571333,-0.514869524021752,-0.440109756196063,-0.797330693575754,-0.628134209307874,-1.11711648863016,0.0893959821108673,-0.559609290515974,-0.575080500923803,-0.624478446322977,-0.72921406656607,-0.465167799440612,-0.735980601657659,-0.870570227459186,-0.978836790500469,-0.528878550032712,-0.442246094950301,-0.590310521918287,-0.597626308220176,-0.535005976446535,-1.25962120605336,-0.86340182998155,-0.882104756219481,-0.599446075410806,1.52759913252807,"Breast"
"MGH-BrCa-H-59",-0.555592417576326,-0.665330012844802,-0.874316134855906,-1.03790453368905,-1.40910500646145,-1.61692665523069,-0.489483674713921,-1.43875476334842,2.14590049632931,-0.587392633752342,-0.5360100599205,-0.427166054873635,-0.642142611977996,-0.906954785415906,-0.522805082503363,-1.16665646400082,-0.57729235363827,-0.951756607893985,-0.496697729346053,-0.533225338772386,-0.892044314129933,-0.756759621065685,-0.72953949609161,-1.10737391109703,-1.18728595031787,-0.654258550591912,-0.671018873252328,-0.886090803404096,-0.59994073973799,-0.572265270403078,-0.449126948447106,-0.823525490657949,-0.308177421305737,-0.309529644846314,-0.882584745601539,-0.964466112786827,-0.497006264132812,-0.559309350558077,-0.00177266364295037,-0.97766678067334,-1.31380191096635,-0.985369683958035,-1.07616298942653,-0.536928301917431,-0.535926408238852,-0.847708316306573,-0.800523516316676,-0.684422976084699,-0.894666522630992,0.421819766894745,-0.804466674495576,-0.722133608031586,-1.00553084851786,-1.06642129487193,1.35285399802711,-0.374389587264773,-0.457301332060047,2.37440912742882,-0.535578881140264,-1.23558207417991,-0.940150463465516,2.86920796852026,-0.78169417422122,-0.361091310062088,-0.742272368002153,-0.597562997079172,0.187097507110117,-1.41989396139844,-0.728654674579143,-1.11320966466661,-0.890457490909887,-0.950184227790595,-0.62582241159886,-0.811355606421236,-0.594144064245794,-0.427209662751993,-0.884442638278434,-0.726511286645635,-0.518709942838152,0.92771120226805,-0.824570369406007,-0.472497315307328,0.600740294195418,-0.572367111065056,-0.632421218362915,-0.539991255188735,-0.729222797826837,-0.510050775686776,-0.56503564513667,-1.15438649345439,-1.06249646629166,2.25970333236139,-0.439395440768505,-0.806924516606813,-0.824109659368058,-0.386236372075434,-0.370292957722169,-0.652696741503466,-0.580182792717566,-0.893144250525708,-0.504580611844278,-0.946777991831266,-1.00272583549808,0.783363818495916,-0.908370117980451,-0.612012511430763,-0.949267944187187,-0.153972236434102,-0.877494153250386,-1.16329464966875,-0.699577466702064,0.512624828684537,-0.213378108135608,-0.592394335996418,-0.563564816816346,-0.852561903334732,-0.415332247460931,-1.15053595143586,-0.556437840594048,-0.749289324826282,-0.864139486256635,-1.27839469908618,-0.434538970011261,-0.540935274554197,-1.33738969127492,-0.466481924852692,-1.07767110647549,-0.71314737154191,-0.467269611423203,-0.781783811545767,-0.612032059829267,-0.42618686188652,-0.515214523200561,-0.563237817945086,-0.652232400369068,-0.433250890230484,0.126015731307058,1.3379878117063,-0.96051637736292,-0.622774284236347,-0.932588388703025,-0.521167552986871,-1.52198170189138,-0.74594206276323,-0.922939115191811,-1.11633127205757,-0.680795110743151,-0.630959826187288,0.908072495437926,-0.360394763248112,-1.12185750843372,-0.318553563221409,-0.544945209809633,-1.45479463840887,-1.12931857316399,-0.946374554527438,-0.803191037428762,-1.15278844781279,-0.881133953461138,-0.938055876675319,-1.18738458930157,-1.23041210025291,-0.797373187578022,-1.16230080545647,-1.47320437666668,-0.440422043770802,-0.832999110597407,-0.533884030225674,-0.866575554810563,-0.517026089783175,-0.717586015732752,-1.01100613021998,-1.19702951435578,-1.02331441862592,-0.529739447900487,-0.991195534761472,-0.484444351416916,-0.724735509236815,-1.57512717781599,-0.399898634726296,-0.465400568692601,-0.659554194522494,2.64330055053872,-0.59156966366512,-0.686166850667112,-0.567826653865324,-0.388287405092906,-1.49053808632399,-0.547273332987266,-0.551980064673498,-0.836461434415258,-0.697113880119278,-0.954138085945745,-1.40612809978125,-1.40262737525528,-0.872091461738152,-0.889556386155257,-0.938444320238906,-0.654078746223719,-0.578418903939853,-0.440845057560506,-0.402800957411009,-1.27366017213239,-0.574567391161672,-1.75108208490588,-1.03292766190848,-0.660262121385938,-0.784182116331742,-1.33950734716597,-1.07295113119153,-0.490191614502914,-0.724722993416231,-0.387458469999575,-0.67265289501153,-1.24706496093846,-1.49858573859642,-0.749562816960677,-0.447662374457535,-0.826299878399175,-0.721727210801833,-0.876317725753786,-0.875446007171464,-0.969552848986112,1.32182037721947,2.18600968766409,-0.657239406583379,-0.739571250856207,-0.769269638931583,-0.547342081550196,-0.66549608966086,-0.400497512029309,-1.14249620539612,-0.961280804736148,-0.802317558831034,-0.431584442518366,-1.3076438001904,-0.631943764721935,-0.579507915169398,-0.620100662679788,-0.503796517211337,-1.0770163128063,-1.02984446404236,-0.939825400487642,-1.67817441199401,-0.557349591175902,-1.1375069142073,-1.56790518709751,-0.670603752641226,-0.362836635108256,-1.630462387213,-0.902564283763228,-1.0669610666387,-1.35873215774737,-0.680703938055349,-0.679399709028993,-0.798624539569438,-0.58636397201414,-0.590419110099479,-0.479183249951239,2.28266196684965,-0.654451544220782,-0.755865250545603,-0.942110585579901,-0.873831727472401,-1.09491872168078,-0.453520463080941,-0.475498315316322,-0.902316908801359,2.80559229000046,-1.00035456820405,-0.605022983692602,-0.915536831645335,-1.08443220697467,-1.52152170269417,-0.704852117823712,-0.657270497541832,-0.49858944200454,-0.495454091056586,-0.625430816380737,-0.419839307586847,-0.73139551936346,-0.618696368735234,-0.513248218781385,-0.586212932084341,-0.418816240327903,-0.637586357654596,-0.419171849570317,-1.10378034554778,-0.504768109875833,-0.503708930529297,-1.19847869296447,-0.924514780586802,-1.28931703069017,-0.813303292440974,-0.793665704950216,-0.816725390488356,-0.404812961836128,-0.831170933594364,-0.800640494297979,-1.00352564046401,-0.763076391897337,-1.42603282070303,-0.60699609384901,-0.943549081967018,-0.972280070282039,-0.923566729405713,-0.492093429498443,-1.12976969199847,-0.356127764920938,-0.426152405790388,-1.21479747878706,-0.826222229547082,-0.627488378610812,-0.429499750025505,-0.464375891526999,-0.886517603314692,-1.06964048874916,-0.455236351660987,-0.742946755276486,-0.582032151080456,-1.18959503173864,-0.755829565716357,-1.41625945874523,-1.56799886993584,-0.796526001879866,-0.708710560777974,-1.12086668854464,-0.79167821863407,-0.809608919621213,-0.965937838928799,-0.504623527225731,-0.863563219649252,-0.637757024902539,-0.680117437351813,-0.466764426657629,1.21811207711616,-0.561253030076281,-0.883773155823425,-0.444598034495984,-0.398375856422569,-0.869130914118606,-0.799233124164901,-0.940150205056253,-0.477833002749308,-1.48122585075984,-0.414352476826801,-0.867875810443468,-0.747265772882252,-0.618950848071241,-0.430499440370047,-0.796259557655844,-0.77458771809739,-0.493593930889384,-0.96499962340129,-0.558555906049502,-0.598213055580144,-0.710284973869927,-0.614764475187905,-1.65637907149149,-1.13688436302446,-1.10386469962424,-0.747997090271536,-1.01074181138039,-0.566010699037032,-0.603032598624489,-0.730318235371536,-0.598204255115836,-0.71157305436993,-0.606204342383374,-0.63129034137311,-0.386808567195655,-0.473937637058681,-0.525306646079895,-0.675677485964019,-0.799036810595303,-0.764417769029699,-0.735411990123146,-0.858462959667144,-0.889325548542612,-1.13280417093144,-0.388200013230897,-0.672522450531549,1.23319111878136,-1.15140774083531,-0.538722496195877,-0.7995406586986,-0.574547412051676,-0.819944378140991,-0.380430093207073,-0.834709508043328,-0.895298276157752,-0.543996565944918,1.2206639261477,-1.21080455522408,-0.653697914574418,-0.658091677882378,-0.719112826150793,-1.08773769552895,-0.814187642569382,-0.775032802607551,-0.580755287411444,-0.836916634773705,-0.689391508662824,-0.740417895485083,-0.591226315601407,-0.517699977761507,-0.508516510850491,-0.839734362004915,-0.521979735973987,-0.61052131080658,-0.545495229195593,-0.524254694445744,-0.831984299900153,-0.745395082740569,-0.719523549783808,-0.588297561945064,-1.14485071477297,-0.85534945010494,-0.794015296702858,-1.42834670580536,-0.788184218742662,-0.495614760728454,-1.18836044397162,-1.05758031450463,1.11027444241562,-0.677053451143998,-0.593681714206644,-0.792912836073741,-0.598637045425795,-0.757800053491713,-0.694758292889573,-0.55321502257966,-1.1319511214443,-0.392786433490695,-0.761647247973245,-0.998362605765605,-0.485816253127067,-0.353817861680039,-0.847748388510819,-0.608508425207776,-0.616708057714315,-0.682642890579754,-0.716476224852673,-0.609571261310305,-0.99456836848483,-0.4791466881953,-0.527848653802147,-0.581450107692442,-0.623221682356157,-1.18666462914953,-0.456566211138298,-0.90411158962916,-0.507225513207437,-0.781460697748757,-0.441282341989839,-1.20266300647864,-0.693610145686299,-0.557433865761662,-0.569755773406841,-0.969526788505132,-0.773643467427534,-0.837555726474759,-0.909848144967057,-0.785445256160296,-0.384272493327475,-0.777454081363004,-1.21732527311908,-0.911558242630226,-0.67319351540593,-0.620494342313918,-0.601887066668739,-0.600466657719567,-0.969725385594821,-0.868126304260169,-0.69871053666764,0.884847853793485,-1.13130195465131,-1.13339019479525,-1.28231301938416,-0.571646636129868,-0.71593825275176,-0.777414105828957,-0.877809728241419,-0.963894975231911,-0.367490929903791,-1.00723720358106,-0.573648085257991,-0.905751916506873,-0.548246753341323,-0.102327912300667,-0.74633402219577,-0.77689632987442,-0.513527807859149,-0.410458854850929,-0.702854463496712,-0.376085254966847,-0.65323427697639,-0.751527203204582,-0.487170846083124,-0.605815007708669,-0.838746468088768,-0.512995918425756,-0.6002692007909,-0.494007793907488,-0.829580232182152,-1.18723863498533,-0.682378934286747,-0.597600263298091,-0.561688757941423,-0.775810477487309,-0.505226462944271,-0.914483551563009,-0.755650546229756,-0.800938882071613,-0.923820668091811,-0.543856568710744,-0.799784033987206,-1.92188418242856,-0.547914033241979,-0.69252288453592,-0.518860584787243,-0.718638772768277,-0.574522884957265,-0.766028616235394,-0.783162489495666,-0.566224935388611,-0.60068195999903,-0.675382976552414,-0.653790722557568,-0.653851689833047,-0.569897592314005,-0.685835715519622,-0.647904522193843,-0.664556936026652,-0.569034714136114,-0.507817813873977,-0.536494698185429,-0.768897864954003,-0.585376536065427,-0.622528035985135,-0.454210725594474,-0.564900394388196,-0.574696478706447,-1.57250043000024,-0.785105315526192,-0.540641423031425,-0.665426753584578,-0.539307094691963,-0.348425147702436,-0.498591251333388,-0.523080667456721,-0.831156261607636,-0.622281704570721,-0.782401068500164,-0.789447035739829,-0.557501763870755,-0.505778909237946,-0.624275977269652,-0.743774131603622,-0.743846574768942,-0.846638841230125,-0.397363968993432,-0.922357934814868,0.257152984196755,-1.14934390124832,-1.14684228042207,-0.625888537038413,-0.641289533744246,-0.56888790075037,-0.680264025007797,-0.470465254505972,-0.726381607522248,-0.604395814203172,-0.64437704550372,-0.609921532378848,-0.619881066592517,-0.61712009938149,-0.363912718313512,-0.421387307249072,-1.83619677068091,-0.530264405273805,-0.73145250418656,-0.569578522132877,-0.436105875668738,-0.631759280520507,-0.406700539566019,-0.673273035311341,-0.565998932195026,-0.685817859793634,-0.730817206313231,-0.520238954117215,-0.713193758009176,-0.991190188200663,-0.344789866784545,-0.495183843341153,-0.939394475450667,-0.74095518162433,-0.726611845001168,-0.553693741254614,-0.612887431730709,-0.536600271805562,-0.606291521024171,-0.553901067919841,-0.479383335875246,-0.621606511720135,-0.974570951392448,-0.48805352537329,-0.865980025698746,-0.543434400240448,-0.767155531633286,-0.617518100327603,-0.563722602978791,-0.524092166767868,-0.469274127030998,-0.71456688213729,-0.796606268568196,-0.598331963886002,-0.491698944574237,-0.703895512265653,-0.445461691336774,-0.683218747620856,-0.813165332182298,-0.94583725016588,-0.472351838475484,-0.494377357867234,-0.975604745971856,-0.766724197739351,-0.823990033085211,-0.926108184691356,-0.558717666256494,-0.379161949641383,-1.02737092254885,-1.70419157515665,-0.614835278634353,-0.623039723737013,-0.812575895131137,-0.441748500440315,-0.788012724473105,-0.515370748508433,-1.2541307915187,-0.750713194799017,-0.807101569604255,-0.557916730587529,0.100346733951533,-0.575643008354943,-0.61899979002849,-0.46950194156598,-0.567597101091729,-0.623788878529261,-0.67680156571333,-0.514869524021752,-0.440109756196063,-0.797330693575754,-0.628134209307874,-1.11711648863016,-0.864582352823089,-0.559609290515974,-0.575080500923803,-0.624478446322977,-0.72921406656607,-0.465167799440612,-0.735980601657659,-0.870570227459186,-0.978836790500469,-0.528878550032712,-0.442246094950301,-0.590310521918287,-0.597626308220176,-0.535005976446535,-0.81036293132134,-0.86340182998155,-0.882104756219481,-0.599446075410806,-0.518950740640203,"Breast"
"MGH-BrCa-H63-TR-491",-0.555592417576326,-0.665330012844802,-0.874316134855906,-1.03790453368905,-1.40910500646145,-0.142144762993154,-0.489483674713921,-0.796394553895742,1.94108866568354,-0.587392633752342,-0.219003750108756,-0.427166054873635,-0.642142611977996,-0.36554005366665,-0.522805082503363,-0.935709380003778,-0.57729235363827,-0.951756607893985,-0.496697729346053,-0.533225338772386,-0.892044314129933,-0.756759621065685,-0.72953949609161,-1.10737391109703,-1.18728595031787,-1.02800995120906,-0.671018873252328,-0.228211882543224,0.964738142186389,-0.572265270403078,-0.449126948447106,-0.823525490657949,-0.632668323645887,-0.309529644846314,-0.430396604257108,0.581202709078867,-0.497006264132812,-0.559309350558077,-0.718400747411095,-0.97766678067334,-1.31380191096635,-0.985369683958035,-1.07616298942653,-0.536928301917431,-0.535926408238852,-0.986835802717287,-0.800523516316676,-0.684422976084699,-0.0416322516021618,-0.757778983174664,0.304832494160779,-0.722133608031586,-1.00553084851786,-0.296290825539494,0.464043829025682,-0.374389587264773,2.10649432551935,-0.488378971130679,-0.535578881140264,-0.0761641876262447,-0.940150463465516,1.86334169126281,-0.78169417422122,-0.361091310062088,-0.742272368002153,0.438235624253353,-1.01277899053072,-0.692005654957679,-1.52931067094053,-0.579863115428098,-0.890457490909887,-0.503423380317323,-0.62582241159886,-0.811355606421236,-0.594144064245794,-0.427209662751993,-0.884442638278434,-0.726511286645635,-0.518709942838152,-0.310167173709315,-0.824570369406007,1.58482303588554,-0.956784244669875,-0.572367111065056,-0.632421218362915,-0.539991255188735,-0.729222797826837,-0.510050775686776,-0.56503564513667,-0.534878589687704,0.684732931213279,0.672830537067679,0.753920899123541,-0.806924516606813,-0.824109659368058,-0.386236372075434,-0.370292957722169,-0.652696741503466,-0.580182792717566,0.0500677097308785,-0.504580611844278,-0.946777991831266,-0.447442421803813,-0.824988666868521,-0.908370117980451,-0.612012511430763,-0.0426772431599582,-1.33763649198065,-0.877494153250386,-0.423930134538938,-0.699577466702064,-0.848866007382096,-0.371950393617508,-0.592394335996418,-0.563564816816346,-0.852561903334732,-0.415332247460931,-1.15053595143586,-0.556437840594048,-0.749289324826282,0.139902320458065,-1.27839469908618,-0.434538970011261,-0.540935274554197,-0.51282460155715,-0.466481924852692,-0.223922491622957,-0.71314737154191,-0.467269611423203,-0.781783811545767,-0.612032059829267,0.507868278655186,-0.11344570429083,-0.563237817945086,-0.652232400369068,-0.433250890230484,-1.24113329272812,-0.628682208598634,-0.96051637736292,-0.622774284236347,-1.35968727698462,-0.521167552986871,-0.475773457402258,-0.74594206276323,-0.22169831297351,-0.5803682063455,-0.680795110743151,-0.630959826187288,-0.445041103063912,-0.360394763248112,-0.586552517356227,-0.538732661622685,-0.544945209809633,-0.759187352641483,-1.12931857316399,-0.145571269949609,-0.803191037428762,-0.290901464645895,-0.881133953461138,-0.938055876675319,-0.283570285101207,-0.863112659204448,-0.797373187578022,-1.16230080545647,-0.579071591655422,-0.440422043770802,-0.832999110597407,-0.533884030225674,-0.866575554810563,-0.517026089783175,-0.717586015732752,0.155152262377423,-0.305947822778602,-0.404172625885202,-0.529739447900487,-0.991195534761472,-0.484444351416916,-0.724735509236815,-1.13952644704925,-0.399898634726296,-0.465400568692601,-0.659554194522494,1.67302442372592,-0.59156966366512,-0.686166850667112,-0.567826653865324,-0.388287405092906,-0.0726022307156835,-0.547273332987266,-0.551980064673498,-0.836461434415258,-0.697113880119278,-0.954138085945745,-0.781852613054967,-1.0253391493661,-0.872091461738152,-0.889556386155257,-0.938444320238906,-0.654078746223719,1.33952721786701,-0.440845057560506,-0.402800957411009,-1.27366017213239,-0.574567391161672,-0.955508566025847,-1.03292766190848,-0.660262121385938,-0.784182116331742,-1.33950734716597,-0.382304149040808,-0.490191614502914,-0.724722993416231,-0.387458469999575,-0.67265289501153,-1.24706496093846,-0.575923074559491,-0.749562816960677,-0.712928823393353,-0.826299878399175,-0.721727210801833,-0.876317725753786,-0.875446007171464,0.289282356407037,-0.752576497540583,-0.774127007600307,-0.657239406583379,-0.739571250856207,-0.769269638931583,-0.547342081550196,-0.66549608966086,-0.400497512029309,-1.10846555497588,-0.0566986748988932,0.310001351684054,-0.431584442518366,0.395865601212567,-0.631943764721935,-0.579507915169398,-0.620100662679788,-0.503796517211337,-0.284228458517602,-1.02984446404236,-0.939825400487642,-0.679439205966234,-0.557349591175902,-0.391604035721409,-0.388965365311436,-0.670603752641226,-0.362836635108256,-0.983806194009315,-0.902564283763228,-0.0823562593289211,-0.767356495516221,-0.680703938055349,-0.679399709028993,0.331305828701932,-0.58636397201414,-0.590419110099479,-0.479183249951239,2.18657236363909,-0.654451544220782,-0.755865250545603,-0.942110585579901,0.272931219794969,-1.09491872168078,-0.453520463080941,-0.475498315316322,0.14576376235089,-0.632054548348183,-1.00035456820405,0.0509355489350339,-0.915536831645335,-0.465425772129899,-0.880877565846502,-0.704852117823712,-0.657270497541832,-0.49858944200454,-0.495454091056586,-0.625430816380737,1.39943638378587,-0.73139551936346,-0.618696368735234,-0.513248218781385,-0.586212932084341,-0.418816240327903,-0.637586357654596,-0.419171849570317,0.237588994416118,-0.504768109875833,0.680146899185654,-0.426135579698004,-0.311044970588753,-0.873045274282514,-0.813303292440974,-0.793665704950216,-0.252128375727776,-0.404812961836128,0.631091322605851,-0.800640494297979,0.151106022822303,-0.763076391897337,-0.2462010998503,-0.60699609384901,-0.943549081967018,0.396608933327863,-0.923566729405713,-0.492093429498443,-0.456911271942157,-0.356127764920938,-0.426152405790388,0.0912687723558866,-0.826222229547082,-0.627488378610812,-0.429499750025505,-0.464375891526999,-0.886517603314692,-1.06964048874916,1.35752281739652,-0.742946755276486,-0.582032151080456,-0.530972121525328,-0.755829565716357,-1.41625945874523,-0.365661635542167,-0.796526001879866,-0.708710560777974,-0.610390194303629,0.857322114993204,-0.809608919621213,-0.965937838928799,-0.504623527225731,-0.863563219649252,-0.146362717667122,-0.680117437351813,-0.466764426657629,-0.184273763478576,-0.561253030076281,-0.0106636915259335,-0.444598034495984,-0.755235945102666,0.187467530417033,-0.799233124164901,-0.247268667013857,-0.477833002749308,-0.350796146910454,-0.414352476826801,0.664549795634994,-0.747265772882252,-0.618950848071241,-0.430499440370047,-0.796259557655844,-0.77458771809739,-0.493593930889384,-0.176774546183439,0.905997858109095,-0.598213055580144,-0.710284973869927,0.0269699243012525,-0.713703410984519,-1.13688436302446,-1.10386469962424,-0.0987693454094823,-1.01074181138039,-0.566010699037032,-0.603032598624489,0.783374281574824,-0.598204255115836,0.31844396183815,-0.606204342383374,-0.63129034137311,-0.386808567195655,-0.473937637058681,-0.799524928172922,-0.675677485964019,-0.799036810595303,-0.764417769029699,0.991409869658724,-0.858462959667144,-0.889325548542612,0.194495358856715,-0.388200013230897,-0.672522450531549,-0.689569785356508,-1.15140774083531,-0.538722496195877,-0.7995406586986,-0.574547412051676,0.455996689229302,-0.380430093207073,-0.834709508043328,-0.0616002907001229,-0.543996565944918,-0.760805550465173,-0.594640682064128,-0.653697914574418,-0.658091677882378,-0.719112826150793,-0.0418307103605944,0.0733997544139634,-0.775032802607551,-0.580755287411444,-0.836916634773705,-0.689391508662824,-0.740417895485083,-0.591226315601407,-0.517699977761507,-0.508516510850491,-0.839734362004915,-0.521979735973987,-0.61052131080658,-0.545495229195593,-0.524254694445744,-0.831984299900153,-0.745395082740569,-0.719523549783808,-0.588297561945064,-0.466807590885091,-0.85534945010494,-0.794015296702858,-0.508321963921152,-0.788184218742662,-0.495614760728454,-0.664817448407752,-0.323213455084535,-0.523473924394028,-0.677053451143998,-0.593681714206644,-0.792912836073741,-0.598637045425795,-0.757800053491713,-0.694758292889573,-0.55321502257966,-0.287206404787925,-0.392786433490695,-0.761647247973245,-0.998362605765605,-0.485816253127067,-0.427557995624085,-0.072379495312733,-0.608508425207776,-0.616708057714315,-0.682642890579754,0.160734817486031,-0.609571261310305,-0.093983268862845,-0.4791466881953,-0.527848653802147,-0.581450107692442,0.0523067687223005,-1.11883738387608,-0.456566211138298,-1.25384448225833,-0.659492896368166,-0.151586480339678,-0.441282341989839,-0.0162750453117632,-0.693610145686299,-0.695179013609365,-0.569755773406841,-0.969526788505132,-0.773643467427534,-0.837555726474759,-0.11871367104049,0.0282349946566264,-0.384272493327475,-0.777454081363004,-1.21732527311908,-0.911558242630226,-0.67319351540593,1.30632145297652,-0.601887066668739,1.26218321455086,0.095670130700324,-1.11005523215616,-0.445448065858908,-0.855651382052597,-0.174918469293502,-0.41631091865997,-0.578018875022392,-0.571646636129868,-0.71593825275176,-0.777414105828957,-0.877809728241419,-0.32098965932582,-0.367490929903791,-1.00723720358106,-0.573648085257991,-0.905751916506873,-0.548246753341323,-0.472991597390558,-0.74633402219577,-0.77689632987442,-0.513527807859149,-0.410458854850929,-0.702854463496712,-0.376085254966847,-0.65323427697639,-0.751527203204582,-0.487170846083124,-0.605815007708669,-0.838746468088768,-0.512995918425756,-0.6002692007909,-0.494007793907488,-0.829580232182152,-0.708728246851613,-0.682378934286747,-0.597600263298091,0.496607445038642,-0.775810477487309,-0.505226462944271,-0.914483551563009,-0.755650546229756,-0.0655379738344146,-0.923820668091811,-0.543856568710744,-0.799784033987206,-0.779290663025865,-0.547914033241979,-0.69252288453592,-0.518860584787243,0.455781435469939,-0.574522884957265,-0.766028616235394,-0.783162489495666,-0.566224935388611,-0.60068195999903,-0.675382976552414,-0.653790722557568,0.104246390700813,-0.569897592314005,-0.685835715519622,-0.647904522193843,-0.664556936026652,-0.569034714136114,-0.507817813873977,-0.536494698185429,0.0942530882095178,-0.585376536065427,-0.622528035985135,-0.454210725594474,-0.564900394388196,-0.574696478706447,-0.575442929374358,-0.785105315526192,-0.540641423031425,-0.665426753584578,-0.539307094691963,-0.348425147702436,-0.498591251333388,-0.523080667456721,-0.831156261607636,-0.622281704570721,-0.782401068500164,-0.789447035739829,-0.557501763870755,-0.505778909237946,-0.624275977269652,-0.743774131603622,1.6319274388126,-0.461960083918752,-0.397363968993432,-0.922357934814868,-1.07695751091064,-0.257310938589859,-0.608337431173517,-0.625888537038413,-0.641289533744246,-0.56888790075037,-0.680264025007797,-0.470465254505972,0.766658949142813,-0.604395814203172,-0.64437704550372,-0.609921532378848,-0.619881066592517,-0.61712009938149,-0.363912718313512,-0.421387307249072,-1.01989364593391,-0.530264405273805,-0.73145250418656,-0.569578522132877,-0.436105875668738,-0.631759280520507,-0.406700539566019,0.325474934334925,-0.565998932195026,-0.685817859793634,1.03206293878222,-0.0232808642120062,-0.713193758009176,-0.991190188200663,-0.344789866784545,-0.495183843341153,-0.352431211307502,-0.74095518162433,-0.726611845001168,-0.553693741254614,-0.612887431730709,-0.536600271805562,-0.606291521024171,-0.553901067919841,-0.479383335875246,-0.621606511720135,-0.974570951392448,-0.48805352537329,-0.525139556910492,-0.543434400240448,-0.767155531633286,-0.617518100327603,-0.563722602978791,-0.524092166767868,-0.469274127030998,-0.71456688213729,-0.796606268568196,-0.598331963886002,-0.491698944574237,-0.703895512265653,-1.53945026252568,-0.683218747620856,-0.813165332182298,-0.188160768185123,-0.472351838475484,-0.494377357867234,-0.975604745971856,-0.766724197739351,-0.823990033085211,-0.926108184691356,-0.558717666256494,-0.379161949641383,-0.115335445731685,-0.603574434307194,-0.614835278634353,-0.623039723737013,-0.812575895131137,-0.441748500440315,-0.788012724473105,-0.515370748508433,-0.561881313639728,-0.750713194799017,-0.807101569604255,-0.557916730587529,-1.05244496011756,-0.575643008354943,-0.61899979002849,-0.46950194156598,-0.567597101091729,-0.623788878529261,-0.67680156571333,-0.514869524021752,-0.440109756196063,-0.0062071014247063,-0.628134209307874,-1.11711648863016,-0.864582352823089,-0.559609290515974,-0.575080500923803,-0.624478446322977,-0.72921406656607,-0.465167799440612,-0.735980601657659,-0.870570227459186,-0.0984704230228841,-0.528878550032712,-0.442246094950301,-0.590310521918287,-0.597626308220176,-0.535005976446535,-0.704228913731144,-0.86340182998155,-0.882104756219481,-0.599446075410806,2.07954450217629,"Breast"
"MGH-BrCa-H-66",-0.555592417576326,-0.665330012844802,-0.874316134855906,-1.03790453368905,-0.117090770103735,-0.420509832173081,-0.489483674713921,-0.363037666766677,1.99279970581611,-0.587392633752342,-0.5360100599205,-0.427166054873635,-0.642142611977996,0.147387779320998,-0.522805082503363,-1.16665646400082,-0.57729235363827,-0.128071755623842,-0.496697729346053,-0.533225338772386,-0.892044314129933,0.867084991666207,0.322941461586003,-1.10737391109703,0.278952127909872,-0.733954787984996,-0.671018873252328,0.0235038986613591,-0.59994073973799,-0.572265270403078,-0.449126948447106,-0.823525490657949,-1.24614815954864,2.00198818149409,-0.2176865021154,-0.0827753413032191,-0.497006264132812,-0.559309350558077,0.199424248912574,-0.295779762459247,-0.456781376922275,-0.985369683958035,1.27424083441208,-0.536928301917431,-0.535926408238852,-0.746258897823824,0.141299558201501,-0.684422976084699,1.22858979615984,-0.757778983174664,0.605505165872846,-0.722133608031586,-0.0607899234835028,-0.145831148176282,-0.559247717928647,-0.374389587264773,-0.457301332060047,-0.488378971130679,-0.535578881140264,-1.23558207417991,-0.174481247983167,-0.466862369479199,-0.78169417422122,-0.361091310062088,2.15400900988809,-0.597562997079172,0.371894224581026,0.353623368603934,0.370551400274079,-0.14469801671958,-0.890457490909887,-0.950184227790595,0.908693520230385,0.772263063201978,-0.594144064245794,-0.427209662751993,-0.884442638278434,-0.726511286645635,-0.518709942838152,0.609689033686394,-0.824570369406007,-0.472497315307328,-0.067986725073218,-0.572367111065056,-0.632421218362915,-0.539991255188735,-0.729222797826837,-0.510050775686776,-0.56503564513667,0.16270643606316,0.406862410931885,0.597964207172611,-0.439395440768505,0.0972354538482065,-0.824109659368058,-0.386236372075434,-0.370292957722169,-0.652696741503466,-0.580182792717566,0.117416721725368,-0.504580611844278,-0.946777991831266,0.0723981724148599,-0.824988666868521,0.159228850600105,-0.612012511430763,-0.949267944187187,-0.241144323670098,0.197974608938293,0.561165065013717,0.411222827202344,-0.134991679922241,-0.473905909272867,-0.592394335996418,-0.563564816816346,-0.852561903334732,-0.415332247460931,0.0677570948931125,0.719723778730151,-0.749289324826282,-0.864139486256635,-0.339869665653208,-0.434538970011261,-0.540935274554197,-1.33738969127492,-0.466481924852692,0.0168616247112093,-0.71314737154191,-0.467269611423203,-0.781783811545767,-0.612032059829267,-0.42618686188652,-0.515214523200561,-0.563237817945086,-0.652232400369068,-0.433250890230484,-0.727051040105032,-0.628682208598634,0.346146634757461,-0.622774284236347,-0.501984051363255,-0.521167552986871,-0.46422967936469,-0.74594206276323,-0.922939115191811,0.156871655177446,-0.680795110743151,-0.630959826187288,-0.445041103063912,-0.360394763248112,0.149782134678408,-0.149840100718605,2.01747766813201,-1.45479463840887,-1.12931857316399,-0.946374554527438,0.440159360062826,-0.308348115712872,0.500539255293959,-0.938055876675319,-1.18738458930157,-0.112710374895265,-0.797373187578022,-1.16230080545647,0.157287971782725,-0.440422043770802,-0.832999110597407,-0.533884030225674,-0.249858331593876,-0.517026089783175,-0.717586015732752,-0.0171553942207638,0.0281054492488608,-1.02331441862592,-0.529739447900487,0.0564432018786592,-0.484444351416916,-0.724735509236815,0.348360727666886,-0.399898634726296,1.04520920062249,-0.659554194522494,1.84878936336376,-0.59156966366512,0.0811098369380529,2.39961955314759,1.24727855825344,0.105351805974441,-0.547273332987266,-0.551980064673498,-0.836461434415258,-0.697113880119278,-0.0339867150112976,-0.854125757216233,-0.309689884593049,0.524676004866093,-0.889556386155257,-0.0221761383733074,-0.654078746223719,-0.578418903939853,-0.440845057560506,-0.402800957411009,-0.714949803946841,-0.574567391161672,-0.0310342181361661,-1.03292766190848,-0.660262121385938,-0.784182116331742,0.385288950408457,0.272003979534631,-0.490191614502914,0.367443547785451,-0.387458469999575,-0.67265289501153,-0.386681832007615,0.223164356180158,-0.749562816960677,0.167122828011415,0.230828849175615,-0.721727210801833,-0.876317725753786,1.25028132866958,1.49692826960229,-0.752576497540583,-0.774127007600307,-0.657239406583379,0.713107396594085,-0.769269638931583,-0.547342081550196,-0.66549608966086,-0.400497512029309,-0.48577049033924,0.287011721717165,0.0893959776904887,-0.431584442518366,-1.3076438001904,-0.631943764721935,-0.579507915169398,0.598220212894347,-0.503796517211337,-0.525449421438353,0.0630471244504795,-0.939825400487642,-0.668419241635597,-0.557349591175902,0.044183014995716,-0.167670190100765,-0.670603752641226,-0.362836635108256,-0.545345158304252,-0.902564283763228,-1.0669610666387,1.03195951950334,-0.680703938055349,-0.679399709028993,-0.798624539569438,-0.58636397201414,1.80581882577429,-0.479183249951239,1.77070733544599,-0.654451544220782,0.120655778887854,-0.942110585579901,-0.873831727472401,-0.0281730871711393,1.22887025015356,-0.475498315316322,-0.902316908801359,-0.632054548348183,-1.00035456820405,-0.605022983692602,-0.915536831645335,-1.08443220697467,-0.755715513475965,-0.704852117823712,0.454811592218677,-0.49858944200454,-0.495454091056586,-0.625430816380737,-0.419839307586847,-0.73139551936346,-0.618696368735234,-0.513248218781385,-0.586212932084341,-0.418816240327903,-0.637586357654596,-0.419171849570317,-1.10378034554778,-0.504768109875833,-0.503708930529297,-0.0548387049674625,-0.0763208784001495,-1.28931703069017,1.10663850705803,-0.793665704950216,-0.816725390488356,-0.404812961836128,0.258741285396361,-0.800640494297979,-0.462466695068071,0.997657621535548,0.172729369666512,-0.60699609384901,-0.943549081967018,0.295355934602161,-0.923566729405713,-0.492093429498443,-0.661641396296728,-0.356127764920938,-0.426152405790388,-0.163254225711914,-0.826222229547082,-0.627488378610812,-0.429499750025505,-0.464375891526999,-0.155445143884647,-0.0146947992309963,-0.455236351660987,-0.742946755276486,-0.582032151080456,-1.18959503173864,-0.755829565716357,0.0718608323135174,0.35304463048585,-0.796526001879866,-0.708710560777974,-0.415073114731738,-0.79167821863407,-0.104988987843499,-0.0250554051460715,-0.504623527225731,-0.863563219649252,0.24962408965839,-0.680117437351813,-0.466764426657629,0.426653914824318,-0.561253030076281,-0.883773155823425,-0.444598034495984,-0.889044078903286,-0.869130914118606,0.276721819462638,-0.940150205056253,-0.477833002749308,-0.0881935685353729,-0.414352476826801,-0.867875810443468,-0.747265772882252,-0.618950848071241,-0.430499440370047,-0.796259557655844,0.829424888287876,-0.493593930889384,-0.96499962340129,-0.558555906049502,-0.598213055580144,-0.710284973869927,-0.614764475187905,0.0522423696109878,0.381109178811341,-0.512435833122731,-0.747997090271536,-1.01074181138039,-0.566010699037032,-0.603032598624489,2.13998080851509,-0.598204255115836,-0.71157305436993,-0.606204342383374,0.459488280700323,1.85222847276523,-0.473937637058681,-0.431413104653139,-0.675677485964019,0.857913487319775,-0.764417769029699,1.81877961640741,1.17119993587601,-0.889325548542612,-0.300066750687461,-0.388200013230897,-0.672522450531549,-0.689569785356508,0.81227382350803,-0.538722496195877,0.0364621001264106,-0.574547412051676,-0.819944378140991,-0.380430093207073,-0.834709508043328,-0.137268792126919,-0.543996565944918,-0.760805550465173,0.795997380845083,-0.653697914574418,-0.658091677882378,-0.719112826150793,0.926145707553011,-0.814187642569382,-0.775032802607551,-0.580755287411444,-0.129461217997836,-0.689391508662824,-0.740417895485083,-0.591226315601407,-0.517699977761507,-0.508516510850491,-0.839734362004915,-0.521979735973987,-0.61052131080658,-0.545495229195593,-0.524254694445744,0.767503046391959,-0.745395082740569,-0.719523549783808,-0.588297561945064,-0.0706669916988727,-0.504275415699866,0.700801504966055,-0.241498035535269,-0.788184218742662,-0.495614760728454,-0.464500900873293,-1.05758031450463,-0.074031169884199,-0.677053451143998,0.629337828481603,-0.792912836073741,-0.598637045425795,-0.757800053491713,-0.694758292889573,-0.55321502257966,0.206328101242967,-0.392786433490695,-0.761647247973245,-0.998362605765605,1.58107093028725,-0.117130568379445,0.224289968450743,-0.608508425207776,-0.616708057714315,-0.682642890579754,-0.716476224852673,-0.609571261310305,-0.99456836848483,-0.4791466881953,-0.527848653802147,-0.581450107692442,-0.623221682356157,-1.06893276737765,-0.456566211138298,-0.215717288440083,-0.359879845711647,-0.781460697748757,-0.441282341989839,-1.20266300647864,-0.693610145686299,-0.255996999173431,0.799409680017142,-0.0378587485001324,-0.773643467427534,-0.837555726474759,-0.909848144967057,-0.785445256160296,-0.384272493327475,-0.777454081363004,0.355129107653677,-0.911558242630226,-0.67319351540593,-0.620494342313918,-0.601887066668739,-0.600466657719567,-0.407363866706067,-1.20076881818334,-0.69871053666764,-0.855651382052597,0.179017343216438,0.00263620152234807,-0.715269996079753,-0.571646636129868,0.818819651965841,-0.777414105828957,0.611862921274966,-0.0750030367082146,-0.367490929903791,-0.324073409480409,-0.573648085257991,-0.905751916506873,-0.548246753341323,-0.382497384370408,1.22809052522942,1.06659706155405,-0.513527807859149,-0.410458854850929,-0.702854463496712,-0.376085254966847,0.335618202590014,-0.751527203204582,-0.487170846083124,-0.605815007708669,-0.838746468088768,-0.512995918425756,-0.6002692007909,-0.494007793907488,-0.829580232182152,-0.255395003305558,0.435545525675242,1.93479614125531,-0.561688757941423,-0.775810477487309,-0.505226462944271,-0.914483551563009,0.485900032313461,-0.800938882071613,-0.923820668091811,-0.543856568710744,-0.799784033987206,0.232823997406003,-0.547914033241979,-0.69252288453592,-0.518860584787243,-0.718638772768277,-0.574522884957265,-0.766028616235394,-0.783162489495666,-0.566224935388611,-0.60068195999903,-0.675382976552414,-0.653790722557568,-0.653851689833047,-0.569897592314005,-0.685835715519622,-0.647904522193843,-0.664556936026652,-0.569034714136114,-0.507817813873977,-0.536494698185429,-0.768897864954003,-0.585376536065427,-0.622528035985135,1.24110190548934,-0.564900394388196,-0.574696478706447,0.364436426437401,-0.785105315526192,-0.540641423031425,-0.665426753584578,-0.539307094691963,-0.348425147702436,-0.498591251333388,-0.523080667456721,0.134206722784748,-0.622281704570721,0.845046743675104,-0.789447035739829,-0.557501763870755,-0.505778909237946,0.462505090757609,-0.743774131603622,-0.743846574768942,-0.314775380413229,-0.397363968993432,-0.922357934814868,-1.07695751091064,-1.14934390124832,-1.14684228042207,-0.625888537038413,-0.641289533744246,-0.56888790075037,-0.680264025007797,-0.470465254505972,-0.726381607522248,-0.604395814203172,-0.64437704550372,-0.609921532378848,-0.619881066592517,-0.61712009938149,-0.363912718313512,-0.421387307249072,-0.452256838163994,-0.530264405273805,0.231312106856313,-0.569578522132877,-0.436105875668738,0.68152132125432,-0.406700539566019,-0.673273035311341,-0.565998932195026,-0.685817859793634,-0.730817206313231,-0.520238954117215,-0.713193758009176,-0.991190188200663,-0.344789866784545,-0.495183843341153,0.203648587532814,-0.74095518162433,-0.726611845001168,-0.553693741254614,-0.612887431730709,-0.536600271805562,-0.606291521024171,-0.553901067919841,-0.479383335875246,-0.621606511720135,-0.974570951392448,-0.48805352537329,-0.865980025698746,-0.543434400240448,-0.767155531633286,-0.617518100327603,-0.563722602978791,0.685419723608068,-0.469274127030998,-0.71456688213729,0.404087257554292,-0.598331963886002,-0.491698944574237,-0.703895512265653,-0.731528053230752,-0.683218747620856,-0.813165332182298,-0.94583725016588,-0.472351838475484,-0.494377357867234,-0.975604745971856,-0.766724197739351,-0.823990033085211,-0.926108184691356,-0.558717666256494,-0.379161949641383,-1.02737092254885,-0.625015341951285,-0.614835278634353,1.08173692307535,0.17092001264637,-0.441748500440315,-0.788012724473105,-0.515370748508433,-0.699174632597708,-0.750713194799017,0.312877692664624,-0.557916730587529,0.399342700391507,-0.575643008354943,0.965018806439285,-0.46950194156598,-0.567597101091729,0.553338759728406,-0.67680156571333,-0.514869524021752,-0.440109756196063,-0.797330693575754,-0.628134209307874,-0.453275785473175,-0.864582352823089,-0.559609290515974,-0.575080500923803,-0.624478446322977,-0.72921406656607,-0.465167799440612,-0.735980601657659,-0.870570227459186,-0.978836790500469,-0.528878550032712,-0.442246094950301,-0.590310521918287,-0.597626308220176,-0.535005976446535,-0.898810913541657,-0.86340182998155,-0.882104756219481,-0.599446075410806,-0.518950740640203,"Breast"
"MGH-BrCa-H-68",-0.555592417576326,-0.665330012844802,-0.358856568716785,0.656824064559477,-0.151427238464037,-0.571328322403313,-0.489483674713921,-0.842007114071578,2.54844976765726,-0.587392633752342,-0.5360100599205,-0.427166054873635,-0.642142611977996,0.783915628854364,1.47598891195927,-0.573728896811269,-0.57729235363827,-0.951756607893985,-0.496697729346053,1.85568484622411,-0.892044314129933,-0.756759621065685,-0.72953949609161,-1.10737391109703,0.569827117784623,-0.189606217451699,-0.671018873252328,-0.886090803404096,-0.59994073973799,-0.572265270403078,-0.449126948447106,0.507887072900626,0.169439496146451,-0.309529644846314,-0.329416073182923,-0.964466112786827,1.82748987040795,-0.559309350558077,-0.532480850208235,0.288525411490961,0.262787648923854,-0.985369683958035,-1.07616298942653,-0.536928301917431,-0.535926408238852,-0.16986222016014,-0.800523516316676,-0.684422976084699,1.11058710863296,-0.757778983174664,-0.804466674495576,-0.722133608031586,-1.00553084851786,-1.06642129487193,-0.559247717928647,-0.374389587264773,-0.457301332060047,-0.488378971130679,-0.535578881140264,-1.23558207417991,-0.221694094746446,-0.466862369479199,-0.78169417422122,-0.361091310062088,1.10627059830672,-0.597562997079172,-1.01277899053072,-0.48202341606292,-0.0285672503286964,-0.0453303125283743,-0.890457490909887,0.551862092464218,0.814760144144849,-0.811355606421236,-0.594144064245794,-0.427209662751993,-0.884442638278434,-0.726511286645635,-0.518709942838152,-0.310167173709315,-0.824570369406007,-0.472497315307328,-1.33974894891408,-0.572367111065056,1.35634487062279,-0.539991255188735,-0.729222797826837,0.936109759115181,0.633872557823578,0.246975258236455,0.617007270443982,1.9893712425281,-0.439395440768505,-0.806924516606813,-0.135721366085141,1.58893694584984,-0.370292957722169,-0.652696741503466,-0.580182792717566,-0.893144250525708,-0.504580611844278,-0.270673383627418,0.00750485053083204,-0.0336771460592387,0.0943407049967609,-0.612012511430763,0.0117328994800508,-0.231741107553235,0.132608141110461,-1.16329464966875,-0.699577466702064,0.0950606129301559,-0.239650463186324,0.791122407530088,-0.563564816816346,-0.852561903334732,-0.415332247460931,-0.00528102791998477,-0.556437840594048,0.301499899910103,-0.864139486256635,-0.911737806694443,-0.434538970011261,-0.540935274554197,-0.537960195834537,-0.466481924852692,0.0823898605103931,-0.71314737154191,-0.467269611423203,-0.781783811545767,-0.612032059829267,0.785620756275933,-0.515214523200561,-0.563237817945086,-0.652232400369068,-0.433250890230484,0.369683309470602,-0.628682208598634,-0.96051637736292,-0.622774284236347,-0.90464464910079,1.36637798618835,-0.901944832840952,-0.74594206276323,-0.922939115191811,0.416840867080784,0.0211995231884063,0.336999586004311,-0.445041103063912,-0.360394763248112,-1.12185750843372,-0.41929677214611,-0.544945209809633,-0.277970434397137,-1.12931857316399,-0.946374554527438,-0.803191037428762,0.415248084183246,0.0433440752272253,-0.0424906669187663,-0.197807010794668,-1.23041210025291,-0.797373187578022,0.775373583177807,-0.212329073256419,-0.440422043770802,-0.832999110597407,-0.533884030225674,-0.866575554810563,-0.517026089783175,0.817594007054409,-1.01100613021998,-0.0458423716159211,0.358088735383222,-0.529739447900487,-0.00815650532663309,-0.484444351416916,-0.724735509236815,-0.603233129594542,2.17605080938101,-0.465400568692601,-0.659554194522494,2.43479847434297,1.28990265288026,-0.686166850667112,-0.567826653865324,0.701338843323776,-0.611972528827201,-0.547273332987266,-0.551980064673498,-0.836461434415258,-0.697113880119278,-0.341126376998574,-0.987423563937927,-0.738918637774201,-0.872091461738152,0.361243105122425,-0.938444320238906,-0.654078746223719,1.05945817810858,-0.440845057560506,-0.402800957411009,-0.236194012810866,-0.574567391161672,-0.563531478848716,-1.03292766190848,-0.660262121385938,0.120429552036226,-1.33950734716597,-0.1769320011584,-0.490191614502914,-0.724722993416231,-0.387458469999575,-0.67265289501153,-0.112761194252176,-0.328190498420379,-0.749562816960677,-0.00248254962579009,-0.24896702403331,0.20492529346502,0.0837551349866652,-0.875446007171464,-0.4160380820905,-0.752576497540583,-0.774127007600307,-0.657239406583379,-0.739571250856207,-0.769269638931583,-0.547342081550196,0.569556825474494,-0.400497512029309,-1.20690093853021,-0.961280804736148,-0.802317558831034,-0.431584442518366,-1.3076438001904,-0.631943764721935,-0.579507915169398,-0.620100662679788,-0.503796517211337,0.264217389977909,-1.02984446404236,0.0310552762089113,-0.78625085900758,-0.557349591175902,-1.1375069142073,0.102894702435573,-0.670603752641226,-0.362836635108256,-0.656226266462816,0.759024420363936,-1.0669610666387,0.383115492790258,-0.680703938055349,-0.679399709028993,0.469965374469027,-0.58636397201414,-0.590419110099479,-0.479183249951239,1.41381079533795,1.31826168397758,-0.755865250545603,-0.942110585579901,-0.873831727472401,-0.312776837484738,-0.453520463080941,-0.475498315316322,-0.902316908801359,-0.632054548348183,-0.40397993777586,-0.605022983692602,-0.915536831645335,-0.461535631126792,-1.52152170269417,0.925522461829239,-0.657270497541832,-0.49858944200454,-0.495454091056586,-0.625430816380737,-0.419839307586847,1.75716417899543,-0.618696368735234,-0.513248218781385,-0.586212932084341,-0.418816240327903,-0.637586357654596,-0.419171849570317,0.669439961950418,-0.504768109875833,-0.503708930529297,-1.19847869296447,1.27320483737494,-1.28931703069017,-0.0632328428522928,-0.793665704950216,0.442979746653032,-0.404812961836128,0.417563746772187,-0.800640494297979,0.00116369055635945,-0.763076391897337,0.026776749042749,-0.60699609384901,-0.943549081967018,-0.972280070282039,-0.923566729405713,-0.492093429498443,-0.161226488769509,-0.356127764920938,-0.426152405790388,-1.21479747878706,-0.826222229547082,-0.627488378610812,-0.429499750025505,-0.464375891526999,-0.886517603314692,-0.296150368301172,-0.455236351660987,-0.742946755276486,-0.582032151080456,-0.209157154374671,-0.755829565716357,-0.195242706907538,-0.77150038092568,-0.796526001879866,-0.708710560777974,0.910639432395295,-0.79167821863407,-0.809608919621213,0.552383628338191,-0.504623527225731,-0.176930030440194,0.26309637962501,-0.680117437351813,-0.466764426657629,-0.836854594027651,-0.561253030076281,-0.883773155823425,-0.444598034495984,-0.92239522684153,-0.869130914118606,0.210376072695639,0.326560411504291,-0.477833002749308,-0.0227807911485836,-0.414352476826801,-0.867875810443468,-0.747265772882252,-0.618950848071241,-0.430499440370047,-0.796259557655844,-0.77458771809739,0.779093011994172,-0.96499962340129,-0.558555906049502,-0.598213055580144,-0.710284973869927,-0.614764475187905,-0.390287374481427,-0.489703847680036,-1.10386469962424,-0.747997090271536,-1.01074181138039,-0.566010699037032,-0.603032598624489,-0.730318235371536,-0.598204255115836,0.916940650342964,-0.606204342383374,-0.63129034137311,-0.386808567195655,-0.473937637058681,-0.120615040910699,-0.675677485964019,-0.799036810595303,0.38558274672813,1.82463396280422,-0.858462959667144,-0.889325548542612,0.202673608150403,-0.388200013230897,-0.672522450531549,-0.689569785356508,-1.15140774083531,-0.538722496195877,-0.0150876675121102,-0.574547412051676,-0.819944378140991,-0.380430093207073,-0.834709508043328,0.63630823542233,-0.543996565944918,0.214080016749542,-0.0898136577157862,-0.653697914574418,-0.658091677882378,-0.719112826150793,-0.300966747595507,-0.814187642569382,-0.775032802607551,-0.580755287411444,-0.836916634773705,-0.689391508662824,0.655652129753569,-0.591226315601407,-0.517699977761507,-0.508516510850491,-0.839734362004915,-0.521979735973987,-0.61052131080658,-0.545495229195593,-0.524254694445744,0.233606104637489,0.549713317250597,-0.719523549783808,-0.588297561945064,-0.135503559007372,-0.85534945010494,-0.794015296702858,-0.627797862536174,-0.788184218742662,-0.495614760728454,-1.18836044397162,-0.10484067832512,-0.997877754173032,-0.677053451143998,-0.593681714206644,-0.792912836073741,-0.598637045425795,-0.757800053491713,-0.694758292889573,-0.55321502257966,-0.496502070132608,-0.392786433490695,-0.761647247973245,-0.998362605765605,-0.485816253127067,-0.633696017368995,1.37026636037205,-0.608508425207776,-0.616708057714315,0.784285666367812,-0.716476224852673,-0.609571261310305,0.643871895678105,-0.4791466881953,-0.527848653802147,-0.581450107692442,-0.623221682356157,0.0486366153734984,-0.456566211138298,-0.991983690592516,-0.532453268113567,0.0357141584356071,-0.441282341989839,0.260895434324032,-0.693610145686299,-0.018388905879976,-0.569755773406841,-0.0953074476479624,-0.773643467427534,-0.837555726474759,-0.909848144967057,-0.785445256160296,-0.384272493327475,-0.777454081363004,0.639818557842881,0.793457768994004,-0.67319351540593,-0.620494342313918,-0.601887066668739,1.11305223867414,0.615431693238471,-0.739196997835792,-0.69871053666764,-0.855651382052597,-0.0025824708800571,-1.13339019479525,-0.972632127499193,-0.571646636129868,-0.71593825275176,-0.777414105828957,-0.877809728241419,-0.963894975231911,-0.367490929903791,0.653997942163909,-0.573648085257991,-0.905751916506873,-0.548246753341323,0.586537286392268,-0.74633402219577,0.00905760880694109,-0.513527807859149,-0.410458854850929,-0.702854463496712,-0.376085254966847,-0.65323427697639,-0.751527203204582,-0.487170846083124,-0.605815007708669,-0.838746468088768,-0.512995918425756,-0.6002692007909,-0.494007793907488,-0.0975308069277787,0.307177772196967,0.366611846282299,-0.597600263298091,-0.561688757941423,-0.775810477487309,0.896917681738569,-0.914483551563009,-0.755650546229756,-0.800938882071613,-0.923820668091811,-0.543856568710744,-0.799784033987206,-0.41017826543254,0.694582348478305,-0.69252288453592,-0.518860584787243,-0.718638772768277,0.674007797026808,-0.766028616235394,-0.783162489495666,-0.566224935388611,-0.60068195999903,-0.675382976552414,-0.653790722557568,-0.653851689833047,-0.569897592314005,-0.685835715519622,-0.647904522193843,-0.664556936026652,-0.569034714136114,-0.507817813873977,-0.536494698185429,-0.768897864954003,-0.585376536065427,-0.622528035985135,-0.454210725594474,-0.564900394388196,0.329382637462561,-0.077016449010756,-0.785105315526192,-0.540641423031425,-0.665426753584578,-0.539307094691963,-0.348425147702436,-0.498591251333388,-0.523080667456721,-0.831156261607636,-0.622281704570721,-0.782401068500164,-0.789447035739829,-0.557501763870755,-0.505778909237946,-0.624275977269652,-0.743774131603622,0.0748733217800391,0.253770479782687,-0.397363968993432,-0.922357934814868,-1.07695751091064,-1.14934390124832,0.235701134539623,-0.625888537038413,-0.641289533744246,-0.56888790075037,-0.680264025007797,-0.470465254505972,-0.726381607522248,-0.604395814203172,-0.64437704550372,-0.609921532378848,-0.619881066592517,1.50280849441867,-0.363912718313512,-0.421387307249072,-0.739861751914299,-0.530264405273805,-0.73145250418656,-0.569578522132877,-0.436105875668738,-0.631759280520507,-0.406700539566019,-0.673273035311341,-0.565998932195026,-0.685817859793634,-0.730817206313231,-0.520238954117215,-0.713193758009176,-0.991190188200663,-0.344789866784545,-0.495183843341153,-0.939394475450667,-0.74095518162433,0.812961854602962,-0.553693741254614,-0.612887431730709,-0.536600271805562,-0.606291521024171,-0.553901067919841,-0.479383335875246,-0.621606511720135,-0.974570951392448,-0.48805352537329,-0.865980025698746,-0.543434400240448,-0.767155531633286,-0.617518100327603,-0.563722602978791,-0.524092166767868,-0.469274127030998,0.329982694480663,-0.796606268568196,-0.598331963886002,-0.491698944574237,-0.703895512265653,-0.613797293225842,0.944256057829982,0.0368031551557415,-0.249272222729546,-0.472351838475484,-0.494377357867234,-0.975604745971856,0.148225503639649,-0.823990033085211,-0.926108184691356,-0.558717666256494,-0.379161949641383,-1.02737092254885,-0.774580569027129,-0.614835278634353,-0.623039723737013,-0.812575895131137,-0.441748500440315,-0.788012724473105,-0.515370748508433,-0.358586545789536,-0.750713194799017,-0.807101569604255,-0.557916730587529,-1.05244496011756,-0.575643008354943,-0.61899979002849,-0.46950194156598,0.820596214139667,-0.623788878529261,0.330651579717193,-0.514869524021752,-0.440109756196063,-0.797330693575754,-0.628134209307874,0.701377514084679,-0.864582352823089,-0.559609290515974,-0.575080500923803,-0.624478446322977,-0.72921406656607,-0.465167799440612,-0.735980601657659,0.0407298537209854,-0.978836790500469,-0.528878550032712,-0.442246094950301,-0.590310521918287,-0.597626308220176,-0.535005976446535,-0.564958668858224,0.109383631292509,-0.882104756219481,-0.599446075410806,0.26383280758218,"Breast"
"MGH-BrCa-H-74",-0.555592417576326,-0.665330012844802,-0.874316134855906,-0.188552531201746,-1.40910500646145,-1.09290113356183,-0.489483674713921,-0.754914349265889,2.05489521759767,-0.587392633752342,-0.5360100599205,-0.427166054873635,-0.642142611977996,-0.906954785415906,-0.522805082503363,-0.178477902234066,-0.57729235363827,0.360115198769726,-0.496697729346053,0.773882982582072,-0.0292199461412984,-0.756759621065685,-0.72953949609161,-1.10737391109703,-1.18728595031787,-0.0806544196026613,-0.671018873252328,-0.886090803404096,-0.59994073973799,-0.572265270403078,-0.449126948447106,0.316362146223555,-0.462850820977625,-0.309529644846314,-1.55698223891445,-0.964466112786827,1.4967494222366,-0.559309350558077,-0.366492661865093,0.714134668966976,-0.624979339017096,-0.985369683958035,-1.07616298942653,-0.536928301917431,-0.535926408238852,-0.727783474794747,-0.800523516316676,-0.684422976084699,-0.894666522630992,-0.757778983174664,-0.804466674495576,-0.722133608031586,-1.00553084851786,-0.0265477591494235,-0.559247717928647,-0.374389587264773,-0.457301332060047,-0.488378971130679,-0.535578881140264,-1.23558207417991,-0.940150463465516,0.708168394798192,-0.78169417422122,-0.361091310062088,-0.742272368002153,-0.597562997079172,-1.01277899053072,-0.389741365613242,-1.52931067094053,-2.08804593970252,-0.0580059478135213,-0.950184227790595,-0.62582241159886,-0.811355606421236,-0.594144064245794,-0.427209662751993,-0.011468383747444,-0.726511286645635,-0.518709942838152,1.0434792059852,-0.824570369406007,1.50802503245193,-1.33974894891408,-0.572367111065056,-0.632421218362915,-0.539991255188735,-0.729222797826837,-0.510050775686776,-0.56503564513667,0.0990390698285397,0.59553719335365,1.4722646783365,-0.439395440768505,0.216630375721696,-0.824109659368058,-0.386236372075434,-0.370292957722169,-0.652696741503466,-0.580182792717566,-0.893144250525708,-0.504580611844278,-0.946777991831266,-1.00272583549808,-0.824988666868521,-0.204952578380143,-0.612012511430763,0.461262023426712,-0.5402070422806,0.337326044761121,-0.492297763602452,-0.699577466702064,0.922297821518358,-0.195831243664153,-0.592394335996418,1.45641936509542,-0.852561903334732,-0.415332247460931,0.222826067602176,-0.556437840594048,-0.749289324826282,-0.864139486256635,-0.836044218741209,-0.434538970011261,-0.540935274554197,-1.33738969127492,-0.466481924852692,-0.255792194859437,-0.71314737154191,-0.467269611423203,-0.781783811545767,-0.612032059829267,-0.42618686188652,-0.515214523200561,-0.563237817945086,-0.652232400369068,-0.433250890230484,-0.65916613876662,-0.628682208598634,-0.96051637736292,-0.622774284236347,-1.86202383301678,-0.521167552986871,-0.0386315125832001,-0.74594206276323,-0.922939115191811,-1.11633127205757,-0.680795110743151,0.536827606211296,-0.445041103063912,-0.360394763248112,0.314551969328254,-1.02001756291146,-0.544945209809633,-0.906932629173338,-1.12931857316399,-0.946374554527438,-0.803191037428762,-1.15278844781279,-0.881133953461138,-0.938055876675319,-0.645930542340797,-1.23041210025291,-0.797373187578022,-1.16230080545647,-0.805885426918664,-0.440422043770802,-0.832999110597407,-0.533884030225674,-0.866575554810563,-0.517026089783175,-0.717586015732752,-1.01100613021998,-1.19702951435578,-1.02331441862592,-0.529739447900487,-0.991195534761472,-0.484444351416916,-0.724735509236815,-0.615901336771027,-0.399898634726296,-0.465400568692601,-0.659554194522494,2.07498325209307,-0.59156966366512,-0.686166850667112,-0.567826653865324,-0.388287405092906,-1.49053808632399,-0.547273332987266,-0.551980064673498,-0.836461434415258,-0.697113880119278,-0.214574669747479,-1.3956652170946,-0.754982823435284,-0.872091461738152,-0.889556386155257,-0.938444320238906,-0.654078746223719,-0.578418903939853,-0.440845057560506,-0.402800957411009,-1.27366017213239,-0.574567391161672,0.0476976342256072,-0.497270616557332,-0.660262121385938,-0.784182116331742,-0.188933710658533,-1.07295113119153,-0.490191614502914,-0.724722993416231,-0.387458469999575,-0.67265289501153,-0.555539733491094,-0.838053267422911,-0.749562816960677,0.0108652048178671,-0.12978095090327,-0.721727210801833,-0.876317725753786,-0.875446007171464,-0.969552848986112,-0.752576497540583,-0.774127007600307,-0.657239406583379,-0.739571250856207,-0.769269638931583,-0.547342081550196,-0.66549608966086,-0.400497512029309,-1.07474995038688,-0.961280804736148,-0.802317558831034,-0.431584442518366,-1.3076438001904,-0.631943764721935,-0.579507915169398,-0.620100662679788,-0.503796517211337,-1.0770163128063,-1.02984446404236,-0.939825400487642,-0.966311474727951,-0.557349591175902,-1.1375069142073,-1.02306594571293,-0.670603752641226,-0.362836635108256,-0.820679410467126,0.118790698029895,-1.0669610666387,-0.603657654541106,-0.680703938055349,-0.679399709028993,0.453429868482086,-0.58636397201414,-0.590419110099479,-0.479183249951239,2.58608609886138,-0.654451544220782,-0.755865250545603,-0.942110585579901,-0.873831727472401,-1.09491872168078,-0.453520463080941,-0.475498315316322,-0.902316908801359,-0.632054548348183,-1.00035456820405,0.421678522506459,-0.915536831645335,-1.08443220697467,-1.52152170269417,-0.704852117823712,-0.657270497541832,-0.49858944200454,-0.495454091056586,-0.625430816380737,-0.419839307586847,-0.73139551936346,-0.618696368735234,-0.513248218781385,-0.586212932084341,-0.418816240327903,-0.637586357654596,-0.419171849570317,-1.10378034554778,-0.504768109875833,-0.503708930529297,-0.431310881523884,-0.924514780586802,-1.28931703069017,-0.813303292440974,-0.793665704950216,0.0669777349639973,-0.404812961836128,-0.831170933594364,-0.800640494297979,-1.00352564046401,-0.763076391897337,-1.42603282070303,-0.60699609384901,-0.110775014755436,-0.972280070282039,-0.923566729405713,-0.492093429498443,-1.12976969199847,-0.356127764920938,-0.426152405790388,-1.21479747878706,-0.826222229547082,-0.627488378610812,-0.429499750025505,-0.464375891526999,-0.886517603314692,-1.06964048874916,-0.455236351660987,-0.742946755276486,-0.582032151080456,-0.591873728103364,0.667473339609691,-1.41625945874523,-0.563482103278963,-0.796526001879866,-0.708710560777974,-1.12086668854464,-0.79167821863407,-0.011943460000936,-0.965937838928799,-0.504623527225731,-0.863563219649252,0.307953965876635,-0.680117437351813,-0.466764426657629,0.588896234717028,-0.561253030076281,-0.883773155823425,-0.444598034495984,-1.42991269894957,1.01971564773239,-0.799233124164901,0.585627483386486,-0.477833002749308,-0.113147447775106,-0.414352476826801,-0.867875810443468,-0.747265772882252,-0.618950848071241,-0.430499440370047,-0.796259557655844,-0.77458771809739,-0.493593930889384,-0.96499962340129,-0.558555906049502,-0.598213055580144,0.714189375734529,-0.614764475187905,-0.975166002510604,-1.13688436302446,-1.10386469962424,-0.747997090271536,-1.01074181138039,-0.566010699037032,-0.603032598624489,-0.730318235371536,-0.598204255115836,0.430855128436829,-0.606204342383374,-0.63129034137311,-0.386808567195655,-0.473937637058681,-0.690281327329069,-0.675677485964019,-0.799036810595303,-0.764417769029699,1.00356214645244,-0.858462959667144,-0.889325548542612,-0.46349893402641,-0.388200013230897,0.533733848618543,0.916123694741764,-1.15140774083531,-0.538722496195877,-0.7995406586986,-0.574547412051676,-0.819944378140991,-0.380430093207073,-0.834709508043328,0.088522426701624,-0.543996565944918,-0.760805550465173,0.135382938608938,-0.653697914574418,-0.658091677882378,-0.719112826150793,-1.08773769552895,-0.814187642569382,-0.775032802607551,-0.580755287411444,-0.836916634773705,-0.689391508662824,0.454826167509954,-0.591226315601407,-0.517699977761507,-0.508516510850491,-0.839734362004915,-0.521979735973987,-0.61052131080658,-0.545495229195593,0.935398992168574,-0.831984299900153,-0.745395082740569,-0.719523549783808,-0.588297561945064,-1.14485071477297,-0.85534945010494,-0.794015296702858,-0.591635386754726,-0.788184218742662,-0.495614760728454,-0.368914769635797,0.0918453323407782,-0.997877754173032,-0.677053451143998,-0.593681714206644,-0.792912836073741,-0.598637045425795,-0.757800053491713,-0.694758292889573,-0.55321502257966,-1.1319511214443,-0.392786433490695,-0.761647247973245,-0.998362605765605,-0.485816253127067,-1.26637581039537,-0.847748388510819,-0.608508425207776,-0.616708057714315,1.08430121920234,0.656528094209753,-0.609571261310305,-0.99456836848483,-0.4791466881953,-0.527848653802147,1.68580976880117,-0.623221682356157,-0.563774626036047,-0.456566211138298,-0.60698813880179,-0.664988821917679,-0.781460697748757,-0.441282341989839,-0.485730650500511,-0.693610145686299,-1.44135041402852,-0.569755773406841,0.514328391644938,-0.773643467427534,0.221442186535222,-0.909848144967057,-0.785445256160296,-0.384272493327475,-0.777454081363004,-1.21732527311908,-0.911558242630226,-0.67319351540593,-0.620494342313918,-0.601887066668739,-0.600466657719567,-0.969725385594821,-1.56744407700638,-0.69871053666764,-0.855651382052597,0.739587776204226,-0.0177138405180204,-1.28231301938416,-0.571646636129868,-0.71593825275176,-0.777414105828957,-0.877809728241419,-0.963894975231911,-0.367490929903791,-0.233861178803579,-0.573648085257991,-0.905751916506873,-0.548246753341323,-0.537790809090123,-0.74633402219577,-0.77689632987442,-0.513527807859149,-0.410458854850929,-0.702854463496712,-0.376085254966847,-0.65323427697639,-0.751527203204582,-0.487170846083124,-0.605815007708669,-0.838746468088768,-0.512995918425756,-0.6002692007909,-0.494007793907488,-0.829580232182152,-0.438277669021843,0.583168189716046,-0.597600263298091,-0.561688757941423,-0.775810477487309,-0.505226462944271,-0.914483551563009,-0.755650546229756,-0.800938882071613,-0.923820668091811,-0.543856568710744,-0.799784033987206,-0.8186755415923,-0.547914033241979,-0.69252288453592,-0.518860584787243,-0.718638772768277,-0.574522884957265,0.405720742544716,-0.783162489495666,-0.566224935388611,-0.60068195999903,-0.675382976552414,-0.653790722557568,-0.653851689833047,-0.569897592314005,-0.685835715519622,-0.647904522193843,-0.664556936026652,-0.569034714136114,-0.507817813873977,-0.536494698185429,-0.768897864954003,-0.585376536065427,-0.622528035985135,-0.454210725594474,-0.564900394388196,-0.574696478706447,-1.11171690040937,-0.785105315526192,-0.540641423031425,-0.665426753584578,-0.539307094691963,-0.348425147702436,-0.498591251333388,-0.523080667456721,-0.831156261607636,-0.622281704570721,-0.782401068500164,-0.789447035739829,-0.557501763870755,-0.505778909237946,1.48492072135376,-0.743774131603622,-0.743846574768942,-0.846638841230125,-0.397363968993432,0.493755114362939,0.0371552834126511,-1.14934390124832,-0.303978421933567,-0.625888537038413,-0.641289533744246,-0.56888790075037,-0.680264025007797,-0.470465254505972,-0.726381607522248,-0.604395814203172,-0.64437704550372,-0.609921532378848,-0.619881066592517,-0.61712009938149,-0.363912718313512,-0.421387307249072,-0.675821719069268,-0.530264405273805,-0.73145250418656,-0.569578522132877,-0.436105875668738,-0.631759280520507,-0.406700539566019,-0.673273035311341,-0.565998932195026,-0.685817859793634,-0.730817206313231,-0.520238954117215,-0.713193758009176,-0.0107486872556288,-0.344789866784545,-0.495183843341153,-0.939394475450667,-0.74095518162433,-0.726611845001168,-0.553693741254614,-0.612887431730709,-0.536600271805562,-0.606291521024171,-0.553901067919841,-0.479383335875246,-0.621606511720135,-0.974570951392448,-0.48805352537329,-0.865980025698746,-0.543434400240448,-0.767155531633286,-0.617518100327603,-0.563722602978791,-0.524092166767868,-0.469274127030998,-0.71456688213729,0.168440390096784,-0.598331963886002,-0.491698944574237,-0.703895512265653,-1.53945026252568,-0.683218747620856,-0.813165332182298,-0.94583725016588,-0.472351838475484,-0.494377357867234,-0.975604745971856,0.337110063377105,-0.823990033085211,-0.926108184691356,-0.558717666256494,-0.379161949641383,-1.02737092254885,-0.832180159792334,-0.614835278634353,-0.623039723737013,0.300791297495331,-0.441748500440315,-0.788012724473105,-0.515370748508433,-1.2541307915187,-0.750713194799017,-0.807101569604255,-0.557916730587529,0.705350649237066,-0.575643008354943,-0.61899979002849,-0.46950194156598,-0.567597101091729,0.70877924260465,-0.67680156571333,-0.514869524021752,-0.440109756196063,-0.797330693575754,-0.628134209307874,0.363199915322818,0.739836573775219,-0.559609290515974,-0.575080500923803,-0.624478446322977,-0.72921406656607,-0.465167799440612,-0.735980601657659,-0.870570227459186,-0.978836790500469,-0.528878550032712,-0.442246094950301,-0.590310521918287,-0.597626308220176,-0.535005976446535,-0.957513267391602,0.310207953432636,-0.882104756219481,-0.599446075410806,-0.518950740640203,"Breast"
"MGH-BrCa-H-75",-0.555592417576326,-0.665330012844802,-0.0875875669446896,-0.274911011647376,-1.04068223830279,-0.808333466413791,-0.489483674713921,-0.901163108488801,2.16115406977971,-0.587392633752342,-0.5360100599205,-0.427166054873635,-0.642142611977996,-0.906954785415906,-0.522805082503363,-0.525200038380496,-0.57729235363827,-0.951756607893985,-0.496697729346053,-0.533225338772386,-0.892044314129933,-0.756759621065685,-0.72953949609161,-1.10737391109703,-0.313009454546215,-0.515185766543481,0.451969121523087,-0.886090803404096,-0.59994073973799,-0.572265270403078,-0.449126948447106,-0.823525490657949,0.0455614476001665,-0.309529644846314,-0.567878291563445,-0.964466112786827,0.776029538763915,-0.559309350558077,-0.464938990299976,-0.00109998899147979,-1.31380191096635,-0.985369683958035,-1.07616298942653,-0.536928301917431,-0.535926408238852,-0.647797268500101,-0.243071475540999,-0.684422976084699,0.403787830842372,-0.757778983174664,-0.804466674495576,0.72826020129676,-0.0449088274260006,-0.521536730161084,-0.559247717928647,-0.374389587264773,-0.457301332060047,-0.488378971130679,-0.535578881140264,0.38208043557841,-0.940150463465516,0.588696290202336,-0.78169417422122,-0.361091310062088,0.683439846198646,-0.597562997079172,-1.01277899053072,-0.192623438888607,-0.426701601857314,-1.35166733443584,-0.890457490909887,-0.322015871473704,-0.62582241159886,-0.811355606421236,0.440169910544563,-0.427209662751993,0.219954067823386,-0.726511286645635,-0.518709942838152,0.163195194792039,-0.824570369406007,-0.472497315307328,-0.414828880833351,0.459948481587239,-0.632421218362915,0.861946723456589,-0.729222797826837,-0.510050775686776,-0.56503564513667,-0.53711306543404,-0.306357416830619,2.2560103091605,1.2384677113756,0.112559690192815,-0.824109659368058,-0.386236372075434,-0.370292957722169,0.267233038930361,-0.580182792717566,0.134269110472334,-0.504580611844278,-0.946777991831266,0.0901883765761762,-0.824988666868521,-0.908370117980451,-0.612012511430763,0.0916028633455982,-1.05238260226662,-0.877494153250386,-1.16329464966875,-0.699577466702064,0.173511517060864,-1.20970090202904,-0.592394335996418,-0.563564816816346,-0.852561903334732,-0.415332247460931,-1.15053595143586,0.571600780423247,-0.749289324826282,-0.864139486256635,-0.065394741752533,-0.434538970011261,-0.540935274554197,-1.33738969127492,-0.466481924852692,0.236926882632325,-0.71314737154191,-0.467269611423203,-0.781783811545767,-0.612032059829267,-0.42618686188652,-0.515214523200561,-0.563237817945086,0.714417530365452,-0.433250890230484,-0.208406754650081,-0.628682208598634,-0.96051637736292,-0.622774284236347,-1.08019106975438,0.930542775021294,-0.750115777538659,-0.74594206276323,-0.22424864067635,-0.362740083530124,-0.680795110743151,-0.630959826187288,-0.445041103063912,-0.360394763248112,-0.369191606139107,-0.584872464365773,0.350731724599134,-0.761696307893824,-1.12931857316399,0.170735946990782,0.977477425500528,0.322281008387129,-0.881133953461138,-0.938055876675319,-1.18738458930157,-0.0943551597937425,-0.797373187578022,0.155457150425489,-0.535899192316448,0.495627995961269,0.300954611524,-0.533884030225674,0.513058666309081,-0.517026089783175,-0.717586015732752,-0.422759636798059,0.43124370479705,-1.02331441862592,-0.529739447900487,-0.991195534761472,-0.484444351416916,-0.724735509236815,-0.227814391158788,-0.399898634726296,-0.465400568692601,-0.659554194522494,1.97888763520958,-0.59156966366512,-0.686166850667112,-0.567826653865324,2.85987166889415,-1.49053808632399,-0.547273332987266,-0.551980064673498,-0.836461434415258,-0.697113880119278,-0.289770316109679,-0.83651410429856,-0.976050788375003,-0.872091461738152,-0.889556386155257,-0.00664668492173808,-0.654078746223719,-0.578418903939853,-0.440845057560506,-0.402800957411009,-0.297704183716625,-0.574567391161672,-0.418734846300118,-1.03292766190848,-0.660262121385938,-0.784182116331742,-0.736616905627291,-1.07295113119153,-0.490191614502914,-0.724722993416231,-0.387458469999575,-0.67265289501153,0.119467795912919,-0.138449471807637,-0.749562816960677,-0.294349215765219,0.0548638045748711,-0.721727210801833,-0.876317725753786,-0.875446007171464,0.0608653046317019,0.353532408959723,-0.774127007600307,-0.657239406583379,0.958912764417452,-0.769269638931583,-0.547342081550196,-0.66549608966086,-0.400497512029309,-0.611558435770261,-0.0599885303350286,0.104509264533376,-0.431584442518366,0.0893939457049978,-0.631943764721935,-0.579507915169398,-0.620100662679788,-0.503796517211337,-1.0770163128063,0.0812724808745883,-0.939825400487642,-0.857635380062,-0.557349591175902,-0.281124281348902,-0.303835330575602,-0.670603752641226,-0.362836635108256,-0.962139030592305,0.0158442735200749,-0.442574777436074,0.112968998799722,-0.680703938055349,0.229841972976727,0.000826516305285402,-0.58636397201414,-0.590419110099479,-0.479183249951239,2.17357234151194,0.875013458278823,-0.755865250545603,-0.00701103072676973,0.514663074644856,-1.09491872168078,1.25670896833608,-0.475498315316322,0.56537281298934,1.23627265084548,-0.354414507634446,-0.605022983692602,-0.915536831645335,-1.08443220697467,-0.433529315372775,-0.704852117823712,0.473659815248856,-0.49858944200454,0.748870230650155,-0.625430816380737,0.867339011746395,-0.73139551936346,-0.618696368735234,-0.513248218781385,-0.586212932084341,-0.418816240327903,-0.637586357654596,-0.419171849570317,-0.348839292633027,-0.504768109875833,-0.503708930529297,-1.19847869296447,0.290228975573795,-0.283955186609769,0.583021167127079,-0.793665704950216,-0.0228734208060867,-0.404812961836128,-0.0442324220399079,-0.800640494297979,-0.228646247980565,-0.763076391897337,-0.388807555273135,-0.60699609384901,-0.411813317885119,-0.972280070282039,-0.204397290776665,-0.492093429498443,-0.312042584086177,-0.356127764920938,-0.426152405790388,0.497129642635972,-0.826222229547082,-0.627488378610812,-0.429499750025505,-0.464375891526999,-0.886517603314692,-0.582195738749311,1.0226299538214,0.133677183455022,-0.582032151080456,0.0992499116393594,0.805197808079225,-0.206995254046669,-0.760621866022395,-0.796526001879866,-0.708710560777974,-1.12086668854464,0.0957562088054429,-0.809608919621213,-0.965937838928799,-0.504623527225731,-0.11940620934725,0.15087191813996,-0.680117437351813,-0.466764426657629,0.279999552333345,-0.561253030076281,-0.883773155823425,-0.444598034495984,-0.34337572031363,-0.869130914118606,-0.799233124164901,0.431838291164331,-0.477833002749308,-0.249881645701231,-0.414352476826801,0.659022557275276,-0.747265772882252,-0.618950848071241,-0.430499440370047,-0.796259557655844,0.269155348632636,-0.493593930889384,0.143284717010419,-0.558555906049502,-0.598213055580144,-0.710284973869927,0.287546560344875,-0.665561287401135,-1.13688436302446,-0.25684785483944,-0.747997090271536,-0.0237373251373211,-0.566010699037032,-0.603032598624489,-0.730318235371536,-0.598204255115836,-0.71157305436993,-0.606204342383374,-0.63129034137311,-0.386808567195655,-0.473937637058681,-0.975068413302242,-0.675677485964019,-0.799036810595303,-0.764417769029699,1.28349786700921,-0.858462959667144,0.234489353888407,-0.531551029087298,-0.388200013230897,-0.672522450531549,-0.689569785356508,-0.651112325408018,0.421351645519049,-0.7995406586986,-0.574547412051676,-0.819944378140991,-0.380430093207073,-0.834709508043328,-0.446631117458865,-0.543996565944918,-0.760805550465173,-0.156275913925308,-0.653697914574418,-0.658091677882378,-0.719112826150793,-1.08773769552895,-0.814187642569382,0.440533233512752,-0.580755287411444,-0.836916634773705,-0.689391508662824,0.3332988611168,-0.591226315601407,-0.517699977761507,-0.508516510850491,-0.839734362004915,-0.521979735973987,-0.61052131080658,-0.545495229195593,-0.524254694445744,0.322877687707321,-0.745395082740569,-0.719523549783808,-0.588297561945064,-1.14485071477297,-0.242092876099272,0.285272455517431,-0.375976787836998,-0.788184218742662,-0.495614760728454,-0.452232502491138,-1.05758031450463,-0.058501307719127,-0.677053451143998,-0.593681714206644,-0.792912836073741,-0.598637045425795,-0.757800053491713,1.1417253848295,1.39673466254757,-1.1319511214443,-0.392786433490695,-0.761647247973245,-0.998362605765605,-0.485816253127067,0.285846755111471,-0.847748388510819,-0.608508425207776,-0.616708057714315,-0.682642890579754,-0.716476224852673,-0.609571261310305,-0.0972585875851228,-0.4791466881953,-0.527848653802147,1.45920582561627,-0.623221682356157,-0.744137316557695,-0.456566211138298,-0.627492893780575,-0.587679690359118,0.104174321689512,-0.441282341989839,-0.195671650485419,-0.693610145686299,-0.965338800468258,-0.569755773406841,-0.0220682891718233,-0.773643467427534,0.323915050276222,-0.909848144967057,0.358630346287745,1.13423966030793,-0.777454081363004,-0.636450747013139,0.022212476562065,1.27996367919501,0.742771010379999,-0.601887066668739,-0.600466657719567,0.253026072134564,-0.83083963538054,-0.69871053666764,-0.855651382052597,-0.349995438954715,-0.310100385656189,-0.946688103090448,-0.571646636129868,-0.71593825275176,-0.777414105828957,-0.877809728241419,-0.963894975231911,-0.367490929903791,-1.00723720358106,-0.573648085257991,0.713631152131244,-0.548246753341323,-0.19243018316943,-0.74633402219577,-0.77689632987442,-0.513527807859149,-0.410458854850929,-0.702854463496712,-0.376085254966847,-0.65323427697639,0.0269308918877215,-0.487170846083124,-0.605815007708669,-0.838746468088768,-0.512995918425756,-0.6002692007909,-0.494007793907488,-0.036202166204728,-1.18723863498533,-0.682378934286747,-0.597600263298091,-0.561688757941423,-0.775810477487309,-0.505226462944271,-0.914483551563009,-0.755650546229756,-0.800938882071613,-0.923820668091811,-0.543856568710744,-0.799784033987206,-0.696290184823179,-0.547914033241979,-0.69252288453592,-0.518860584787243,-0.718638772768277,-0.574522884957265,-0.766028616235394,-0.783162489495666,-0.566224935388611,0.707363981858315,-0.675382976552414,-0.653790722557568,-0.653851689833047,-0.569897592314005,-0.685835715519622,-0.647904522193843,-0.664556936026652,-0.569034714136114,-0.507817813873977,-0.536494698185429,-0.768897864954003,-0.585376536065427,-0.622528035985135,-0.454210725594474,-0.564900394388196,-0.574696478706447,-0.252063739687823,-0.785105315526192,-0.540641423031425,-0.665426753584578,-0.539307094691963,-0.348425147702436,-0.498591251333388,-0.523080667456721,-0.831156261607636,-0.622281704570721,-0.782401068500164,-0.789447035739829,-0.557501763870755,-0.505778909237946,-0.624275977269652,-0.743774131603622,-0.743846574768942,-0.846638841230125,-0.397363968993432,0.122632789876272,0.144961282992293,-0.260555154227794,-0.389677215635646,-0.625888537038413,-0.641289533744246,-0.56888790075037,-0.680264025007797,-0.470465254505972,-0.726381607522248,-0.604395814203172,-0.64437704550372,-0.609921532378848,-0.619881066592517,-0.61712009938149,0.698360123840848,-0.421387307249072,-0.976572687092436,-0.530264405273805,-0.73145250418656,-0.569578522132877,-0.436105875668738,-0.631759280520507,-0.406700539566019,-0.673273035311341,-0.565998932195026,-0.685817859793634,-0.730817206313231,-0.520238954117215,-0.713193758009176,0.249162959156424,-0.344789866784545,-0.495183843341153,-0.939394475450667,0.379040178177129,-0.726611845001168,-0.553693741254614,-0.612887431730709,-0.536600271805562,-0.606291521024171,-0.553901067919841,-0.479383335875246,-0.621606511720135,-0.974570951392448,-0.48805352537329,-0.865980025698746,-0.543434400240448,-0.767155531633286,-0.617518100327603,-0.563722602978791,-0.524092166767868,-0.469274127030998,-0.71456688213729,-0.796606268568196,-0.598331963886002,-0.491698944574237,-0.703895512265653,-0.537460397103678,-0.683218747620856,-0.813165332182298,-0.190916345606849,-0.472351838475484,-0.494377357867234,-0.975604745971856,-0.766724197739351,-0.823990033085211,-0.244134691500436,-0.558717666256494,-0.379161949641383,0.019751116291387,-0.246607379809745,-0.614835278634353,-0.623039723737013,-0.812575895131137,-0.441748500440315,-0.788012724473105,-0.515370748508433,-1.2541307915187,-0.750713194799017,0.331859761631283,-0.557916730587529,-0.437753925984135,-0.575643008354943,-0.61899979002849,1.43406147223262,-0.567597101091729,-0.623788878529261,0.415052618595062,-0.514869524021752,-0.440109756196063,-0.797330693575754,1.02659273859795,-0.442024621782275,-0.864582352823089,-0.559609290515974,0.718927009978646,-0.624478446322977,-0.72921406656607,-0.465167799440612,-0.735980601657659,-0.870570227459186,-0.101672208669874,-0.528878550032712,-0.442246094950301,-0.590310521918287,-0.597626308220176,-0.535005976446535,-0.762784081699323,-0.86340182998155,0.442512393941174,-0.599446075410806,-0.518950740640203,"Breast"
"MGH-BrCa-H76-TR469",-0.555592417576326,-0.665330012844802,-0.874316134855906,-1.03790453368905,-0.767441311247043,-0.320233359752186,-0.489483674713921,-1.08206428175441,2.0032262396787,-0.587392633752342,-0.5360100599205,-0.427166054873635,-0.642142611977996,-0.906954785415906,-0.522805082503363,-0.806208180459362,-0.57729235363827,-0.951756607893985,-0.496697729346053,-0.533225338772386,-0.892044314129933,-0.756759621065685,-0.72953949609161,-1.10737391109703,0.52276859169345,-1.12091294260204,-0.671018873252328,-0.886090803404096,-0.59994073973799,-0.572265270403078,-0.449126948447106,-0.823525490657949,-0.0889505954866063,-0.309529644846314,-0.320312088765121,-0.964466112786827,-0.497006264132812,-0.559309350558077,-0.545432753728873,-0.97766678067334,-0.474747065454692,0.1001848329492,-1.07616298942653,-0.536928301917431,-0.535926408238852,-1.24968912128117,-0.800523516316676,0.0987864098212247,-0.894666522630992,-0.757778983174664,-0.804466674495576,-0.722133608031586,-1.00553084851786,-1.06642129487193,-0.559247717928647,-0.374389587264773,2.51959383751583,-0.488378971130679,1.22026869617218,-1.23558207417991,-0.940150463465516,-0.466862369479199,-0.78169417422122,-0.361091310062088,-0.742272368002153,1.51861724841867,-1.01277899053072,0.122608273801033,-0.785755827229403,-1.02490917655238,-0.890457490909887,-0.950184227790595,0.876525521700425,-0.811355606421236,-0.594144064245794,-0.427209662751993,-0.884442638278434,-0.726511286645635,-0.518709942838152,0.945506037901722,-0.824570369406007,-0.472497315307328,-0.742040729729324,-0.572367111065056,-0.632421218362915,-0.539991255188735,-0.729222797826837,-0.510050775686776,-0.56503564513667,-1.15438649345439,-1.06249646629166,0.131333384565553,-0.439395440768505,-0.806924516606813,-0.824109659368058,-0.386236372075434,-0.370292957722169,-0.652696741503466,-0.580182792717566,0.490781805393725,-0.504580611844278,-0.946777991831266,0.0501943860308304,-0.824988666868521,-0.908370117980451,-0.612012511430763,0.337995107544301,-0.84989330797825,-0.877494153250386,-1.16329464966875,-0.699577466702064,-0.277553791597348,-0.380017159961653,-0.592394335996418,-0.563564816816346,-0.852561903334732,-0.415332247460931,-1.15053595143586,-0.556437840594048,-0.749289324826282,-0.864139486256635,-1.27839469908618,-0.434538970011261,-0.540935274554197,0.0139264111571255,-0.466481924852692,-0.0812475231084082,-0.71314737154191,-0.467269611423203,-0.0722586575831265,-0.612032059829267,-0.42618686188652,-0.515214523200561,-0.563237817945086,0.111461813816068,-0.433250890230484,-0.330606737793918,-0.628682208598634,-0.96051637736292,-0.622774284236347,-1.03969188303554,-0.521167552986871,-0.778361359982178,-0.74594206276323,-0.37309754610421,-0.279832435466907,-0.680795110743151,-0.630959826187288,-0.445041103063912,-0.360394763248112,-0.101265682029503,-0.418797776728125,-0.544945209809633,-0.378590782060251,-0.577827585823387,-0.0619144285135683,-0.803191037428762,-1.15278844781279,-0.881133953461138,-0.938055876675319,-0.190018902891902,-1.23041210025291,-0.0914084665098408,-1.16230080545647,-0.895438377483104,-0.440422043770802,-0.199337280115053,-0.533884030225674,-0.866575554810563,-0.517026089783175,0.211582715790974,-1.01100613021998,-1.19702951435578,-1.02331441862592,-0.529739447900487,-0.991195534761472,-0.484444351416916,-0.724735509236815,-0.895267822171186,-0.399898634726296,-0.465400568692601,-0.659554194522494,2.33164453293029,-0.59156966366512,-0.686166850667112,-0.567826653865324,2.86460001456983,-0.574303786310671,-0.547273332987266,-0.551980064673498,-0.836461434415258,-0.697113880119278,-0.954138085945745,-1.26727476763524,-0.578188086609262,-0.872091461738152,-0.132509160781002,-0.938444320238906,0.370958586608354,-0.578418903939853,-0.440845057560506,-0.402800957411009,-0.826525366814784,1.03087241522695,-0.92819204337817,0.384336015134603,-0.660262121385938,-0.784182116331742,-1.33950734716597,-1.07295113119153,-0.490191614502914,-0.724722993416231,-0.387458469999575,-0.67265289501153,-0.276895415004156,-0.24833616232758,-0.749562816960677,-1.36414126696315,-0.826299878399175,0.846695648304428,-0.876317725753786,-0.217237685401229,-0.497466170916211,-0.752576497540583,-0.774127007600307,-0.657239406583379,-0.739571250856207,-0.769269638931583,-0.547342081550196,-0.66549608966086,-0.400497512029309,-0.882006322704204,-0.961280804736148,-0.802317558831034,-0.431584442518366,-0.203156093184292,-0.631943764721935,-0.579507915169398,-0.620100662679788,-0.503796517211337,0.0731400074601074,-1.02984446404236,-0.939825400487642,-0.151399957695447,-0.557349591175902,-1.1375069142073,-1.02461602094086,-0.670603752641226,-0.362836635108256,-0.841672019612397,-0.902564283763228,0.0205016207879175,-0.979320009470957,-0.680703938055349,-0.679399709028993,-0.798624539569438,-0.58636397201414,-0.590419110099479,-0.479183249951239,1.47945001334105,-0.654451544220782,-0.755865250545603,0.325855665645029,-0.873831727472401,-1.09491872168078,1.43965501539974,-0.475498315316322,0.256299281298492,-0.632054548348183,0.0608860640705475,-0.605022983692602,-0.915536831645335,-0.471386234374061,-1.52152170269417,-0.704852117823712,-0.657270497541832,-0.49858944200454,-0.495454091056586,-0.625430816380737,-0.419839307586847,-0.73139551936346,-0.618696368735234,-0.513248218781385,-0.586212932084341,-0.418816240327903,-0.637586357654596,-0.419171849570317,-1.10378034554778,-0.504768109875833,-0.503708930529297,-0.652085637870721,-0.924514780586802,-1.28931703069017,-0.813303292440974,-0.166920949573525,-0.816725390488356,-0.404812961836128,-0.211881674972894,-0.800640494297979,-0.144215268138808,-0.763076391897337,-0.902644853486256,-0.60699609384901,-0.943549081967018,-0.972280070282039,-0.923566729405713,-0.492093429498443,-1.12976969199847,-0.356127764920938,-0.426152405790388,-1.21479747878706,-0.826222229547082,-0.627488378610812,-0.429499750025505,-0.464375891526999,-0.886517603314692,-1.06964048874916,-0.455236351660987,-0.742946755276486,-0.582032151080456,-1.18959503173864,0.476468761113879,-0.983650944381099,-1.14410546505167,-0.796526001879866,-0.708710560777974,0.245099089174348,0.193388854077089,-0.809608919621213,-0.965937838928799,-0.504623527225731,-0.863563219649252,-0.508943084139003,2.17477555477066,-0.466764426657629,-0.836854594027651,-0.561253030076281,-0.883773155823425,-0.444598034495984,-0.471942960119018,-0.869130914118606,-0.799233124164901,-0.940150205056253,-0.477833002749308,-0.232704500296675,-0.414352476826801,-0.867875810443468,-0.747265772882252,-0.618950848071241,-0.430499440370047,-0.796259557655844,-0.77458771809739,-0.493593930889384,-0.96499962340129,-0.558555906049502,-0.598213055580144,-0.710284973869927,-0.614764475187905,-0.381443938713816,-0.0414869950138353,0.491589773724663,-0.747997090271536,-1.01074181138039,-0.566010699037032,-0.603032598624489,-0.730318235371536,-0.598204255115836,-0.71157305436993,-0.606204342383374,-0.63129034137311,-0.386808567195655,-0.473937637058681,-1.34793694574871,-0.675677485964019,-0.799036810595303,-0.764417769029699,0.939659383497674,-0.858462959667144,-0.00492799074675761,0.33006287355969,-0.388200013230897,-0.672522450531549,-0.689569785356508,-0.473022536701622,-0.538722496195877,-0.7995406586986,-0.574547412051676,-0.819944378140991,-0.380430093207073,-0.834709508043328,-0.895298276157752,-0.543996565944918,0.070663664901726,-0.727671643160738,-0.653697914574418,-0.658091677882378,-0.719112826150793,-1.08773769552895,-0.814187642569382,-0.775032802607551,-0.580755287411444,-0.836916634773705,-0.689391508662824,-0.740417895485083,-0.591226315601407,-0.517699977761507,-0.508516510850491,-0.839734362004915,-0.521979735973987,-0.61052131080658,-0.545495229195593,-0.524254694445744,0.0768460770791276,-0.745395082740569,-0.719523549783808,-0.588297561945064,-1.14485071477297,-0.85534945010494,-0.794015296702858,-0.312227296295058,-0.788184218742662,-0.495614760728454,-0.371246103989026,0.740773024255107,-0.997877754173032,-0.677053451143998,-0.593681714206644,-0.792912836073741,-0.598637045425795,-0.757800053491713,-0.694758292889573,-0.55321502257966,0.0674971639451587,-0.392786433490695,-0.761647247973245,-0.998362605765605,-0.485816253127067,-1.26637581039537,-0.847748388510819,-0.608508425207776,-0.616708057714315,0.205216595775659,-0.716476224852673,-0.609571261310305,0.00146051190950533,-0.4791466881953,-0.527848653802147,-0.581450107692442,-0.623221682356157,-0.435636546977412,-0.456566211138298,-0.610462067670283,-0.772205776546817,-0.781460697748757,-0.441282341989839,0.226229262304946,-0.693610145686299,-0.659291990063793,-0.569755773406841,-0.969526788505132,-0.773643467427534,-0.837555726474759,-0.909848144967057,0.114896665405364,-0.384272493327475,-0.777454081363004,0.126660006876779,-0.911558242630226,0.418245349343531,-0.620494342313918,-0.601887066668739,-0.600466657719567,-0.052860227756531,-1.15353005879963,-0.69871053666764,-0.855651382052597,-0.69470202359073,-1.13339019479525,-0.594114272437374,-0.571646636129868,0.156112788070723,-0.777414105828957,0.655825694500131,-0.963894975231911,-0.367490929903791,-1.00723720358106,-0.573648085257991,-0.905751916506873,-0.548246753341323,-1.17376531728267,-0.74633402219577,0.378116276594883,-0.513527807859149,-0.410458854850929,0.141377060230515,-0.376085254966847,-0.65323427697639,-0.138911694496906,-0.487170846083124,-0.605815007708669,-0.194859598785085,-0.512995918425756,-0.6002692007909,-0.494007793907488,-0.829580232182152,-0.274929205559356,-0.682378934286747,-0.597600263298091,0.609322134875612,-0.775810477487309,-0.505226462944271,-0.914483551563009,-0.755650546229756,-0.800938882071613,-0.923820668091811,-0.543856568710744,-0.799784033987206,-0.351380112545459,-0.547914033241979,-0.69252288453592,-0.518860584787243,-0.718638772768277,-0.574522884957265,-0.766028616235394,-0.783162489495666,-0.566224935388611,-0.60068195999903,-0.675382976552414,-0.653790722557568,-0.653851689833047,-0.569897592314005,-0.685835715519622,-0.647904522193843,-0.664556936026652,-0.569034714136114,-0.507817813873977,-0.536494698185429,-0.768897864954003,-0.585376536065427,-0.622528035985135,-0.454210725594474,-0.564900394388196,-0.574696478706447,-0.723730928957138,0.256851873085681,-0.540641423031425,0.150341232383024,-0.539307094691963,-0.348425147702436,-0.498591251333388,0.71565232786999,-0.831156261607636,-0.622281704570721,-0.782401068500164,-0.789447035739829,-0.557501763870755,-0.505778909237946,-0.624275977269652,-0.743774131603622,0.459317828564739,-0.846638841230125,-0.397363968993432,-0.922357934814868,-1.07695751091064,-1.14934390124832,-0.306376381346778,-0.625888537038413,-0.641289533744246,-0.56888790075037,-0.680264025007797,0.846577499935791,0.444308631538569,-0.604395814203172,-0.64437704550372,-0.609921532378848,-0.619881066592517,-0.61712009938149,-0.363912718313512,0.50059711669304,-1.0215233429337,-0.530264405273805,0.351935759215781,-0.569578522132877,-0.436105875668738,0.419256593963783,-0.406700539566019,-0.673273035311341,-0.565998932195026,-0.685817859793634,-0.730817206313231,-0.520238954117215,-0.127249128363754,-0.298071562223181,-0.344789866784545,-0.495183843341153,-0.939394475450667,-0.74095518162433,-0.726611845001168,-0.553693741254614,-0.612887431730709,-0.536600271805562,-0.606291521024171,-0.553901067919841,-0.479383335875246,-0.621606511720135,-0.211046643877966,-0.48805352537329,-0.865980025698746,-0.543434400240448,-0.767155531633286,-0.617518100327603,-0.563722602978791,0.0392873764138175,-0.469274127030998,-0.71456688213729,-0.796606268568196,-0.598331963886002,-0.491698944574237,-0.703895512265653,-0.748464495467583,-0.683218747620856,-0.813165332182298,-0.94583725016588,-0.472351838475484,-0.494377357867234,-0.975604745971856,-0.766724197739351,-0.823990033085211,-0.926108184691356,-0.558717666256494,-0.379161949641383,-0.202024451582489,-0.646988711141297,-0.614835278634353,-0.623039723737013,-0.812575895131137,-0.441748500440315,-0.788012724473105,-0.515370748508433,-0.180089953876548,-0.750713194799017,-0.807101569604255,0.442944837942755,-1.05244496011756,-0.575643008354943,-0.61899979002849,-0.46950194156598,-0.567597101091729,-0.623788878529261,-0.67680156571333,-0.514869524021752,-0.440109756196063,-0.797330693575754,-0.628134209307874,-1.11711648863016,-0.864582352823089,-0.559609290515974,-0.575080500923803,-0.624478446322977,-0.233555594911555,-0.465167799440612,-0.735980601657659,-0.0933323762234791,-0.978836790500469,-0.528878550032712,-0.442246094950301,-0.590310521918287,-0.597626308220176,-0.535005976446535,-0.662238419525069,-0.86340182998155,-0.882104756219481,-0.599446075410806,0.422745864265313,"Breast"
"MGH-BrCa-H81-TR492",-0.555592417576326,0.407089794180525,-0.222664296405196,-0.309802784571431,-0.804770841052989,-0.0108318375212336,-0.489483674713921,-0.366723781590448,1.49865875768137,0.350287406730564,-0.5360100599205,-0.427166054873635,0.0931355404790965,0.116463032096607,-0.522805082503363,1.5760193899678,0.393660409004015,-0.152417058600307,-0.496697729346053,-0.533225338772386,0.379367444560695,0.160418900269598,0.292071316850088,0.5128270621231,-0.463117655150358,0.179875670061114,0.739179351087663,-0.00338060521963298,-0.59994073973799,-0.572265270403078,-0.449126948447106,0.987359045830586,0.0301239718536381,-0.309529644846314,0.421972949967133,-0.108835100571782,1.21443726555056,0.710528574233157,0.644813001488342,0.159808864950606,-0.895452219586475,-0.0515069824809584,0.0232284052508684,-0.536928301917431,-0.535926408238852,0.189023087745204,-0.800523516316676,-0.684422976084699,0.441264380689418,0.626465657198063,-0.804466674495576,-0.151259454617785,-1.00553084851786,-0.698035010121555,-0.559247717928647,-0.374389587264773,1.06638122261334,-0.488378971130679,2.24097719802758,0.835676437671135,0.982792024043385,0.764436861750856,-0.0372031174729501,-0.361091310062088,-0.0578246398158255,1.09530719933781,0.118678306849057,-0.342408185833874,-0.373528297476943,-0.795742519048072,0.23142469925196,0.160707253359365,0.666592366008541,-0.811355606421236,-0.594144064245794,-0.427209662751993,0.0303355625703456,-0.133082320926367,0.469425954546289,0.858847170234357,0.786960249931148,1.36276990690252,-0.531928479266338,1.12096901265411,0.673239354854346,-0.539991255188735,-0.729222797826837,-0.510050775686776,0.313429762677217,-0.565123718108775,0.177819553460949,0.323346874608952,-0.439395440768505,-0.806924516606813,0.583761105578119,-0.386236372075434,1.80409149363402,0.420392679955637,-0.580182792717566,0.479285869820126,-0.504580611844278,-0.0920362431794974,0.974096804186358,-0.245177972338974,0.128148279386882,-0.612012511430763,0.527378147670182,0.177047512389058,0.394268615985663,-0.460165867777426,-0.699577466702064,0.24025445513111,-0.589992561305584,-0.592394335996418,1.95974869617483,-0.852561903334732,-0.415332247460931,0.0883164520372166,0.326441634982427,0.0206461736174569,0.0908837797750921,-1.00973743599682,-0.434538970011261,0.241018468303522,-0.435788251451523,-0.466481924852692,0.088214346028045,0.894377553883856,0.725949564799708,0.430312151165847,-0.612032059829267,-0.42618686188652,-0.515214523200561,-0.563237817945086,1.28658485202343,-0.433250890230484,-0.0905869488593942,-0.628682208598634,0.228623558687417,-0.0926728177513381,-0.873635287857545,-0.521167552986871,-1.14911005197331,0.339029624501458,-0.256199828565547,0.119805420183397,-0.680795110743151,-0.630959826187288,4.44197666366441,-0.360394763248112,-0.403611095940632,-0.389071015269582,-0.544945209809633,-0.584432675918967,0.601341531278417,-0.184519405490155,0.0516620472017795,0.135529691227148,0.813899943195974,0.654034384391155,-0.327202647559596,-0.627987841573039,0.0586814306447732,0.520568001163935,-0.0929086008770778,2.70066999361446,-0.28861712295378,1.49492539182517,0.682280958318007,-0.517026089783175,-0.717586015732752,-0.32482213799854,-0.349451513420081,1.19814828277818,-0.529739447900487,-0.991195534761472,1.0174983455601,0.0675807691712199,0.735890406692549,-0.399898634726296,1.00056074992945,-0.659554194522494,1.79501527707121,-0.59156966366512,0.224023520418957,-0.567826653865324,3.43720518080339,-0.582134881397445,-0.547273332987266,1.33854226828399,-0.10490369713334,-0.697113880119278,-0.954138085945745,-0.379860308385482,-0.429555381613032,-0.872091461738152,1.92086484999466,-0.308473329601953,-0.654078746223719,0.406551442874663,-0.440845057560506,-0.402800957411009,-0.509810871954022,0.555268603581566,-0.12678677900602,-0.181955137159211,0.56283188475772,0.686629754066262,0.501631076505512,-0.146274329186664,0.551751540297638,-0.724722993416231,-0.387458469999575,0.425409415297363,-0.411917587129534,0.688119612289347,0.768496875112576,-0.188107434563726,-0.826299878399175,0.784920946267179,0.116604432336442,-0.077300920329842,0.406891106543608,-0.752576497540583,-0.774127007600307,0.258067683670786,-0.158262737191074,-0.112145012787306,0.498737379492437,0.442528321910599,0.32069324621009,-0.0658744129506302,0.250398260273258,-0.802317558831034,-0.431584442518366,-0.356871832779194,-0.631943764721935,0.325968278900111,0.825145814574529,0.428471665514735,-0.235519757003331,0.393754862312112,-0.434992869168602,-0.668353341025039,-0.557349591175902,-0.557212294656012,-0.644290045193844,-0.670603752641226,-0.362836635108256,-0.486712701602831,-0.461659980413473,0.475021517550481,-0.506115004594945,0.35926762651395,0.68466348911068,-0.798624539569438,-0.58636397201414,-0.590419110099479,-0.479183249951239,2.04534216013851,0.507106646110577,0.820500243042742,-0.309907228770044,0.0750370206803449,-0.286406004211915,0.131807935575323,-0.475498315316322,0.246396537476725,-0.632054548348183,0.457837230884638,0.634913077285127,-0.915536831645335,-0.819041618791725,-0.440943207293785,0.14289997550759,0.863129291642596,-0.49858944200454,-0.495454091056586,0.120560987633335,1.51121225944273,1.12180798049867,-0.618696368735234,-0.513248218781385,-0.586212932084341,-0.418816240327903,-0.637586357654596,0.588558379846272,-0.383097031040643,-0.504768109875833,-0.503708930529297,-0.790366159975407,-0.101390584944603,-1.28931703069017,-0.813303292440974,1.51596389076762,-0.0591763537423308,-0.404812961836128,0.741040399861661,-0.0197606933576181,-0.478458544277738,-0.763076391897337,-0.114778522759805,-0.60699609384901,0.413338374941291,0.463344422226522,-0.923566729405713,-0.492093429498443,0.194134664376944,-0.356127764920938,1.30531155738246,-0.378063741014655,-0.348562705078457,-0.627488378610812,-0.429499750025505,0.515470037465655,-0.886517603314692,0.249981257232833,0.955046974342067,-0.742946755276486,-0.582032151080456,0.0424353180384866,-0.14141010616006,-0.444099126973444,-0.698639106396607,0.765857827527248,0.200619269454554,0.23359344619884,0.243505679722679,-0.325154558736661,0.603575621858653,-0.504623527225731,0.00448892155127119,0.443135651756768,-0.680117437351813,-0.466764426657629,-0.836854594027651,-0.561253030076281,-0.295626966345261,-0.444598034495984,-0.527673960930775,0.423159608723795,-0.799233124164901,-0.0104751837568517,-0.477833002749308,-0.51749242376434,-0.414352476826801,-0.134851215053899,-0.747265772882252,0.133621740615495,-0.430499440370047,-0.179019572174259,-0.273513543577495,1.11535629640826,0.0926027591381484,-0.558555906049502,-0.598213055580144,-0.710284973869927,-0.614764475187905,-0.681562226029662,-0.31870889333137,-1.10386469962424,-0.747997090271536,-0.340462433445645,0.775759936481641,-0.603032598624489,-0.730318235371536,-0.598204255115836,0.485562361987081,0.117960655237736,0.120258343885641,0.712719418239283,-0.473937637058681,-0.596083042076182,0.32123429609448,-0.129561627250864,0.424930498799146,1.69926196530678,0.215152933469601,-0.129535267323387,-0.0695112072337285,-0.388200013230897,0.0600855838515747,-0.689569785356508,-0.567817852434983,-0.538722496195877,0.192176766809157,0.362648358349391,0.663015822416288,-0.380430093207073,0.144180003818201,0.0478581522391064,0.134236959843035,-0.760805550465173,0.623968765655475,-0.653697914574418,-0.658091677882378,-0.719112826150793,-0.511253974818776,-0.814187642569382,0.0504637963295541,-0.580755287411444,0.242410833785161,-0.689391508662824,1.02082971477836,-0.591226315601407,-0.517699977761507,0.584312355634191,0.27760700641243,-0.521979735973987,-0.61052131080658,-0.545495229195593,-0.524254694445744,-0.831984299900153,-0.745395082740569,-0.0399488223168593,-0.588297561945064,0.431844853395603,-0.613972021947648,0.23591651463157,-0.11805447867296,-0.0269170356207528,-0.495614760728454,0.0191307959749768,-0.359487824211912,-0.546907307063875,0.116546396348803,0.247193095291742,-0.792912836073741,-0.598637045425795,-0.757800053491713,-0.694758292889573,-0.55321502257966,-1.1319511214443,-0.392786433490695,-0.297953324636575,-0.500151289805858,-0.485816253127067,0.521889756060988,-0.11067917765946,0.504686813556703,-0.616708057714315,-0.682642890579754,-0.716476224852673,-0.609571261310305,-0.138292656962158,-0.4791466881953,-0.527848653802147,1.01570552746377,0.801728723158591,-0.14362993479723,-0.456566211138298,-0.659097734462806,-1.11904086814786,-0.781460697748757,-0.441282341989839,-0.515907713643396,-0.693610145686299,-0.578818895960908,-0.569755773406841,0.304217213539287,-0.773643467427534,0.43845202333925,0.15165792571911,-0.785445256160296,-0.384272493327475,-0.777454081363004,0.398056028362444,-0.0204889553059365,-0.67319351540593,-0.620494342313918,-0.601887066668739,-0.600466657719567,-0.470370924757295,-0.863772296900024,-0.69871053666764,-0.405676225229428,0.370646337540218,-0.0995395816394942,-0.648963094056304,-0.571646636129868,-0.71593825275176,0.300608414274004,-0.270412694519382,-0.352746245892848,-0.367490929903791,-0.0732395265276057,-0.573648085257991,-0.905751916506873,0.816322912896811,0.188219006411362,0.0437579923197552,-0.77689632987442,0.346281028483638,-0.410458854850929,-0.702854463496712,-0.376085254966847,-0.65323427697639,-0.225226213861839,-0.487170846083124,-0.605815007708669,-0.838746468088768,-0.512995918425756,-0.6002692007909,-0.494007793907488,-0.829580232182152,-0.282726754603625,0.0862388060625933,-0.597600263298091,-0.561688757941423,-0.775810477487309,-0.505226462944271,-0.914483551563009,-0.755650546229756,-0.800938882071613,-0.923820668091811,-0.543856568710744,0.102806058304008,-1.0193235802583,-0.547914033241979,-0.69252288453592,-0.518860584787243,-0.718638772768277,-0.574522884957265,-0.766028616235394,-0.783162489495666,-0.566224935388611,-0.60068195999903,-0.675382976552414,-0.653790722557568,-0.653851689833047,-0.569897592314005,-0.685835715519622,-0.647904522193843,-0.664556936026652,-0.569034714136114,-0.507817813873977,-0.536494698185429,-0.768897864954003,-0.585376536065427,-0.622528035985135,-0.454210725594474,-0.564900394388196,0.360316085255111,-1.08965145021407,-0.785105315526192,-0.540641423031425,-0.665426753584578,-0.539307094691963,-0.348425147702436,-0.498591251333388,-0.523080667456721,0.105673899493748,-0.622281704570721,-0.782401068500164,-0.0863464386277146,0.60860142915746,-0.505778909237946,-0.624275977269652,-0.103833694311932,0.449034329194119,-0.480961457767774,-0.397363968993432,-0.420684791829576,0.181079510539586,-0.112580201860481,0.0951567409497396,0.129154198542558,-0.641289533744246,-0.56888790075037,-0.680264025007797,-0.470465254505972,-0.726381607522248,0.892575870339212,-0.64437704550372,-0.609921532378848,0.257972162556254,0.28609420332783,-0.363912718313512,-0.421387307249072,-1.0814872706881,-0.530264405273805,1.08933567880878,-0.569578522132877,-0.436105875668738,0.271173614082327,-0.406700539566019,-0.673273035311341,0.222653657720276,0.725822917342759,0.117768700725732,-0.520238954117215,-0.713193758009176,-0.15071277759227,-0.344789866784545,-0.495183843341153,-0.939394475450667,0.0162527781090661,-0.726611845001168,-0.553693741254614,-0.612887431730709,-0.536600271805562,-0.606291521024171,-0.553901067919841,-0.479383335875246,-0.621606511720135,-0.974570951392448,0.42592772431486,-0.865980025698746,-0.543434400240448,0.969720865893049,-0.617518100327603,-0.563722602978791,-0.524092166767868,-0.469274127030998,0.365722398249024,-0.796606268568196,0.503370107102851,-0.491698944574237,0.389333427961769,-0.37401287053042,-0.683218747620856,-0.813165332182298,-0.94583725016588,-0.472351838475484,0.332446891653073,-0.330086485236995,-0.0963211922660896,1.28231305081256,-0.275321410099264,-0.558717666256494,-0.379161949641383,-0.524674590512592,-0.369295844063708,-0.614835278634353,-0.623039723737013,-0.812575895131137,-0.441748500440315,-0.788012724473105,0.538727377146786,-0.495414115115987,-0.750713194799017,-0.807101569604255,-0.557916730587529,-0.335413660311974,-0.575643008354943,-0.61899979002849,-0.46950194156598,-0.567597101091729,-0.623788878529261,-0.67680156571333,-0.514869524021752,-0.440109756196063,-0.0452849939506911,0.16625759640287,0.0767574089219368,-0.864582352823089,-0.559609290515974,0.299773826493971,-0.624478446322977,-0.30339144160807,-0.465167799440612,-0.735980601657659,0.457200685647941,-0.141785036003401,-0.528878550032712,-0.442246094950301,-0.590310521918287,-0.597626308220176,-0.535005976446535,-1.24865340508078,-0.86340182998155,-0.882104756219481,-0.599446075410806,-0.518950740640203,"Breast"
"MGH-BrCa-H83-TR550",-0.555592417576326,0.398015060380619,-0.442207283527136,-0.205384738104003,-1.00711044323687,-0.894140102105845,-0.489483674713921,-1.15669872793408,2.46658873158897,-0.587392633752342,-0.5360100599205,-0.427166054873635,0.199081064631941,-0.906954785415906,-0.522805082503363,-0.25548659389982,-0.57729235363827,-0.303840390291129,-0.496697729346053,-0.533225338772386,-0.0463191444003988,0.524431749142231,-0.72953949609161,0.0480898698217252,-0.359744751315469,-0.593794909785131,0.69450509873963,-0.170597302109792,0.386745408000519,-0.572265270403078,-0.449126948447106,-0.823525490657949,-1.24614815954864,-0.309529644846314,-0.831871029315872,0.0138720882252747,-0.497006264132812,-0.559309350558077,-0.559017979556082,-0.97766678067334,-0.835172613583891,-0.985369683958035,-1.07616298942653,-0.536928301917431,-0.535926408238852,-0.810656311503271,-0.800523516316676,-0.684422976084699,-0.0640847902775858,1.06504397467591,0.217834743539871,-0.722133608031586,-1.00553084851786,-1.06642129487193,-0.559247717928647,0.679814707644033,0.26119173541758,-0.488378971130679,0.691165442092002,-0.223989394995245,-0.940150463465516,1.15385341784154,-0.78169417422122,-0.361091310062088,0.362353113438198,-0.597562997079172,-1.01277899053072,-0.459022898666451,-1.19908504397138,-0.747370135223046,-0.31202740832759,-0.950184227790595,-0.62582241159886,0.211377971203377,-0.594144064245794,-0.427209662751993,-0.884442638278434,-0.726511286645635,-0.518709942838152,1.06165518038009,0.773323601964484,0.33021975755045,-0.253967717707833,-0.572367111065056,0.63187679395899,-0.539991255188735,-0.729222797826837,-0.510050775686776,-0.56503564513667,-0.676130116875939,-0.477624992282611,2.35918115733359,-0.439395440768505,-0.806924516606813,-0.824109659368058,-0.386236372075434,-0.370292957722169,-0.652696741503466,-0.580182792717566,-0.893144250525708,-0.504580611844278,0.53075202788761,-1.00272583549808,-0.824988666868521,-0.0660490149241988,-0.612012511430763,-0.949267944187187,-0.862894276943365,0.406073061171848,-1.16329464966875,0.806219218956418,-0.848866007382096,-1.20970090202904,-0.592394335996418,-0.563564816816346,-0.852561903334732,-0.415332247460931,0.0600448136796362,-0.556437840594048,-0.749289324826282,-0.864139486256635,-0.971026868492056,-0.434538970011261,-0.540935274554197,-1.33738969127492,-0.466481924852692,-0.503603330404893,-0.71314737154191,-0.467269611423203,-0.781783811545767,-0.612032059829267,1.82280669055813,-0.515214523200561,0.31585385068102,-0.652232400369068,-0.433250890230484,-0.544245331495451,-0.628682208598634,-0.96051637736292,-0.622774284236347,-1.01146565029066,0.601726390900153,-0.790775325330053,-0.74594206276323,-0.922939115191811,-0.294070579006372,0.853313861048851,0.180478853412453,0.516729837706825,-0.360394763248112,-0.118551081208144,-0.444493905712906,-0.544945209809633,-0.222347012780229,0.377747801640937,-0.553570443152954,-0.803191037428762,-0.215783930936031,-0.331165352372774,-0.938055876675319,-0.656660918580352,-0.346038106812382,-0.103485751643595,-0.00120618649925673,-0.614023171260646,0.807336115865262,0.403316318731361,-0.533884030225674,0.560630241694619,-0.517026089783175,-0.717586015732752,-0.369156840141092,0.0742479599817057,-1.02331441862592,-0.529739447900487,-0.991195534761472,-0.484444351416916,-0.724735509236815,-0.526299124296129,-0.399898634726296,-0.465400568692601,-0.659554194522494,2.35803914689843,-0.59156966366512,-0.686166850667112,-0.567826653865324,0.525144370182232,-1.49053808632399,-0.547273332987266,-0.551980064673498,-0.836461434415258,-0.697113880119278,-0.954138085945745,-1.00110225633659,-1.13657998652521,-0.872091461738152,-0.889556386155257,0.303645368608688,-0.654078746223719,0.219963037905699,-0.440845057560506,-0.402800957411009,-0.834174721486325,-0.574567391161672,-0.703835163632772,-0.660725638201755,-0.660262121385938,-0.784182116331742,-1.33950734716597,-0.0133783685749821,-0.490191614502914,-0.724722993416231,-0.387458469999575,-0.67265289501153,-0.766557719721396,-0.267193802975886,-0.749562816960677,-0.566624641719298,-0.342322757937581,-0.721727210801833,-0.876317725753786,-0.875446007171464,0.713721539052943,-0.752576497540583,-0.774127007600307,-0.657239406583379,-0.739571250856207,0.291259276029367,-0.547342081550196,-0.66549608966086,-0.400497512029309,-1.11914191936283,-0.961280804736148,-0.802317558831034,-0.431584442518366,-0.364917191930664,-0.631943764721935,-0.579507915169398,-0.620100662679788,-0.503796517211337,-1.0770163128063,-0.167567826997514,-0.939825400487642,-0.597177363431683,-0.557349591175902,-0.667140728364014,-1.03386340873485,0.157664802325421,-0.362836635108256,-1.05101809855419,-0.19099186077133,-1.0669610666387,-0.618474388659655,-0.680703938055349,-0.679399709028993,-0.180251347785708,-0.58636397201414,0.747833165136523,-0.479183249951239,2.06493819290407,-0.654451544220782,0.912200509179885,-0.942110585579901,-0.873831727472401,-1.09491872168078,1.16661928681624,-0.475498315316322,0.0299997986670185,0.55475805718034,-0.296105666573601,0.4013316555672,0.226108043136689,-0.780801743342802,-0.338687092152332,-0.704852117823712,-0.657270497541832,-0.49858944200454,-0.495454091056586,0.228050231568961,-0.419839307586847,-0.106665537450604,-0.618696368735234,-0.513248218781385,-0.586212932084341,-0.418816240327903,0.47027037644953,-0.419171849570317,-0.280690960377716,-0.504768109875833,-0.503708930529297,-0.732109290808367,-0.257319574332912,-1.28931703069017,-0.813303292440974,-0.177588844613321,0.241482216658092,-0.404812961836128,-0.831170933594364,-0.800640494297979,-0.577924921408716,0.220259304565029,-0.797503478667762,-0.60699609384901,-0.943549081967018,-0.972280070282039,-0.206595933838373,-0.492093429498443,-1.12976969199847,-0.356127764920938,-0.426152405790388,-1.21479747878706,-0.826222229547082,-0.627488378610812,-0.429499750025505,-0.464375891526999,-0.311450936248946,-1.06964048874916,-0.455236351660987,-0.742946755276486,-0.582032151080456,-0.184785607081913,0.455597764565258,-0.991051790660443,-0.785162550337524,0.23948716040145,-0.708710560777974,-0.337706835200464,-0.79167821863407,-0.809608919621213,-0.965937838928799,0.572431510655836,0.128400823128287,-0.292418628618479,0.711760197111411,-0.466764426657629,0.276585108548696,-0.561253030076281,-0.883773155823425,-0.444598034495984,-0.585382325863573,-0.869130914118606,-0.799233124164901,-0.186588688010812,-0.477833002749308,-0.525647461788408,-0.414352476826801,-0.0292304037786638,-0.747265772882252,-0.618950848071241,-0.430499440370047,-0.796259557655844,0.213361052193928,-0.493593930889384,-0.96499962340129,0.242945505995142,-0.598213055580144,-0.710284973869927,-0.614764475187905,-0.909414048407262,-1.13688436302446,-1.10386469962424,-0.747997090271536,0.147921497226242,-0.566010699037032,-0.603032598624489,0.617902494070785,-0.598204255115836,-0.71157305436993,-0.606204342383374,-0.63129034137311,-0.386808567195655,-0.473937637058681,-0.464023261494098,-0.675677485964019,0.513813128837163,-0.764417769029699,0.787398209317514,0.0129032089958269,-0.889325548542612,-0.103195704462728,-0.388200013230897,0.991262606866427,-0.689569785356508,-0.215186796908754,0.203892210481446,-0.7995406586986,-0.574547412051676,-0.819944378140991,-0.380430093207073,-0.834709508043328,-0.895298276157752,-0.543996565944918,-0.760805550465173,-0.392442982532428,-0.653697914574418,-0.658091677882378,-0.719112826150793,-0.157354583264981,-0.814187642569382,-0.775032802607551,-0.580755287411444,-0.280427297259772,-0.689391508662824,-0.740417895485083,-0.591226315601407,-0.517699977761507,-0.508516510850491,-0.839734362004915,-0.521979735973987,-0.61052131080658,-0.545495229195593,0.489987647335988,0.0612982695564113,-0.745395082740569,-0.719523549783808,-0.588297561945064,-0.296106469294839,-0.85534945010494,-0.794015296702858,-0.755177697434281,-0.788184218742662,-0.495614760728454,-0.385154301767573,-1.05758031450463,-0.108716585397753,-0.677053451143998,-0.593681714206644,-0.792912836073741,-0.598637045425795,0.288560304433535,0.132233770570843,-0.55321502257966,-1.1319511214443,-0.392786433490695,-0.761647247973245,-0.998362605765605,-0.485816253127067,-0.101886420220762,-0.847748388510819,-0.608508425207776,-0.616708057714315,-0.682642890579754,-0.716476224852673,0.696578516879086,-0.0154930109744088,-0.4791466881953,0.769261043532007,-0.581450107692442,0.413156620356926,-0.890268014919754,-0.456566211138298,-0.866869035926462,-0.435282412131352,-0.781460697748757,-0.441282341989839,-0.848579552590124,-0.693610145686299,-0.808823737105765,-0.569755773406841,0.293438889908878,-0.773643467427534,-0.837555726474759,-0.0494290666302166,-0.785445256160296,-0.384272493327475,-0.151318303747549,0.356833200422372,-0.911558242630226,-0.67319351540593,-0.620494342313918,0.557761593350399,-0.600466657719567,-0.969725385594821,-0.928893426146198,-0.69871053666764,-0.855651382052597,-0.0126021899929636,-0.681200166050917,-0.834923766559044,-0.571646636129868,-0.71593825275176,-0.777414105828957,-0.877809728241419,-0.963894975231911,-0.367490929903791,-0.469855824942158,-0.573648085257991,0.187014196832457,-0.548246753341323,0.256896527067411,-0.74633402219577,-0.77689632987442,-0.513527807859149,-0.410458854850929,-0.702854463496712,-0.376085254966847,-0.65323427697639,-0.751527203204582,-0.487170846083124,-0.605815007708669,-0.838746468088768,-0.512995918425756,-0.6002692007909,-0.494007793907488,-0.829580232182152,-0.666822093042509,-0.682378934286747,-0.597600263298091,-0.561688757941423,-0.775810477487309,-0.505226462944271,-0.914483551563009,-0.755650546229756,-0.800938882071613,-0.923820668091811,-0.543856568710744,-0.799784033987206,-1.28210836864751,-0.547914033241979,-0.69252288453592,-0.518860584787243,-0.718638772768277,-0.574522884957265,-0.766028616235394,-0.783162489495666,-0.566224935388611,-0.60068195999903,-0.675382976552414,-0.653790722557568,-0.653851689833047,-0.569897592314005,-0.685835715519622,-0.647904522193843,-0.664556936026652,-0.569034714136114,-0.507817813873977,-0.536494698185429,-0.768897864954003,-0.585376536065427,-0.622528035985135,-0.454210725594474,-0.564900394388196,0.183191460641024,-0.141309877454516,-0.785105315526192,-0.540641423031425,-0.665426753584578,-0.539307094691963,-0.348425147702436,-0.498591251333388,-0.523080667456721,-0.0717950426445098,0.29199088316631,-0.782401068500164,0.0149626524207479,-0.557501763870755,-0.505778909237946,0.230593548396553,-0.743774131603622,-0.743846574768942,-0.0161694252820088,-0.397363968993432,-0.922357934814868,-0.526711866470217,0.0354147806753568,-0.137538452980271,-0.625888537038413,-0.641289533744246,-0.56888790075037,-0.680264025007797,-0.470465254505972,-0.726381607522248,-0.604395814203172,0.444334891318899,-0.609921532378848,-0.619881066592517,-0.61712009938149,-0.363912718313512,-0.421387307249072,-1.2001653527199,-0.530264405273805,-0.0710248402203262,-0.569578522132877,-0.436105875668738,-0.631759280520507,-0.406700539566019,-0.673273035311341,-0.565998932195026,-0.685817859793634,-0.730817206313231,-0.520238954117215,-0.713193758009176,-0.030178787086015,-0.344789866784545,-0.495183843341153,-0.939394475450667,-0.74095518162433,-0.726611845001168,-0.553693741254614,-0.612887431730709,-0.536600271805562,-0.606291521024171,-0.553901067919841,-0.479383335875246,-0.621606511720135,-0.974570951392448,-0.48805352537329,-0.865980025698746,-0.543434400240448,-0.767155531633286,-0.617518100327603,-0.563722602978791,-0.524092166767868,-0.469274127030998,0.161077198132851,-0.796606268568196,-0.598331963886002,-0.491698944574237,-0.703895512265653,-0.902958858125056,-0.683218747620856,-0.813165332182298,-0.361908007886436,-0.472351838475484,-0.494377357867234,-0.975604745971856,-0.766724197739351,-0.823990033085211,-0.926108184691356,-0.558717666256494,-0.379161949641383,-1.02737092254885,-1.00262217313744,-0.614835278634353,-0.623039723737013,-0.812575895131137,-0.441748500440315,-0.788012724473105,-0.515370748508433,-1.2541307915187,0.445255801284464,-0.807101569604255,-0.557916730587529,-1.05244496011756,-0.575643008354943,-0.61899979002849,-0.46950194156598,-0.567597101091729,-0.623788878529261,-0.67680156571333,-0.514869524021752,-0.440109756196063,-0.797330693575754,-0.628134209307874,0.0389361843235758,-0.864582352823089,-0.559609290515974,-0.575080500923803,-0.624478446322977,-0.72921406656607,-0.465167799440612,-0.121794004020222,-0.870570227459186,-0.300352400242532,-0.528878550032712,-0.442246094950301,-0.590310521918287,-0.597626308220176,-0.535005976446535,-0.972136216213843,-0.86340182998155,-0.882104756219481,-0.599446075410806,-0.518950740640203,"Breast"
"MGH-BrCa-H84-TR551",-0.555592417576326,-0.665330012844802,-0.874316134855906,-1.03790453368905,-0.729501748135834,-0.862241207233619,-0.489483674713921,-0.721498523339325,2.28374544208501,-0.587392633752342,-0.5360100599205,-0.427166054873635,-0.642142611977996,-0.906954785415906,-0.522805082503363,-0.532440619323815,-0.57729235363827,-0.398502936143973,-0.496697729346053,-0.533225338772386,-0.00860314831767029,-0.756759621065685,-0.72953949609161,-0.78847611336051,0.205551710484343,-0.829732582275972,-0.671018873252328,0.820211242836664,0.242587536712423,-0.572265270403078,-0.449126948447106,-0.823525490657949,0.0408613914031692,-0.309529644846314,-0.631627129588103,-0.128497640449977,-0.497006264132812,-0.559309350558077,-0.673443483519964,-0.97766678067334,-0.500896168489006,-0.985369683958035,-1.07616298942653,-0.536928301917431,-0.535926408238852,-0.680343997951829,-0.165149274772467,-0.684422976084699,-0.894666522630992,-0.757778983174664,-0.804466674495576,-0.722133608031586,0.25273091122626,-1.06642129487193,-0.559247717928647,0.525792228048934,1.25615405087375,-0.488378971130679,0.941419517791773,-0.40145666337093,-0.940150463465516,1.08071203478375,0.244985923330011,-0.361091310062088,-0.0736120257181867,-0.597562997079172,-0.416269727757801,-0.03302724795989,-0.741791759868233,-0.803324369239047,-0.890457490909887,-0.950184227790595,-0.62582241159886,0.420014148529391,-0.594144064245794,-0.427209662751993,-0.884442638278434,-0.726511286645635,-0.518709942838152,0.311693961128946,-0.824570369406007,1.32134460685176,-0.632358186533047,-0.572367111065056,-0.632421218362915,0.38597045462304,-0.729222797826837,-0.510050775686776,-0.56503564513667,-0.654801774914281,-0.0691486239567426,1.35196939714542,-0.439395440768505,-0.806924516606813,-0.824109659368058,-0.386236372075434,-0.370292957722169,-0.652696741503466,-0.580182792717566,0.275075006094174,-0.504580611844278,-0.946777991831266,-1.00272583549808,-0.824988666868521,-0.491010375190081,-0.612012511430763,0.328308040365693,-0.787668795752468,0.365759200461963,-0.476264596652657,-0.699577466702064,-0.848866007382096,-0.358001176415195,-0.592394335996418,-0.563564816816346,-0.852561903334732,-0.415332247460931,-0.625702309118008,1.02963073594049,-0.749289324826282,-0.864139486256635,-0.318680025829869,-0.434538970011261,0.978498589073295,-1.33738969127492,-0.466481924852692,-0.333261002614056,0.32291101131876,-0.467269611423203,-0.781783811545767,-0.612032059829267,-0.42618686188652,-0.515214523200561,-0.563237817945086,-0.652232400369068,-0.433250890230484,-0.403002087003077,-0.628682208598634,-0.96051637736292,-0.622774284236347,-1.20641624068486,-0.521167552986871,-0.895557480199757,-0.74594206276323,-0.922939115191811,-0.41372759704872,-0.680795110743151,-0.630959826187288,0.377319683151194,-0.360394763248112,-0.624731518253193,-0.905147853329627,-0.544945209809633,-0.665780613741255,-1.12931857316399,-0.946374554527438,0.0319441126085154,-0.173997237157809,-0.411517451153026,-0.296992115968838,-0.290154703903403,-0.221751929176989,-0.797373187578022,-0.344313642192729,-0.79010712543755,-0.440422043770802,-0.832999110597407,0.87583532212116,0.358347281305636,-0.517026089783175,-0.717586015732752,0.197937024780558,-1.19702951435578,-0.448331031755502,-0.529739447900487,-0.991195534761472,0.365981307943895,-0.724735509236815,-0.0959096483882539,-0.399898634726296,-0.465400568692601,-0.659554194522494,1.96631952316414,-0.59156966366512,-0.686166850667112,-0.567826653865324,0.391689187303281,-0.860551493308219,-0.547273332987266,-0.551980064673498,-0.836461434415258,-0.277617840078146,-0.515331858087021,-0.86032257876012,-0.70954700350053,-0.872091461738152,-0.889556386155257,-0.938444320238906,-0.654078746223719,-0.578418903939853,-0.440845057560506,-0.402800957411009,-0.52723648156597,-0.574567391161672,-0.815533896950158,-1.03292766190848,1.01795007524978,0.653196356072469,-0.372969644388371,0.202772949449135,-0.490191614502914,-0.724722993416231,-0.387458469999575,-0.67265289501153,-0.539016051113583,-0.796344168921231,0.498710949200503,-0.410754048839775,-0.413033299073481,-0.721727210801833,-0.876317725753786,-0.875446007171464,-0.969552848986112,-0.752576497540583,-0.774127007600307,-0.657239406583379,-0.739571250856207,-0.769269638931583,-0.547342081550196,-0.66549608966086,-0.400497512029309,-0.794436982741239,-0.365989038511916,-0.802317558831034,-0.431584442518366,-0.378561688527209,-0.631943764721935,-0.579507915169398,0.792055672634078,-0.503796517211337,-1.0770163128063,0.4781484640373,0.154931146194099,-1.25302414456328,-0.557349591175902,-0.162612187069612,-1.56790518709751,-0.670603752641226,-0.362836635108256,-1.0638764715347,-0.294541300718932,-0.15153658437048,-0.909228645213319,-0.680703938055349,-0.679399709028993,-0.798624539569438,-0.58636397201414,-0.590419110099479,-0.479183249951239,2.39477344145092,-0.654451544220782,-0.755865250545603,-0.942110585579901,-0.873831727472401,-0.242924573753074,-0.453520463080941,-0.475498315316322,0.22019106466139,-0.632054548348183,-1.00035456820405,-0.605022983692602,-0.915536831645335,-0.718448985960677,-1.22214273777784,0.942436165318443,-0.657270497541832,-0.49858944200454,-0.495454091056586,-0.625430816380737,0.43032514730163,-0.73139551936346,-0.618696368735234,-0.513248218781385,-0.586212932084341,-0.418816240327903,-0.637586357654596,-0.419171849570317,-0.177157606225183,-0.504768109875833,-0.503708930529297,-0.382868330686306,-0.354798839535562,-0.902734591636495,-0.276387635189358,-0.267241579586285,-0.0765849538655847,-0.404812961836128,-0.831170933594364,-0.800640494297979,-1.00352564046401,-0.763076391897337,-0.456994976526431,-0.60699609384901,-0.943549081967018,-0.972280070282039,-0.923566729405713,-0.492093429498443,-0.504361484037277,-0.356127764920938,-0.426152405790388,-1.21479747878706,-0.826222229547082,-0.627488378610812,-0.429499750025505,-0.464375891526999,-0.886517603314692,-1.06964048874916,-0.455236351660987,-0.742946755276486,-0.582032151080456,-0.261457546971318,-0.755829565716357,-0.402228286110022,-0.614386418928319,-0.796526001879866,-0.708710560777974,-1.12086668854464,0.0357129445598031,-0.809608919621213,-0.0738472372608109,1.08246524059772,-0.863563219649252,-0.523405357673857,0.622949457126874,-0.466764426657629,-0.836854594027651,0.937141209568167,-0.883773155823425,-0.444598034495984,-0.195861969236211,-0.869130914118606,-0.799233124164901,-0.940150205056253,-0.477833002749308,-0.812867202358327,-0.414352476826801,-0.867875810443468,-0.747265772882252,-0.618950848071241,-0.430499440370047,-0.796259557655844,-0.0835883061992388,-0.493593930889384,-0.96499962340129,-0.558555906049502,-0.598213055580144,0.6232133600791,-0.614764475187905,-0.812940860844741,-0.482941469746608,-0.70661301887633,-0.747997090271536,-0.355809047400211,-0.566010699037032,-0.603032598624489,0.423231161600328,-0.598204255115836,-0.71157305436993,-0.606204342383374,-0.63129034137311,-0.386808567195655,-0.473937637058681,-0.929002697728135,-0.675677485964019,0.413636170729547,0.397599082088681,0.782257222192668,-0.858462959667144,-0.889325548542612,-1.13280417093144,-0.388200013230897,-0.672522450531549,-0.689569785356508,-1.15140774083531,1.12080791357488,-0.7995406586986,-0.574547412051676,-0.819944378140991,-0.380430093207073,-0.834709508043328,-0.895298276157752,-0.543996565944918,-0.760805550465173,-0.805316464935425,-0.653697914574418,-0.658091677882378,-0.00653819158287334,-0.524551076394958,-0.814187642569382,-0.115238352277165,-0.580755287411444,-0.836916634773705,-0.689391508662824,-0.740417895485083,-0.591226315601407,-0.517699977761507,-0.508516510850491,-0.839734362004915,-0.521979735973987,-0.61052131080658,-0.545495229195593,-0.524254694445744,-0.0692130525765375,0.183278846637232,-0.719523549783808,-0.588297561945064,-0.779746723706312,-0.85534945010494,-0.794015296702858,-0.852377440010276,-0.788184218742662,0.940330566144098,-1.18836044397162,-0.375589938494613,-0.37597319476433,-0.677053451143998,-0.593681714206644,-0.792912836073741,-0.598637045425795,-0.757800053491713,-0.694758292889573,-0.55321502257966,-0.677083788353084,-0.392786433490695,-0.308648830818901,-0.998362605765605,1.21512042001073,-1.26637581039537,0.394851806424951,-0.608508425207776,-0.616708057714315,-0.682642890579754,-0.716476224852673,0.754827628624692,0.0281698758241103,-0.4791466881953,-0.527848653802147,-0.581450107692442,-0.623221682356157,-0.967830810265495,-0.456566211138298,-0.709438396758173,-0.882490210159193,-0.196510343767576,-0.441282341989839,-0.217655585550893,-0.693610145686299,-0.945790484348366,-0.569755773406841,-0.969526788505132,-0.773643467427534,0.153807826716939,-0.909848144967057,0.281222898942055,-0.384272493327475,-0.777454081363004,-0.454224283180875,-0.294814888155335,-0.67319351540593,-0.620494342313918,-0.601887066668739,-0.600466657719567,0.364055358612279,-1.14243060138503,-0.69871053666764,-0.855651382052597,0.208601204047328,-1.13339019479525,-0.899773516368386,-0.571646636129868,0.0159645059884299,-0.777414105828957,-0.284319563954037,-0.963894975231911,-0.367490929903791,-1.00723720358106,-0.573648085257991,0.296138941334812,-0.548246753341323,-1.17376531728267,-0.74633402219577,-0.77689632987442,-0.513527807859149,-0.410458854850929,-0.702854463496712,-0.376085254966847,-0.65323427697639,-0.751527203204582,-0.487170846083124,-0.605815007708669,-0.838746468088768,-0.512995918425756,-0.6002692007909,-0.494007793907488,-0.829580232182152,-0.559950713967882,-0.682378934286747,-0.597600263298091,-0.561688757941423,-0.775810477487309,-0.505226462944271,-0.914483551563009,-0.755650546229756,-0.800938882071613,-0.923820668091811,-0.543856568710744,-0.799784033987206,-0.521793892461877,-0.547914033241979,-0.69252288453592,-0.518860584787243,-0.718638772768277,-0.574522884957265,-0.766028616235394,-0.783162489495666,-0.566224935388611,-0.60068195999903,-0.675382976552414,-0.653790722557568,-0.653851689833047,-0.569897592314005,-0.685835715519622,-0.647904522193843,-0.664556936026652,-0.569034714136114,-0.507817813873977,-0.536494698185429,-0.768897864954003,-0.585376536065427,-0.622528035985135,-0.454210725594474,-0.564900394388196,-0.574696478706447,-0.856998968741237,-0.165115475033446,-0.540641423031425,-0.665426753584578,-0.539307094691963,-0.348425147702436,-0.498591251333388,0.516574185505808,0.287796455708954,0.15841285500881,-0.782401068500164,-0.789447035739829,-0.557501763870755,-0.505778909237946,-0.624275977269652,-0.743774131603622,-0.743846574768942,-0.489396126670516,-0.397363968993432,-0.922357934814868,-1.07695751091064,-0.320690050898277,-0.440906535410528,1.01146231997159,-0.641289533744246,-0.56888790075037,-0.680264025007797,-0.470465254505972,-0.726381607522248,-0.604395814203172,-0.64437704550372,-0.609921532378848,-0.619881066592517,-0.61712009938149,-0.363912718313512,-0.421387307249072,-0.864785817893669,-0.530264405273805,-0.73145250418656,-0.569578522132877,-0.436105875668738,-0.631759280520507,-0.406700539566019,-0.673273035311341,-0.565998932195026,-0.685817859793634,-0.143478234684126,-0.520238954117215,-0.713193758009176,-0.170027085239941,-0.344789866784545,-0.495183843341153,-0.394294581464206,-0.74095518162433,0.0554610582126035,-0.553693741254614,0.253764912065185,-0.536600271805562,0.297807944128203,-0.553901067919841,-0.479383335875246,-0.621606511720135,-0.333753475264008,-0.48805352537329,-0.865980025698746,-0.543434400240448,-0.192955757018189,-0.617518100327603,-0.563722602978791,-0.524092166767868,-0.469274127030998,-0.71456688213729,-0.796606268568196,0.0254706032995602,-0.491698944574237,-0.703895512265653,-1.53945026252568,-0.683218747620856,-0.813165332182298,-0.94583725016588,-0.472351838475484,-0.494377357867234,-0.975604745971856,-0.766724197739351,-0.823990033085211,-0.926108184691356,-0.558717666256494,-0.379161949641383,-0.33413449675772,-0.971659659372031,-0.614835278634353,-0.623039723737013,0.327394702736828,-0.441748500440315,-0.788012724473105,-0.515370748508433,-1.2541307915187,-0.750713194799017,-0.807101569604255,0.282740764036832,-1.05244496011756,-0.575643008354943,-0.61899979002849,-0.46950194156598,-0.567597101091729,-0.623788878529261,-0.67680156571333,0.401739343269366,-0.440109756196063,-0.797330693575754,-0.628134209307874,-0.347658398075341,-0.864582352823089,-0.559609290515974,-0.575080500923803,-0.624478446322977,-0.72921406656607,-0.465167799440612,-0.735980601657659,-0.870570227459186,-0.978836790500469,-0.528878550032712,-0.442246094950301,-0.590310521918287,-0.597626308220176,-0.535005976446535,-1.0776250394425,-0.86340182998155,-0.00721244294185924,0.271125598765969,-0.518950740640203,"Breast"
"MGH-BrCa-H89-TR471",-0.555592417576326,-0.665330012844802,-0.874316134855906,-1.03790453368905,-0.814658506172971,-0.554111517827404,-0.489483674713921,-1.19904910428536,2.85413982528183,-0.587392633752342,-0.5360100599205,-0.427166054873635,-0.642142611977996,-0.906954785415906,-0.522805082503363,-1.16665646400082,-0.57729235363827,0.00918738352527843,-0.496697729346053,-0.533225338772386,-0.892044314129933,-0.756759621065685,0.76409545654548,-1.10737391109703,-1.18728595031787,-0.766549061109949,-0.671018873252328,-0.886090803404096,-0.59994073973799,-0.572265270403078,-0.449126948447106,-0.823525490657949,0.406481884997994,-0.309529644846314,-0.041591707885797,-0.964466112786827,-0.497006264132812,-0.559309350558077,-0.422933826109425,-0.97766678067334,-1.31380191096635,0.136351531302966,-1.07616298942653,-0.536928301917431,-0.535926408238852,-0.943737864070576,-0.800523516316676,-0.684422976084699,-0.894666522630992,-0.757778983174664,-0.804466674495576,-0.722133608031586,-1.00553084851786,-1.06642129487193,-0.559247717928647,-0.374389587264773,-0.457301332060047,-0.488378971130679,2.00277691048541,-1.23558207417991,-0.940150463465516,-0.466862369479199,-0.78169417422122,-0.361091310062088,-0.742272368002153,-0.597562997079172,-1.01277899053072,-0.466580455425368,-1.03954313089854,-0.684971728626043,-0.890457490909887,-0.950184227790595,-0.62582241159886,-0.811355606421236,-0.594144064245794,-0.427209662751993,0.380878853650729,-0.726511286645635,-0.518709942838152,6.02132517536423,-0.824570369406007,-0.472497315307328,-1.33974894891408,4.28101261772697,-0.632421218362915,-0.539991255188735,-0.729222797826837,-0.510050775686776,0.49193735474848,-1.15438649345439,-1.06249646629166,2.97841085752433,-0.439395440768505,-0.806924516606813,0.221227528967845,-0.386236372075434,-0.370292957722169,-0.652696741503466,0.926071771459275,0.53551624879411,-0.504580611844278,-0.946777991831266,-1.00272583549808,-0.824988666868521,0.751774875891035,-0.612012511430763,-0.949267944187187,-0.311507247258501,-0.877494153250386,-1.16329464966875,-0.699577466702064,-0.848866007382096,-0.777541185184341,-0.592394335996418,-0.563564816816346,-0.852561903334732,-0.415332247460931,-1.15053595143586,0.834117534530543,-0.749289324826282,-0.864139486256635,0.0674990613628061,-0.434538970011261,-0.540935274554197,-1.33738969127492,-0.466481924852692,-1.07767110647549,-0.71314737154191,-0.467269611423203,-0.781783811545767,-0.612032059829267,-0.42618686188652,-0.515214523200561,-0.563237817945086,-0.652232400369068,-0.433250890230484,0.244629839438553,-0.628682208598634,-0.96051637736292,-0.622774284236347,-1.05959386470859,-0.521167552986871,-0.372408201679874,-0.74594206276323,-0.922939115191811,-1.11633127205757,-0.680795110743151,-0.630959826187288,-0.445041103063912,-0.360394763248112,-1.12185750843372,-0.958695211121742,-0.544945209809633,-1.45479463840887,-1.12931857316399,-0.946374554527438,-0.803191037428762,-1.15278844781279,-0.881133953461138,-0.938055876675319,-1.18738458930157,-1.23041210025291,-0.797373187578022,-1.16230080545647,-1.47320437666668,-0.440422043770802,-0.832999110597407,-0.533884030225674,-0.866575554810563,-0.517026089783175,-0.717586015732752,-1.01100613021998,-1.19702951435578,0.196445079574559,-0.529739447900487,-0.991195534761472,-0.484444351416916,-0.724735509236815,-0.586902119526718,-0.399898634726296,-0.465400568692601,-0.659554194522494,2.33632732790525,-0.59156966366512,-0.686166850667112,-0.567826653865324,-0.388287405092906,-1.49053808632399,-0.547273332987266,-0.551980064673498,-0.836461434415258,-0.697113880119278,-0.954138085945745,-1.20468650329664,-0.797775923316716,-0.131706815310607,-0.889556386155257,-0.938444320238906,-0.654078746223719,-0.578418903939853,-0.440845057560506,-0.402800957411009,-0.251462773235251,-0.574567391161672,-0.269121268892228,-1.03292766190848,-0.660262121385938,-0.784182116331742,-0.49477030707205,-1.07295113119153,-0.490191614502914,-0.724722993416231,-0.387458469999575,-0.67265289501153,-1.24706496093846,-1.07651462009907,-0.749562816960677,-0.484030249085568,-0.826299878399175,0.685420953724883,-0.876317725753786,-0.875446007171464,-0.481567061415533,-0.752576497540583,-0.774127007600307,-0.657239406583379,-0.739571250856207,-0.769269638931583,-0.547342081550196,-0.66549608966086,-0.400497512029309,-1.47620074379295,-0.961280804736148,-0.802317558831034,-0.431584442518366,-0.496323373313393,-0.631943764721935,-0.579507915169398,-0.620100662679788,-0.503796517211337,-0.620732182997052,-1.02984446404236,-0.332408932722815,-0.19875126159185,-0.557349591175902,-1.1375069142073,-1.56790518709751,0.20046127375182,-0.362836635108256,-1.03214607308225,-0.902564283763228,-1.0669610666387,-0.580830319603733,-0.680703938055349,-0.679399709028993,-0.798624539569438,-0.58636397201414,-0.590419110099479,-0.479183249951239,2.47997228504041,-0.654451544220782,-0.755865250545603,-0.942110585579901,-0.873831727472401,-1.09491872168078,0.250748945757018,-0.475498315316322,-0.902316908801359,-0.632054548348183,-1.00035456820405,-0.605022983692602,0.066974745979411,-0.765113217703279,-1.52152170269417,-0.704852117823712,-0.657270497541832,-0.49858944200454,-0.495454091056586,-0.625430816380737,-0.419839307586847,0.978786749120391,-0.618696368735234,-0.513248218781385,-0.586212932084341,-0.418816240327903,0.527513113459558,-0.419171849570317,-1.10378034554778,-0.504768109875833,-0.503708930529297,-1.19847869296447,0.0650224576158078,-0.344942626138447,-0.813303292440974,-0.793665704950216,-0.816725390488356,-0.404812961836128,-0.831170933594364,-0.800640494297979,-1.00352564046401,0.695338297211105,0.24524142022062,-0.60699609384901,-0.943549081967018,-0.972280070282039,-0.923566729405713,-0.492093429498443,0.443286385666923,-0.356127764920938,-0.426152405790388,-0.342733267804753,-0.251500429450566,1.5451072102988,-0.429499750025505,-0.464375891526999,-0.886517603314692,0.210993689964561,-0.455236351660987,-0.742946755276486,-0.582032151080456,-1.18959503173864,-0.755829565716357,-0.529290077165823,-1.56799886993584,-0.796526001879866,-0.708710560777974,0.681636061886446,0.640188471536804,0.989896505423336,0.7554685126378,-0.504623527225731,0.475230356102483,-0.537608714074841,-0.680117437351813,0.775829474599649,-0.836854594027651,-0.561253030076281,-0.883773155823425,-0.444598034495984,-1.42991269894957,-0.869130914118606,0.733887135813896,-0.147652314368609,-0.477833002749308,-0.658845046333513,-0.414352476826801,-0.867875810443468,0.0502982281232964,-0.618950848071241,1.32306667124297,-0.796259557655844,-0.77458771809739,-0.493593930889384,-0.96499962340129,-0.558555906049502,-0.598213055580144,-0.710284973869927,-0.614764475187905,-1.28195545935983,-1.13688436302446,-1.10386469962424,-0.747997090271536,-1.01074181138039,-0.566010699037032,-0.603032598624489,-0.730318235371536,-0.598204255115836,0.123261122548912,-0.606204342383374,-0.63129034137311,-0.386808567195655,-0.473937637058681,-0.201196006861634,-0.675677485964019,-0.228345269451566,-0.764417769029699,-0.735411990123146,-0.858462959667144,0.399911522109446,-1.13280417093144,-0.388200013230897,0.208954389596854,-0.689569785356508,0.0435563512163877,-0.538722496195877,-0.7995406586986,-0.574547412051676,-0.819944378140991,-0.380430093207073,0.127989308543075,-0.895298276157752,-0.543996565944918,-0.760805550465173,0.402118192587105,-0.653697914574418,-0.658091677882378,-0.719112826150793,-1.08773769552895,-0.814187642569382,-0.775032802607551,-0.580755287411444,1.05323987280052,0.69822451343689,-0.740417895485083,-0.591226315601407,-0.517699977761507,-0.508516510850491,-0.839734362004915,-0.521979735973987,-0.61052131080658,-0.545495229195593,-0.524254694445744,0.107454002175028,-0.745395082740569,-0.719523549783808,-0.588297561945064,-1.14485071477297,-0.85534945010494,-0.794015296702858,-0.56659814467771,-0.788184218742662,-0.495614760728454,-1.18836044397162,0.38918190126528,-0.997877754173032,-0.677053451143998,-0.593681714206644,0.178416851386728,-0.598637045425795,-0.757800053491713,-0.694758292889573,-0.55321502257966,-0.571731007526737,-0.392786433490695,-0.761647247973245,-0.998362605765605,-0.485816253127067,-1.26637581039537,-0.847748388510819,-0.608508425207776,-0.616708057714315,-0.682642890579754,-0.716476224852673,-0.609571261310305,-0.99456836848483,-0.4791466881953,-0.527848653802147,-0.581450107692442,-0.623221682356157,-1.14977497349206,-0.456566211138298,-0.899338156041014,-1.04895722349373,1.09380843081363,-0.441282341989839,-0.561261465410113,-0.693610145686299,-0.678219276570605,-0.569755773406841,-0.969526788505132,-0.773643467427534,-0.837555726474759,-0.909848144967057,-0.785445256160296,-0.384272493327475,-0.777454081363004,0.308771318701075,-0.911558242630226,-0.67319351540593,-0.620494342313918,-0.601887066668739,-0.600466657719567,-0.969725385594821,-1.56744407700638,-0.69871053666764,-0.855651382052597,-0.494845181104495,-0.657835597242387,-0.812053783480299,-0.571646636129868,-0.71593825275176,-0.777414105828957,-0.877809728241419,-0.963894975231911,-0.367490929903791,0.11372289394144,-0.573648085257991,-0.905751916506873,-0.548246753341323,0.561845002898601,-0.74633402219577,-0.77689632987442,-0.513527807859149,-0.410458854850929,-0.702854463496712,-0.376085254966847,-0.65323427697639,-0.751527203204582,-0.487170846083124,-0.605815007708669,-0.838746468088768,-0.512995918425756,-0.6002692007909,-0.494007793907488,-0.829580232182152,-1.18723863498533,-0.682378934286747,-0.597600263298091,-0.561688757941423,-0.775810477487309,-0.505226462944271,-0.914483551563009,-0.755650546229756,-0.800938882071613,-0.923820668091811,-0.543856568710744,-0.799784033987206,-1.69260285390026,-0.547914033241979,-0.69252288453592,-0.518860584787243,-0.718638772768277,-0.574522884957265,-0.766028616235394,-0.783162489495666,0.893663551073181,-0.60068195999903,-0.675382976552414,-0.653790722557568,-0.653851689833047,0.526542397125707,-0.685835715519622,-0.647904522193843,-0.664556936026652,-0.569034714136114,-0.507817813873977,-0.536494698185429,-0.768897864954003,-0.585376536065427,-0.622528035985135,-0.454210725594474,-0.564900394388196,-0.574696478706447,-0.904623570983884,-0.785105315526192,-0.540641423031425,0.177814967903529,-0.539307094691963,-0.348425147702436,-0.498591251333388,-0.523080667456721,-0.831156261607636,-0.622281704570721,-0.782401068500164,-0.789447035739829,-0.557501763870755,-0.505778909237946,-0.624275977269652,0.342097792740835,-0.743846574768942,-0.406654389309349,-0.397363968993432,-0.922357934814868,-0.498280783509759,-0.426346521159396,-1.14684228042207,-0.625888537038413,-0.641289533744246,-0.56888790075037,-0.680264025007797,-0.470465254505972,-0.726381607522248,-0.604395814203172,0.500588420462819,-0.609921532378848,-0.619881066592517,-0.61712009938149,-0.363912718313512,-0.421387307249072,-1.12978131516349,-0.530264405273805,-0.73145250418656,-0.569578522132877,-0.436105875668738,-0.631759280520507,-0.406700539566019,-0.673273035311341,0.772212650549862,-0.685817859793634,-0.730817206313231,-0.520238954117215,-0.713193758009176,-0.991190188200663,-0.344789866784545,-0.495183843341153,-0.939394475450667,-0.74095518162433,-0.726611845001168,-0.553693741254614,-0.612887431730709,1.25980859871503,-0.606291521024171,-0.553901067919841,-0.479383335875246,-0.621606511720135,-0.974570951392448,-0.48805352537329,-0.865980025698746,-0.543434400240448,-0.767155531633286,-0.617518100327603,-0.563722602978791,-0.524092166767868,-0.469274127030998,-0.71456688213729,-0.796606268568196,-0.598331963886002,-0.491698944574237,-0.703895512265653,-0.146142178565572,-0.683218747620856,-0.813165332182298,-0.94583725016588,-0.472351838475484,-0.494377357867234,-0.975604745971856,-0.766724197739351,-0.152544044569788,-0.371347505598579,-0.558717666256494,-0.379161949641383,-1.02737092254885,-1.06397149834438,-0.614835278634353,0.378238893572122,-0.812575895131137,-0.441748500440315,-0.788012724473105,-0.515370748508433,-0.0591346660514363,-0.750713194799017,-0.807101569604255,-0.557916730587529,-1.05244496011756,-0.575643008354943,-0.61899979002849,-0.46950194156598,-0.567597101091729,-0.623788878529261,-0.67680156571333,-0.514869524021752,-0.440109756196063,-0.797330693575754,-0.628134209307874,-1.11711648863016,-0.864582352823089,-0.559609290515974,-0.575080500923803,-0.624478446322977,-0.21686262584072,-0.465167799440612,-0.735980601657659,-0.870570227459186,-0.978836790500469,-0.528878550032712,-0.442246094950301,-0.590310521918287,-0.597626308220176,0.560682593705777,-1.70271229229294,-0.86340182998155,-0.882104756219481,-0.599446075410806,0.171161374017493,"Breast"
"MGH-BrCa-H92-TR472",-0.555592417576326,-0.665330012844802,-0.874316134855906,-1.03790453368905,-0.614034830123233,-1.61692665523069,-0.489483674713921,-1.29370999509696,2.12662271442344,-0.587392633752342,-0.5360100599205,-0.427166054873635,-0.642142611977996,-0.906954785415906,-0.522805082503363,0.04791529489438,-0.57729235363827,-0.951756607893985,-0.496697729346053,-0.533225338772386,0.780642138236059,-0.756759621065685,-0.72953949609161,0.052084580947371,0.152444021955772,-0.428734964499232,-0.671018873252328,0.126832796940557,-0.59994073973799,-0.572265270403078,-0.449126948447106,-0.823525490657949,-0.698470407420673,-0.309529644846314,-1.07591951721207,-0.964466112786827,3.53153997980196,0.473689296234222,-0.556201371550297,0.21401320951097,-1.31380191096635,0.742300333503678,0.280036228421832,-0.536928301917431,-0.535926408238852,-0.456886036565156,-0.800523516316676,-0.684422976084699,-0.894666522630992,-0.757778983174664,-0.804466674495576,-0.722133608031586,-0.476008017898913,-1.06642129487193,-0.559247717928647,-0.374389587264773,-0.457301332060047,-0.488378971130679,1.89069230414765,-0.638266221122587,-0.940150463465516,-0.466862369479199,-0.78169417422122,-0.361091310062088,-0.742272368002153,-0.597562997079172,-1.01277899053072,-1.41989396139844,-0.795641573557788,-0.58052452251099,-0.890457490909887,-0.950184227790595,-0.62582241159886,-0.811355606421236,-0.594144064245794,-0.427209662751993,-0.884442638278434,-0.726511286645635,-0.518709942838152,1.65734913093228,-0.824570369406007,2.01963811722818,-1.33974894891408,0.229006744967988,0.636348880625142,-0.539991255188735,-0.729222797826837,-0.510050775686776,0.443632719450322,-0.478999981686886,-0.47551505278137,3.37605943504066,-0.439395440768505,-0.806924516606813,-0.824109659368058,-0.386236372075434,-0.370292957722169,-0.652696741503466,-0.580182792717566,0.317182264052868,-0.504580611844278,-0.946777991831266,-1.00272583549808,-0.824988666868521,-0.908370117980451,-0.612012511430763,-0.949267944187187,-0.152128856329781,-0.877494153250386,-0.356926515304104,-0.699577466702064,-0.848866007382096,-0.627951593755736,-0.592394335996418,-0.563564816816346,0.0287885275195526,-0.415332247460931,-1.15053595143586,-0.556437840594048,-0.749289324826282,-0.864139486256635,-0.969918030814034,-0.434538970011261,-0.540935274554197,-0.0939268940706411,-0.466481924852692,-1.07767110647549,0.282239489659954,-0.467269611423203,-0.781783811545767,0.379628126322917,-0.42618686188652,-0.515214523200561,-0.563237817945086,-0.652232400369068,-0.433250890230484,-0.835293813232443,-0.628682208598634,-0.96051637736292,-0.622774284236347,-1.5861200432223,-0.521167552986871,-1.52198170189138,-0.74594206276323,-0.922939115191811,-0.531327731549998,-0.680795110743151,-0.630959826187288,0.52016490218108,-0.360394763248112,-1.12185750843372,-1.12332227006122,-0.544945209809633,-0.530559614877079,0.383004831517419,-0.946374554527438,-0.803191037428762,-1.15278844781279,0.214446951950106,-0.938055876675319,-1.18738458930157,-0.115911726839759,-0.797373187578022,-0.603578697072373,-0.673038113043902,-0.440422043770802,-0.832999110597407,-0.533884030225674,-0.866575554810563,-0.517026089783175,0.19898162679756,-1.01100613021998,-1.19702951435578,-1.02331441862592,-0.529739447900487,-0.991195534761472,-0.484444351416916,-0.724735509236815,-0.755777540858355,-0.399898634726296,-0.465400568692601,-0.659554194522494,2.61258031679774,-0.59156966366512,-0.686166850667112,1.80366390732524,-0.388287405092906,-0.965997153084656,-0.547273332987266,-0.551980064673498,-0.836461434415258,-0.697113880119278,-0.954138085945745,-0.701152052632995,-1.09683688680767,-0.872091461738152,-0.889556386155257,0.0819108594351331,0.357057358322929,-0.578418903939853,-0.440845057560506,-0.402800957411009,-0.0475069862203081,-0.574567391161672,-1.21422110393525,-0.659382909436275,0.335986311946075,-0.784182116331742,-0.207324688122188,0.423361698398231,-0.490191614502914,-0.724722993416231,-0.387458469999575,-0.67265289501153,-0.566811228535847,-0.00358640181031714,-0.188964120067821,-0.895308521978371,-0.826299878399175,-0.721727210801833,0.515632467789214,-0.875446007171464,-0.969552848986112,-0.752576497540583,-0.774127007600307,-0.657239406583379,-0.739571250856207,0.728393454717851,-0.547342081550196,-0.66549608966086,-0.400497512029309,-0.772540659271977,-0.961280804736148,-0.802317558831034,-0.431584442518366,-0.217911698617288,-0.631943764721935,-0.579507915169398,-0.620100662679788,-0.503796517211337,-1.0770163128063,0.0817938144602962,-0.122155228598424,-0.873205026288153,-0.557349591175902,-0.324007888714733,-0.511670278125442,-0.670603752641226,-0.362836635108256,-1.00317510442406,-0.902564283763228,0.748659133466432,-0.257787409699156,-0.680703938055349,-0.679399709028993,0.702684089417231,-0.58636397201414,-0.590419110099479,-0.479183249951239,1.89401743586872,-0.654451544220782,-0.755865250545603,-0.21620434006624,-0.873831727472401,0.245381170650644,0.218563187985284,0.48410579855118,-0.902316908801359,-0.632054548348183,-1.00035456820405,-0.605022983692602,-0.915536831645335,-0.47957633411587,-0.91515300736343,-0.704852117823712,-0.657270497541832,-0.49858944200454,-0.495454091056586,-0.625430816380737,0.989671744508435,-0.73139551936346,-0.618696368735234,-0.513248218781385,-0.586212932084341,-0.418816240327903,-0.637586357654596,-0.419171849570317,-1.10378034554778,-0.504768109875833,-0.503708930529297,-0.815364301625333,0.0200329605580877,-1.28931703069017,0.713278020880552,0.898281650553556,-0.816725390488356,0.612130295151935,-0.831170933594364,-0.800640494297979,-1.00352564046401,-0.763076391897337,-0.615739179716729,-0.60699609384901,-0.943549081967018,-0.972280070282039,-0.923566729405713,-0.492093429498443,-1.12976969199847,-0.356127764920938,-0.426152405790388,-1.21479747878706,-0.826222229547082,-0.627488378610812,-0.429499750025505,-0.464375891526999,-0.886517603314692,-1.06964048874916,-0.455236351660987,-0.742946755276486,-0.582032151080456,-0.362229921785911,-0.755829565716357,-0.569212189017033,-0.980935590961663,-0.796526001879866,-0.708710560777974,-0.563681733868463,-0.79167821863407,-0.809608919621213,-0.965937838928799,1.3581447798703,-0.0486819287196605,-0.288591523886895,-0.680117437351813,-0.466764426657629,-0.836854594027651,-0.561253030076281,-0.883773155823425,-0.444598034495984,-1.42991269894957,0.458172880940666,-0.799233124164901,0.12666625595431,-0.477833002749308,-0.69623474462144,-0.414352476826801,-0.867875810443468,-0.747265772882252,-0.618950848071241,-0.430499440370047,-0.796259557655844,-0.77458771809739,-0.493593930889384,-0.104652165919925,1.38735798872436,-0.598213055580144,0.852760231203892,0.592315334616707,-0.968074558359797,-0.0561211564012175,-1.10386469962424,-0.747997090271536,-1.01074181138039,-0.566010699037032,-0.603032598624489,-0.730318235371536,-0.598204255115836,0.412234153972853,-0.606204342383374,-0.63129034137311,-0.386808567195655,0.639163534216218,-0.148221401091462,-0.675677485964019,-0.799036810595303,-0.764417769029699,1.98184134143813,-0.858462959667144,-0.889325548542612,-0.474408254990809,-0.388200013230897,-0.672522450531549,-0.689569785356508,0.390524212036145,0.512596573782754,-0.7995406586986,-0.574547412051676,-0.819944378140991,-0.380430093207073,-0.834709508043328,-0.124266090024486,-0.543996565944918,-0.760805550465173,-0.264830538321984,-0.653697914574418,-0.658091677882378,-0.719112826150793,-1.08773769552895,-0.814187642569382,0.441103574378467,-0.580755287411444,-0.836916634773705,-0.689391508662824,-0.740417895485083,-0.591226315601407,-0.517699977761507,-0.508516510850491,-0.839734362004915,-0.521979735973987,-0.61052131080658,-0.545495229195593,-0.524254694445744,-0.831984299900153,-0.745395082740569,0.625153489404907,-0.588297561945064,-1.14485071477297,-0.85534945010494,-0.794015296702858,-0.605009532071452,-0.788184218742662,1.18975627827721,-1.18836044397162,-1.05758031450463,-0.1055408542405,-0.677053451143998,-0.593681714206644,-0.792912836073741,-0.598637045425795,-0.757800053491713,-0.694758292889573,-0.55321502257966,-1.1319511214443,-0.392786433490695,-0.761647247973245,-0.998362605765605,-0.485816253127067,-1.26637581039537,-0.847748388510819,-0.608508425207776,-0.616708057714315,0.193175729545836,-0.716476224852673,-0.609571261310305,-0.99456836848483,-0.4791466881953,-0.527848653802147,-0.581450107692442,-0.623221682356157,-0.790530930710813,-0.456566211138298,-0.902766945820529,-0.905315378604531,-0.781460697748757,-0.441282341989839,0.208202270242531,-0.693610145686299,-0.757393317892203,-0.569755773406841,0.297949702567292,-0.773643467427534,-0.837555726474759,-0.046325081769133,-0.785445256160296,-0.384272493327475,-0.777454081363004,-1.21732527311908,-0.911558242630226,-0.67319351540593,-0.620494342313918,0.56194505693867,-0.600466657719567,-0.209642737507754,-1.06860516608527,-0.69871053666764,0.887128430927719,-0.700623052139324,-0.493225118345087,-1.02177153840156,-0.571646636129868,-0.71593825275176,-0.777414105828957,-0.877809728241419,-0.963894975231911,-0.367490929903791,-1.00723720358106,-0.573648085257991,-0.905751916506873,-0.548246753341323,0.130842220292777,-0.74633402219577,-0.77689632987442,-0.513527807859149,-0.410458854850929,-0.702854463496712,-0.376085254966847,-0.65323427697639,-0.751527203204582,-0.487170846083124,-0.605815007708669,-0.838746468088768,-0.512995918425756,-0.6002692007909,-0.494007793907488,-0.213690629671309,-1.18723863498533,-0.682378934286747,-0.597600263298091,-0.561688757941423,-0.775810477487309,-0.505226462944271,-0.914483551563009,-0.755650546229756,-0.800938882071613,-0.923820668091811,-0.543856568710744,0.236584688316181,-1.29631671109186,-0.547914033241979,-0.69252288453592,-0.518860584787243,-0.718638772768277,-0.574522884957265,-0.766028616235394,-0.783162489495666,-0.566224935388611,-0.60068195999903,-0.675382976552414,-0.653790722557568,-0.653851689833047,-0.569897592314005,-0.685835715519622,-0.647904522193843,-0.664556936026652,-0.569034714136114,-0.507817813873977,-0.536494698185429,-0.768897864954003,-0.585376536065427,-0.622528035985135,-0.454210725594474,-0.564900394388196,-0.574696478706447,-0.229598932717746,-0.0564149483290163,-0.540641423031425,-0.665426753584578,-0.539307094691963,-0.348425147702436,-0.498591251333388,-0.523080667456721,-0.831156261607636,-0.622281704570721,0.129775750934561,-0.789447035739829,0.391109863566946,-0.505778909237946,-0.624275977269652,-0.743774131603622,-0.743846574768942,-0.846638841230125,-0.397363968993432,0.0703045779075002,0.145534604557753,-0.459388164390125,-1.14684228042207,0.59704359408456,-0.641289533744246,-0.56888790075037,-0.680264025007797,-0.470465254505972,-0.726381607522248,-0.604395814203172,-0.64437704550372,-0.609921532378848,0.388084384427834,-0.61712009938149,-0.363912718313512,-0.421387307249072,-1.51233355037261,-0.530264405273805,-0.73145250418656,-0.569578522132877,0.65598774153623,-0.631759280520507,-0.406700539566019,-0.673273035311341,-0.565998932195026,-0.685817859793634,-0.730817206313231,-0.520238954117215,-0.713193758009176,-0.991190188200663,-0.344789866784545,-0.495183843341153,-0.939394475450667,-0.74095518162433,-0.726611845001168,-0.553693741254614,-0.612887431730709,-0.536600271805562,-0.606291521024171,-0.553901067919841,0.225065158028624,-0.621606511720135,-0.974570951392448,-0.48805352537329,-0.865980025698746,-0.543434400240448,-0.767155531633286,-0.617518100327603,-0.563722602978791,-0.524092166767868,-0.469274127030998,-0.71456688213729,-0.796606268568196,-0.598331963886002,0.654109835705353,-0.703895512265653,-0.75908389879241,-0.683218747620856,-0.813165332182298,-0.94583725016588,-0.472351838475484,-0.494377357867234,-0.975604745971856,-0.766724197739351,0.0798731085645748,-0.926108184691356,-0.558717666256494,-0.379161949641383,-0.0326838218481833,-0.918966108525997,-0.614835278634353,0.724825707269282,-0.812575895131137,-0.441748500440315,-0.788012724473105,-0.515370748508433,-1.2541307915187,-0.750713194799017,-0.807101569604255,-0.557916730587529,-1.05244496011756,-0.575643008354943,-0.61899979002849,-0.46950194156598,-0.567597101091729,-0.623788878529261,-0.67680156571333,-0.514869524021752,-0.440109756196063,-0.797330693575754,-0.628134209307874,-0.0768892830228255,-0.864582352823089,-0.559609290515974,-0.575080500923803,-0.624478446322977,-0.72921406656607,-0.465167799440612,-0.735980601657659,0.450667332986152,0.194602982380321,-0.528878550032712,-0.442246094950301,-0.590310521918287,-0.597626308220176,-0.535005976446535,-0.739897399846043,-0.86340182998155,-0.882104756219481,-0.599446075410806,-0.518950740640203,"Breast"
