"","ENSG00000012232","ENSG00000014257","ENSG00000048342","ENSG00000049247","ENSG00000049249","ENSG00000051341","ENSG00000059769","ENSG00000067113","ENSG00000069712","ENSG00000070526","ENSG00000075223","ENSG00000077782","ENSG00000080200","ENSG00000084444","ENSG00000087076","ENSG00000091129","ENSG00000092295","ENSG00000100147","ENSG00000100558","ENSG00000101977","ENSG00000102349","ENSG00000103175","ENSG00000103550","ENSG00000104290","ENSG00000104722","ENSG00000105255","ENSG00000105662","ENSG00000105948","ENSG00000107186","ENSG00000111452","ENSG00000111537","ENSG00000111879","ENSG00000112039","ENSG00000113249","ENSG00000113966","ENSG00000115423","ENSG00000116771","ENSG00000117322","ENSG00000118200","ENSG00000118557","ENSG00000119927","ENSG00000120278","ENSG00000120784","ENSG00000121690","ENSG00000124102","ENSG00000124608","ENSG00000127990","ENSG00000129467","ENSG00000129646","ENSG00000131686","ENSG00000132958","ENSG00000134121","ENSG00000134193","ENSG00000134955","ENSG00000135407","ENSG00000135423","ENSG00000136492","ENSG00000137185","ENSG00000137760","ENSG00000137802","ENSG00000139625","ENSG00000140287","ENSG00000140600","ENSG00000141096","ENSG00000142528","ENSG00000143382","ENSG00000146215","ENSG00000147166","ENSG00000147231","ENSG00000148600","ENSG00000149534","ENSG00000151240","ENSG00000152503","ENSG00000154240","ENSG00000157404","ENSG00000161395","ENSG00000161996","ENSG00000162398","ENSG00000162594","ENSG00000163067","ENSG00000163739","ENSG00000163751","ENSG00000164124","ENSG00000164440","ENSG00000165138","ENSG00000165259","ENSG00000165304","ENSG00000165905","ENSG00000166261","ENSG00000166707","ENSG00000167554","ENSG00000167700","ENSG00000169031","ENSG00000169507","ENSG00000170264","ENSG00000170629","ENSG00000170954","ENSG00000171174","ENSG00000171408","ENSG00000171747","ENSG00000172878","ENSG00000173208","ENSG00000173482","ENSG00000173530","ENSG00000175600","ENSG00000179397","ENSG00000179750","ENSG00000182685","ENSG00000183625","ENSG00000183662","ENSG00000183850","ENSG00000185272","ENSG00000185942","ENSG00000186281","ENSG00000186714","ENSG00000188227","ENSG00000189195","ENSG00000196081","ENSG00000196155","ENSG00000196533","ENSG00000196581","ENSG00000196724","ENSG00000196812","ENSG00000196943","ENSG00000197599","ENSG00000198393","ENSG00000198780","ENSG00000203326","ENSG00000204020","ENSG00000204282","ENSG00000205056","ENSG00000205189","ENSG00000211638","ENSG00000211649","ENSG00000211792","ENSG00000211815","ENSG00000211937","ENSG00000211967","ENSG00000213071","ENSG00000213799","ENSG00000213988","ENSG00000214787","ENSG00000223960","ENSG00000224429","ENSG00000225885","ENSG00000227598","ENSG00000228065","ENSG00000228314","ENSG00000229989","ENSG00000230063","ENSG00000231672","ENSG00000231769","ENSG00000235281","ENSG00000235532","ENSG00000236559","ENSG00000239650","ENSG00000240505","ENSG00000241549","ENSG00000243364","ENSG00000250959","ENSG00000251192","ENSG00000251369","ENSG00000253784","ENSG00000254952","ENSG00000254977","ENSG00000257221","ENSG00000257242","ENSG00000261372","ENSG00000266897","ENSG00000267759","ENSG00000268849","ENSG00000269343","cancer_type"
"HD-1",1.01038730787626,2.57345568671135,1.38414475505868,0.376188018542058,2.80745373965718,-0.252511296957536,0.832837760932731,1.8893905949355,2.48998095171469,-0.179354249745555,1.15889658051016,-0.238451526905751,-0.434410801750367,-0.309451323435281,2.5998726144321,-0.156170449187481,-0.235684272368303,-0.219067151071188,-0.247149069019478,1.31467721459026,-0.310641829709257,-0.141627926946026,-0.209628679299138,-0.168564953878791,-0.226351440535464,-0.22443990401933,2.24081581402937,-0.199144605343565,-0.19949546106213,1.00170200038305,2.51376837977923,-0.223965353271385,0.924593404950132,-0.276504855396592,2.48123349492529,-0.285488461686707,0.964255256435529,-0.519917648893208,-0.197907725499019,1.01355741805086,2.20706962679652,0.930917650219363,-0.329587160552061,-0.191065002342823,2.06553378550737,1.83826572853813,-0.214799456930195,-0.179618840309072,-0.246000945235717,-0.237140284116743,2.32862240159305,-0.279173051669,-0.170249585860599,2.2496611767691,-0.193906552557612,-0.201775725545737,-0.389568158406543,2.52196759035127,0.872592962922953,0.534570312314123,-0.306792605648569,2.14633734489248,-0.43239719229305,2.36844535542806,-0.325981817448114,1.80424548273475,-0.34998750312806,-0.163458263922479,-0.402525486162038,-0.366689348308888,3.11503544932058,1.01816910589863,-0.16479541464886,-0.234193700747991,-0.144540917705524,1.6226909963522,0.91722937083471,2.1192262668092,-0.13151999707102,0.926713930729101,2.65447565077314,3.60524530636402,0.840198847423371,2.46109826407316,-0.290698925345609,2.79464472601136,-0.259782904447562,2.3324524411244,1.09558151801372,1.07689796766377,-0.185251684233744,-0.260580795707427,2.49405578334662,2.05054565932106,3.7518038435617,2.58050149092035,0.956192837148912,2.33260713320408,3.23554658903702,-0.128932641452546,1.26352486115267,-0.417000536762792,-0.301979784922195,-0.299960119541084,-0.256532244704958,3.10144376387638,2.05176573288318,-0.153320854152934,3.38752122726816,-0.163743471415915,-0.219125930608524,-0.404890354192598,2.59096845100429,-0.197401845666241,1.19073731619481,-0.231333049519388,-0.366312936028366,-0.314982942706807,0.905731627190255,3.44100066951817,2.26325492101734,-0.214687075862593,2.33937191572298,-0.229559991720713,-0.16660933456995,-0.294314581025353,0.316902858394198,-0.364692069107342,3.19949103134654,-0.115779236354039,-0.180874142210094,-0.326180065753841,1.52889424179525,2.6331903314154,-0.346374864005748,-0.155962254964768,2.74895104113799,1.6608812529212,-0.16831304828448,-0.250106724925843,0.969241815694423,2.48298535666599,1.52015487793468,3.16143598599545,3.64106345618109,4.22641897230869,-0.228866249317344,-0.202312210091521,2.28101649533168,0.935319421864173,3.45231674931021,1.74176519874425,-0.0961186038436446,-0.314332809215574,1.04542147833617,1.96830599833102,2.31377112180146,1.01030800554346,0.880723018930917,3.27887534156896,1.82498822833843,-0.268061733947589,2.1976825192385,2.21582863185228,-0.205132141906519,0.827552517773454,-0.245901272525664,-0.178839984374771,-0.156175063961379,-0.164769889703228,2.08195328806084,2.11065260823412,"HC"
"HD-2-1",1.16533161311173,1.9210447350044,0.0871188238985174,1.8120473357249,0.348569251221115,-0.0817801210669683,-0.17644894569609,-0.214852802616888,-0.0508285631477773,0.00757706846528425,2.4731786640706,-0.0708341146847984,-0.287206832028968,-0.136662048361238,-0.0700139128986134,0.0123022697639689,3.13503200769154,-0.0811079178951996,-0.0818471510563995,0.056326057553014,-0.165970435259511,-0.140593175044869,-0.038745459763616,-0.0272325302818713,2.90579200295307,-0.0728835148904256,-0.0283533941279619,-0.101576574053067,1.29215441392758,-0.0302321901073277,1.71335139015934,-0.0685446935347699,-0.113002453031286,-0.137775273370375,-0.180027588131346,-0.129544050998394,-0.132760027465527,1.45124864244229,-0.041379240381053,-0.117212069178079,-0.283524115703158,1.08494480360833,-0.196522837479406,-0.0207292807659372,2.51175388909304,-0.210014081340482,-0.049736545149061,-0.00363964635525667,2.285192056641,-0.0564008378621188,2.48065750109281,-0.113158676656953,-0.0149601417169207,-0.181103196602372,-0.06033867296138,-0.0481700927666664,-0.223282376523776,2.04851519800171,-0.384911540594283,-0.31477461358067,-0.151079807843622,3.15300164050022,-0.278176027230343,-0.0283589502095427,-0.185662263752493,2.19355727728769,2.48866820359462,-0.0158544514575241,-0.249538776579846,-0.258603816306921,-0.0170200075460748,-0.121632884204404,4.08532181319987,-0.0598301741794092,0.0461424112295367,-0.300931938720948,-0.0773482048768247,-0.111473009007397,0.0418188094092187,-0.0631413193738962,2.6141249463392,2.47193583983601,0.967499995593158,-0.138456613584693,-0.130397634045222,2.92583109236255,-0.156577860916581,-0.165328681973024,-0.0951027743819579,-0.0838927238429592,-0.0476456414988108,-0.135783530262552,-0.00839056298797056,-0.108474911395829,0.962481300233927,2.2688777887579,-0.143717580724049,-0.291354426345471,-0.0679337924095976,0.00625077096845039,-0.256778294215766,-0.34506733409949,-0.158310797923155,-0.142388249244549,-0.0992453433649665,-0.0531474671016469,-0.0432142248780351,-0.0141555594619627,0.028666605655745,0.00373846697738167,-0.0946112378184698,-0.257696706692472,-0.0293148156722322,-0.0539927773375791,3.16986099272881,1.26916464359184,-0.210345985740204,-0.166043327444505,-0.158607899326888,-0.134282187273325,0.0325757389893893,1.07398737301192,-0.316806704985371,-0.0727143735042465,-0.0382661897217812,1.08706412251278,-0.157780805644086,-0.228787229091916,-0.202560895687184,0.0143992151970649,1.41152838667206,-0.187329181398212,-0.102187658537661,1.09812793587865,-0.179114704358461,-0.0172825745222067,-0.0719955813342014,1.12221628027572,0.00170754218745301,1.07899200442499,1.11384713684304,-0.159004037987673,0.984333721934612,-0.0475710030737519,2.14426562218814,0.00356734541559912,-0.0879651589895843,-0.048279269189979,3.40205987611219,1.07564260501252,-0.0366174282901429,0.915081714693395,2.64030348748854,-0.171266295376845,-0.0399337763804536,-0.148726979250012,1.596816832269,-0.0563716773790352,-0.0928455035306536,-0.0216016127823753,-0.141196468743921,-0.101233201529032,1.17493675431011,-0.0450377985443259,2.09214171491251,-0.164878827695245,-0.104555329107077,-0.0386875032754513,-0.0123384587033877,2.0263590719119,2.22474833063982,1.07331216555612,"HC"
"HD-3-1",2.17909600905893,-0.482479695290202,-0.0829314734204269,1.68338960598901,-0.25069487112406,-0.241620832944908,-0.308774368356538,-0.351806289735675,-0.202223439178111,-0.167430423981487,-0.228192085907222,-0.227759681165392,1.68813970973167,2.91013102749013,-0.21060122699531,-0.145424045823921,-0.226960885877452,-0.210267117590037,-0.236604922179225,-0.1086536728017,-0.301413646240733,-0.14156883328212,-0.198728516847793,-0.1595497540187,2.54631663873927,-0.214772546004085,-0.167372212435093,-0.192921013618083,-0.189086268356103,-0.165526875965704,-0.501283909647125,-0.214051504246137,3.05658859383979,-0.267655683517678,-0.344410867319693,-0.27554120405367,-0.276587356363999,1.37857468173344,-0.187923211392315,-0.27114997024116,-0.405029304532609,-0.313159023902738,1.64218259450042,-0.180199763254398,0.895734886791013,-0.346757403616359,-0.204270555625549,-0.168393619907829,2.38918272636607,-0.225611420540191,2.33832029520343,-0.268583459187038,-0.160344106710844,-0.322611047452614,-0.18538663123451,-0.19197765201173,0.913958616539563,-0.26803808413364,-0.50067826248162,-0.440694549229671,-0.296860121953305,-0.160463561338781,-0.422559855676911,-0.155691450094455,0.825279814691588,-0.27814283723954,-0.340959174416351,-0.154043029713514,-0.392766892007041,-0.359794874640463,-0.153297915871684,-0.273026227268817,-0.153575941136466,1.19638409754267,-0.132377761675322,-0.435344184150929,-0.207745144824824,-0.249826659701462,-0.12046319959908,-0.192919125305803,2.40778618295916,3.03012511595982,-0.188011994252307,-0.288599964996658,-0.280473754488644,-0.245444869820606,-0.253199743483342,1.65122406787818,-0.251210846757838,-0.236081510106679,-0.176474179782608,-0.252620327321288,-0.16170091670415,-0.261394747540566,-0.251510007182182,-0.200166211248264,-0.287924484448938,-0.429336409458351,-0.206508850619904,-0.12030966981072,-0.392286055693464,-0.412412119030449,-0.292815542220264,-0.289909050813186,1.03393918270356,-0.207289919596778,-0.196835330188508,-0.144443889382207,-0.113145893535693,1.21037385343571,-0.211183486741431,-0.395501283259134,-0.195201316746749,-0.18825418244904,-0.212840118805074,2.88057668444251,-0.356364240657324,2.86730612489916,-0.299304732256256,-0.284969487488289,-0.104085018962506,2.08969308887681,-0.458002978189535,-0.219555248580951,-0.158422684457863,0.945581230082322,-0.220015566154932,-0.356023079617803,-0.340733141486054,-0.107475517162472,-0.16976186642297,1.62460159631567,-0.167219352636357,-0.351153534892727,-0.335705806407519,-0.147116266168223,-0.213230463470215,-0.410758418047752,-0.157467910527463,-0.240831864228905,3.15081267960373,-0.293005980317944,-0.312817858969456,-0.175925481290181,2.01820642235224,-0.123521834198702,-0.219878562999618,-0.192486879767954,-0.236045661700704,-0.19807034190414,3.9606193707869,1.76194719513306,3.1884147882553,-0.305206996590839,3.52981499387359,-0.297251596828358,-0.378506064951348,-0.196221770478448,-0.22048799141592,-0.182204534727982,-0.284700968375055,1.97955327237745,-0.125125018250823,-0.183547953879653,1.96768903628316,0.83641771064602,-0.23688521027396,-0.169900049745194,1.02394246470441,-0.156682313297812,-0.233865132286906,2.11991896518751,"HC"
"HD-4",-0.141699225402746,1.6394586496261,0.0335896675966328,6.89612500740175,-0.208342468875117,-0.132095460613098,2.45924414619805,2.39372747217719,-0.0984852865414263,-0.0475125348161127,2.33932573146538,-0.120231812356293,0.788516258800527,-0.187583920127945,-0.114268585951197,-0.0373474911193659,-0.139229807358316,2.08935689604624,1.21512458642214,0.00439303589977137,-0.208605825640785,-0.140923306583728,-0.089105607339557,-0.0688839090945518,-0.134153245282988,-0.117547947965551,-0.0721143294006044,-0.130330365489327,-0.0844010404835196,-0.0728208271183261,1.26086345204364,-0.114347946668478,-0.155824750971299,2.59924030419,-0.231772856348031,-0.175501656181944,-0.178034606166498,-0.462359453116425,5.87550923706945,3.77739630228575,-0.321772036153098,2.02835648796494,-0.235737565322475,-0.0709280779291882,-0.199626354467534,-0.253058726288195,-0.0983814186434073,1.3771068310889,1.06013936257984,1.36169495030693,-0.0395175239370862,3.09606868031803,-0.060724724952848,-0.225647640131923,-0.0997018014543456,-0.093438448292003,-0.272287636011278,-0.181726899916091,-0.421353081998018,-0.354412226823057,-0.196969155541032,-0.0492365838918317,-0.32362578322746,-0.0684412164337881,-0.22701514469134,-0.176666020379573,-0.250161292660835,2.62216623144267,-0.294624732314158,-0.290457168305083,-0.0599181475098078,-0.169289125044506,1.39113327200953,-0.111215985809858,-0.0100529285559837,-0.343242797378344,-0.118395108585987,-0.155024559987944,-0.00926501203744927,-0.103993329442516,2.02106099129617,-0.0828730534733987,-0.106347321243198,2.57734394194965,-0.17763923394277,-0.140953623745394,-0.186992908321054,-0.212188047386175,2.83138859186392,3.1356882828848,-0.0881988370572236,-0.172561914482829,-0.0566502485995859,2.66337694333716,-0.165712365939821,-0.102619239538803,2.30790720988847,2.49504166272953,-0.111555038990342,-0.0335884632047188,-0.29943400407703,-0.366266412110651,-0.200650773767604,-0.188825474991558,2.66005028533011,-0.101669084308199,2.35035738056276,1.07774619386411,-0.0159737363752015,-0.0456193058730808,-0.131306346450694,-0.301075417782391,-0.0815332744717363,-0.0962561538375623,-0.101362309365296,-0.115555938909335,-0.256310233457634,-0.209936584049211,1.02052394354081,-0.181716176940427,2.36620816284732,-0.115254064473978,2.61368536205364,-0.118937569096447,2.97951759321527,-0.187728589132016,-0.177371328420681,-0.268839071619611,-0.246055343262757,-0.0239650317380085,3.7620472396466,1.81092658128312,1.55552754800181,2.56519463222824,-0.228407117892727,-0.0581521765337697,2.77479341353919,1.85858227201571,3.07231027862633,-0.147554610846514,-0.105969324738234,2.39700711533834,-0.221142947217199,-0.0879749719866114,-0.087696464720952,-0.0364383274183426,-0.129489421710084,-0.0936735545764682,3.60779175364693,2.15767219744313,-0.0751579103835021,-0.186201250018273,0.0155602035062462,-0.213428719339114,1.15262198826253,-0.195480190472648,1.52925285575897,-0.100394284868596,0.976882356256264,3.31573195436076,-0.1863694258742,-0.150398412339742,-0.0332444315664851,-0.0886386147218786,0.970795063483467,3.84585787835337,-0.146210692279469,-0.0799911470766512,-0.0547278324950441,-0.0753455753922162,-0.14226100595194,3.90885493381432,"HC"
"HD-5",-0.228790037377887,-0.476559841679841,-0.0685041732622138,-0.361268264728107,-0.245450922992979,-0.228059728000529,2.45609771153112,-0.340186968290647,-0.189378890516122,-0.152582548598326,-0.21455138738866,-0.214445901149682,-0.413328723461995,-0.284705000143904,-0.198673606691871,-0.132042329157084,-0.216098285391833,-0.199309074166574,-0.223475060891085,-0.0946565664903667,-0.289922458691972,-0.141494012619477,-0.185155335141144,-0.148323779509688,0.856556965272498,-0.20273448624584,-0.155577665462938,-0.185171226242432,-0.176124455663001,-0.154048289491802,2.09518819539916,-0.201706507111206,-0.237497864712212,-0.256636451611527,-0.330464364742332,-0.263154605602616,-0.264384848766609,-0.508229915487017,-0.175490220156841,-0.258089667851951,-0.394720637875388,-0.300924712386409,-0.310530116902251,2.03284897845923,-0.282285745359338,-0.335155912844471,-0.191159678497155,-0.154415667112843,-0.224854714399249,-0.211255362922345,-0.124973134867951,-0.255397007737423,-0.14800953197485,-0.31060532755007,-0.174777391164847,-0.179776821698826,1.71461809016261,-0.257351290725616,-0.490856455220293,-0.430011329404994,-0.284491920415427,-0.146691768724068,-0.410310133895595,-0.144888386385091,-0.305885703043056,-0.265578280429003,-0.329716851500674,-0.142318921444568,-0.38061522250137,-0.351209686640677,-0.141735911456868,-0.260181808665726,-0.139605144525268,1.21023371856197,-0.117231865670427,-0.423940465131724,-0.196682089822875,-0.238088546460746,2.56001035699745,-0.181908598481847,-0.227912861302873,-0.175491613694005,-0.177900518003964,3.19622588789028,-0.267741090857063,1.09349493057646,-0.245002210614415,-0.301560885027275,-0.237966424061764,-0.223169605012976,-0.165544190126198,-0.242707733416615,-0.148693856291459,2.57475174820162,-0.240886799133723,-0.188088236143547,0.978252830557868,-0.417629829004332,-0.194751952862217,-0.109572108653443,1.29256584855204,-0.406698495228509,-0.281403975470458,-0.277393183935171,-0.234006121434918,-0.194212262783873,-0.183801905184907,-0.133390049003766,-0.101114326850571,-0.139757247784998,-0.201293337462979,-0.383809754219511,3.19510371660137,-0.176863260929101,-0.199037268921094,-0.207823417483711,-0.343975851895395,1.78461961888587,-0.28736782022504,-0.272184970527679,-0.0924905330609688,-0.194496267009042,-0.446023692961266,-0.207097067597896,0.896585251748774,-0.272671292154481,-0.214735483824481,-0.345228215772427,0.773650622346962,-0.0971354979259692,-0.155924555363985,2.54870010655454,-0.161701974629087,-0.338407092630013,-0.322420402812324,-0.136100997923737,-0.201247902607273,1.70082624069745,-0.143963247081765,-0.229282552913084,-0.187248819429041,-0.281637071975754,0.847828864733254,-0.165035711539273,0.932761139794672,-0.112739414114405,-0.208686849109381,-0.180252108551975,-0.223291130645252,-0.186924530936245,-0.148664502254134,2.88291529883956,-0.0734411708592871,-0.293843284028839,-0.170159575005858,-0.284650564825065,-0.366892596049513,3.46381794679807,-0.20965862789998,-0.168578762837398,-0.272525850054934,-0.244169089015276,-0.113748638040023,-0.171796562570792,0.896076864416675,3.14553271391011,-0.225658161891247,-0.158767797568714,-0.135575248762626,-0.146611440995912,-0.222522982572011,-0.233762887907166,"HC"
"HD-7",-0.568126227137918,1.2697633560232,-0.466297398165274,1.68527691633843,0.443451571662493,-0.601969996028146,1.52117346671742,-0.615472971930324,-0.543532084714576,-0.552021461178269,0.653773417028579,-0.581536862731257,-0.636665114186548,-0.564173711700862,2.81923265904375,-0.501006457529575,-0.515604695505281,-0.469913966047566,2.48244838848943,1.5865533570278,-0.604580296296168,-0.143122770361257,-0.559398586759856,1.49500237911809,-0.493919746729233,-0.534650961282632,0.728049970377837,-0.398850353914675,1.77221483674468,-0.470538823459549,-0.670426987296796,1.26621546870059,-0.555724811896911,-0.560461543474329,1.99879383711165,-0.599031716204532,-0.600835521854248,-0.643379944537272,1.8884278843926,-0.572821755940414,-0.580473378852318,-0.638252291293981,-0.601947993253642,-0.492168798504454,-0.604355572439581,-0.591244293896944,2.28559728407096,-0.539819371124846,-0.548220174248997,-0.603283045988914,1.81093495377493,0.600205975423701,-0.488101594123107,-0.545756268345177,-0.467298082826568,-0.478170968389413,0.455362449730072,2.21796439648285,0.110579435024349,0.708226835043283,-0.608965809075697,1.94690483238073,-0.622479691974839,-0.442753233214389,-0.613192916609438,-0.612011467396484,-0.623009017988533,-0.465579045395511,0.941657696822859,0.173301719958632,-0.460526466313741,0.554572222999815,-0.52481153639915,-0.560393165198659,-0.529608631448525,-0.637182987750289,-0.501715483337733,-0.56173481908951,-0.486316088031402,-0.485493671583271,2.58987121970522,3.44138865771433,-0.456696737757651,1.65738831925402,-0.584483664209167,2.1494200241035,1.75757133650697,-0.579989818704079,-0.580552750979514,1.55122243427618,-0.466908671761528,-0.516020318117154,-0.50732786621262,-0.526737007283681,-0.533792619493672,-0.521105267363299,-0.613028373549456,-0.621423395819076,-0.518916157016583,-0.40563090229531,-0.594382078873312,-0.557377143518269,0.982544656499299,0.525998496682777,-0.578472720054099,-0.55479277478079,-0.543162846377526,-0.438169374552367,-0.432851773208042,-0.506551514548351,-0.47398707316565,2.32869378229497,-0.551221165285635,-0.490936674274127,-0.576826349082436,-0.567329706472521,-0.571247817906803,-0.619837893293044,-0.596391910176013,-0.560062505526635,-0.412176675810874,-0.503251535981803,-0.668428264387766,-0.550597232933082,2.77849050223346,-0.603637699951798,1.05971665068997,0.968024253612111,-0.552797342038807,-0.382233163639301,-0.537450449314418,1.89285046330355,0.521171612242155,1.51978359430345,-0.643449844785012,-0.439816802689782,1.79584714901242,-0.68191353677482,-0.516317295614279,1.44551598311372,-0.503942089459339,-0.595103532330392,1.76543353586328,-0.465291239612179,-0.458265434677315,-0.410035069612294,1.32633681158867,-0.517592362416864,-0.574962336278759,1.28303082065794,-0.435071830902669,3.37977523322475,-0.420221578294623,-0.607166484997714,3.10835406010737,-0.632089455173909,-0.611194239011277,-0.511503549528425,-0.508248619749806,3.13878524705875,-0.60822133895663,-0.593862671184663,-0.427421114675035,3.29829584771086,0.580036026041435,1.78290117706899,2.49721514177755,-0.465709113349169,-0.450584990502327,-0.42428811831083,-0.535251647183033,-0.551911500129703,"HC"
"HD-8",-0.566567413147715,1.5513432372009,-0.46447004917362,0.795657025178366,0.107677628629663,-0.600252358551001,-0.605670369679599,0.384661491031551,-0.541905205618095,-0.551575997891846,0.655903828555429,-0.579850551209347,0.853702695084018,0.571585771807915,0.602104241165794,-0.499311541211925,0.563050147575016,-0.469470443917869,2.51804184618458,-0.478815515151239,1.93048012176088,-0.143117049652255,-0.557679419650731,-0.456427359574816,-0.492604611774384,-0.533126231352603,-0.479286056609703,-0.39786877274625,-0.530529250206628,-0.469084955917547,0.702967872259225,-0.540522331974636,1.79161211558224,-0.559065857372863,-0.587503623840718,-0.59847391730215,-0.599289963107339,0.362350861924901,-0.469474134031252,2.35098595629772,1.55996356309895,1.19021925715407,-0.600609302373139,-0.491704466657062,1.10225189594844,0.385806344533751,2.73987758607017,2.84978173865595,0.551921090407701,-0.602822337453519,-0.456408464845962,-0.617307049196596,-0.486539307869992,0.440967109368977,-0.465954325926028,-0.47767071488119,1.60113707419348,-0.550656723210591,0.538358822771431,-0.618444422917618,0.502701764681801,-0.524666848313355,-0.621897052321413,1.78839899480693,-0.611781234630738,0.542195257940006,-0.622537661917562,-0.464094080281568,-0.611085629184385,0.174528094950774,-0.459062033129602,-0.598252344933146,-0.52304200774029,0.672166258473995,-0.529179845830877,-0.636617851489301,-0.500314246641952,-0.560248080118298,-0.484572216540418,-0.484099088059742,-0.547917653326771,-0.503463192677697,1.33714808344103,1.66010115377474,-0.584006626877788,0.597776900335284,0.268787577145401,1.12834361249504,-0.580123594002912,0.675358799831116,-0.465524289003923,1.06212181170503,1.69981531703839,-0.526205184921051,0.499676324797273,-0.519575481791019,-0.611478735917123,1.6780023172325,0.614552844467072,-0.404270892360096,0.859475783608717,-0.556992497901282,-0.54725804872557,-0.616169342710966,-0.576890338424048,-0.553136370413494,-0.541512044371796,-0.436769304972624,2.23975028377175,0.771742475048197,-0.472734395664444,0.338738116861505,-0.5507553942893,-0.489493910297138,-0.576357413144456,-0.565678236780354,-0.570676061041548,-0.618339489362586,-0.595944684711617,-0.559543013504411,-0.410708128550554,-0.501833202048235,2.27086802776757,-0.549019290822786,0.61553803114084,-0.602117334360557,0.15673011145819,-0.640715804244654,-0.552239892444773,-0.380923506009777,-0.535697827816693,1.05914363106442,1.21772840079297,2.04812033967692,-0.643018278239563,-0.438421618622145,0.590289681743163,-0.681375312661216,-0.514606806967087,-0.546260304896849,0.66991916377977,1.07728882895891,1.76798316361406,-0.46391195107202,-0.456910811043341,-0.408669377885303,2.64393139904356,-0.516042717188757,-0.573346858732199,-0.492827974702615,-0.433756157053906,-0.544188287220267,-0.418628567684627,-0.605727167283094,0.735844098343454,0.544456835334806,2.27897062311967,3.95006991244656,-0.506876982209563,2.22127913347115,2.12271669290995,-0.593403335806301,-0.425980192487294,1.62661296015894,-0.475884856132262,1.22057413064909,-0.533791215062061,-0.464299112200897,-0.449137925298857,-0.423012550592387,0.595892096102928,-0.550450015847528,"HC"
"HD-9",-0.681544221285251,-0.672294152371808,-0.563444786803227,-0.604574335362291,-0.473248505424272,-0.669230818993219,-0.669182191392443,-0.668781257040176,-0.642548107283062,-0.617626010193055,-0.633748460770069,-0.662287235549144,0.0804624384022919,-0.625568763986006,-0.613008450508748,-0.615745228051746,-0.667872148274877,-0.535769912112409,-0.609694907777578,-0.588035722892816,2.16942910520674,-0.14383795170406,-0.645474534686315,-0.636321746731617,0.250515694227844,-0.636864452886284,-0.695427247245716,-0.459864948781783,-0.603716128629875,-0.617146893039932,-0.719769893294996,-0.619522267174968,-0.648513550939917,-0.635822656172562,-0.640477989647615,-0.669733110558853,-0.659794252302875,-0.701988825980484,-0.537387176916043,-0.636598864295826,0.05071020933024,-0.688050526924152,-0.67505416725903,-0.561043818262575,-0.671257451838258,-0.643382480896179,-0.609848351131327,-0.659842471871803,-0.646282331223504,-0.667354276242882,-0.685620073384732,-0.672304544378673,-0.650591505403796,0.702727677480345,-0.60403627465413,-0.552784322687674,-0.717251996998737,-0.664957111717274,-0.706376280691395,-0.674876292587081,0.814415626171812,-0.601184220255127,0.606701615819035,-0.599891989405035,-0.695461128776228,-0.68117380558144,-0.671315770837425,-0.602334886683843,-0.667452467895577,-0.580417843977914,-0.618162498310712,-0.661508038577056,-0.64368052904811,-0.623978653749923,-0.592763043874789,-0.687250955321839,-0.644755032603846,2.80622660091451,-0.599925250134678,-0.634529526530302,-0.609810903850233,-0.577304948626322,-0.600730476668552,-0.639844563829374,-0.643206121132482,-0.641302756126876,-0.518307701469412,-0.63374117230886,-0.634784525289745,-0.721450796873363,-0.638481039784935,-0.62961175056951,-0.712275396588364,-0.598384575966914,1.6924856141897,-0.631746839092569,-0.704992559064782,2.79407318409437,-0.644133517838531,-0.608076510343831,1.64708048025465,-0.611812228095155,-0.620328560461384,-0.665436308281077,-0.630760788367368,-0.621689499597141,-0.644279520478614,-0.646578100137953,-0.640671754848293,-0.670331471121912,-0.625157281775142,-0.674567023926264,-0.619966172964666,-0.593094963539995,-0.643939887398097,-0.647647502411238,-0.635622517078283,-0.671240553202696,-0.646608694514964,-0.625957097427948,-0.630778713458764,-0.675643539925046,1.42796075579,-0.693439253089629,-0.620043574781125,-0.671969776336458,-0.447626766095341,0.0974216190682461,-0.616863463807276,-0.577183530012728,-0.74138449304792,-0.663453158845601,1.06484021516359,1.45499749093005,-0.687137383224291,-0.616125545577052,-0.631170159956537,0.743806071614892,-0.62272570148069,-0.699406681392662,-0.688073081866105,-0.649146764592209,-0.651435094391886,-0.632901708437803,4.26421290388482,-0.613326446325323,-0.668976890657871,-0.61594194783195,-0.673230343518132,-0.645619321904011,-0.620325083668909,-0.645768065433171,-0.633812703121163,-0.67171994839985,-0.704438336432994,-0.708126552241704,-0.663399685231687,-0.698110126778598,-0.645323171497395,1.69615376273692,-0.694118228805852,-0.652914939543566,-0.64191099514543,-0.701544506853251,-0.649067501982455,1.68971553310145,-0.636122283523454,-0.649888067396826,0.402984173170853,-0.614163997653593,-0.687409785064223,-0.696345422765764,"HC"
"HD-10",-0.365780845514677,1.2430744774916,-0.229094222291035,1.75266713432898,-0.303821226392674,-0.379008171854906,-0.422511585088554,2.343761990455,-0.3323513577669,-0.317854013779728,-0.366385786053962,1.92192703419735,-0.543476073778834,-0.437473069895086,-0.331439758939587,-0.280994004942033,-0.337009718954532,-0.321282881554937,3.05151949912638,-0.250458134638909,1.44879534273887,-0.142253583102743,3.46120607403867,-0.273279923558032,0.740981020097531,-0.336729938311708,-0.286862580572473,2.15388328542391,-0.320402186982063,-0.281816253311254,-0.601611269407013,-0.339118474244289,-0.365966822581287,-0.379291347029423,-0.485702663531396,-0.401029636325054,-0.400210767119273,-0.580382552111309,-0.313881648226121,-0.403463686415088,-0.502775307437369,-0.43710463965577,-0.428176190594299,-0.31726888016696,-0.412306082769868,-0.464291922453756,-0.337096643679231,2.05152200934434,-0.355398101768788,1.05286708626097,4.8768668552003,2.83598481048371,2.75343185476544,0.658671296924851,-0.29286867395967,-0.315584070224597,-0.512771384989561,-0.376305818498413,-0.569979314323016,0.419769902803849,-0.422162175389447,-0.299985373692443,-0.546661592580248,-0.265137117036377,-0.429946339082177,-0.405434162825892,-0.454854969404085,-0.272819784467037,-0.515875262862358,-0.446771277977253,-0.270432399052552,2.36020490543573,-0.295113859819026,-0.363381829933888,-0.285820593661004,-0.550875080501325,-0.319824779424775,-0.368745298601546,-0.259948898259209,-0.304466597768183,-0.366913372596447,-0.321177376925943,0.745879826129677,-0.417652164922248,-0.409468167610466,-0.376517459961374,2.37892760666771,3.45551379979747,-0.385389882837661,-0.366891815635628,-0.287205731478892,0.662902800950621,1.03962587557472,-0.392833409866605,-0.359133559278739,-0.322527985297244,-0.411874149853061,-0.546788249111718,-0.325617795163128,-0.229091731437231,-0.508758577195316,0.755055335882775,-0.408425943804726,-0.416707099465957,-0.373068087546893,-0.339779453161576,3.97142395124842,-0.25643017077744,-0.235037504622672,-0.287832945397415,-0.311380432076046,-0.513947978357525,-0.337785172111064,2.02830610388327,-0.352676571860396,-0.352956941537438,2.75333263786357,0.747387446466629,-0.420237398547221,-0.414489225863109,-0.221548571569663,-0.319141486379794,-0.579364926667049,-0.345768882347951,-0.261700384304194,-0.406283199868639,-0.273507996424047,-0.46538567386756,2.54605717438858,-0.212230087900605,-0.309947445095691,1.39987553365951,9.41895744253211,2.63889023856451,2.7979586314724,4.32987906845175,2.71054000182085,3.81053566826391,-0.294283441510624,-0.357837753825165,-0.31509862826793,2.3646602011149,-0.427813790070226,-0.286249565762523,-0.28242544485857,-0.232758360902887,-0.333261638754099,-0.31643715273104,3.02882808933457,-0.310988375881097,0.80033495281411,-0.375008785129488,-0.213437226965696,-0.420332588158428,-0.304541817782382,-0.424912452013391,-0.496161934032919,-0.316426641387155,-0.330200101280681,-0.320247013443514,-0.40804689879732,-0.391667091226841,-0.240378945567466,-0.302601112677317,-0.3036231629628,1.62588300228792,2.4486534021845,-0.282680719821628,-0.262745413319502,-0.258710160714005,-0.348772270992748,-0.362200221770031,"HC"
"HD-11-1",-0.696652092475621,0.528738341061683,-0.595134921741424,-0.630480578018375,-0.492941681368869,-0.68476052606163,-0.688248924465342,-0.690300284234262,-0.660409708449033,-0.63705274118995,-0.65163352308309,-0.676769431243522,-0.719214937199004,-0.645192871665321,-0.625759478996603,-0.640802268148513,-0.683409513581994,-0.561429873560237,-0.627850323151789,-0.618660361688544,-0.666831217060496,-0.138180970166606,-0.661158308736772,-0.650738800634933,-0.663659137112491,-0.653768987941927,-0.709607616153066,-0.480753525601267,-0.625418054397669,-0.634246287420478,0.809371706799739,-0.63928083202483,-0.663613880750583,-0.653371115522394,-0.658367490424368,-0.695447764678939,-0.674707836040407,-0.734207024564338,0.216023139316162,-0.656818367372451,-0.677985692352787,-0.705609070057114,-0.691342870018344,-0.580846978297451,-0.693296613732325,-0.664260978048119,-0.624413544966745,-0.681311691129147,-0.663392831337656,-0.684702997864679,-0.728831359190745,-0.687262055761837,-0.664819460260622,-0.646457710394569,-0.624704769936065,-0.577026002468224,-0.738357088107999,-0.679691644844785,-0.74057934860536,-0.704256254042567,-0.680582923765543,-0.625818529756481,-0.703541886281631,-0.619670197742742,-0.711793017211651,-0.701257670882272,-0.690800012180784,-0.623129282426825,-0.691491560355755,-0.602098011069063,-0.633163024356307,-0.68172555546706,-0.660821870753943,-0.641395662193865,-0.614766106944425,-0.712228336867363,-0.663639384847074,-0.638042897703743,-0.622029522313519,-0.648545958343219,-0.628573324533796,-0.600633236435512,-0.61250175405997,-0.657865391191887,-0.662258257027287,-0.65867883999399,0.000756465228430934,-0.652392847626806,-0.650549043695083,-0.737098049719072,2.13957808474295,-0.64759093988877,-0.733115486000607,-0.621618003110097,-0.667083462208506,-0.651766829239447,-0.721010915660853,1.46390247318947,-0.65879567607415,-0.647821433129678,-0.68696357779144,-0.272718702545724,-0.649134164733152,-0.681523595345522,-0.646436238354565,-0.636721591653354,1.22053734548102,-0.662852239367052,-0.663745313789748,-0.69472333858515,-0.642984305980929,-0.693928145760517,1.62175298278297,-0.610623143283791,-0.662420819193934,-0.660785827207017,0.0606112358595798,0.577539833216524,-0.664156874380195,-0.648021501593254,-0.697672984358363,-0.690325997615516,-0.733209216623775,-0.708049583645768,-0.636071241683532,-0.686888448581279,-0.463371734920333,-0.698380759789482,-0.642764851204082,-0.629903071865411,1.01190569702154,-0.680124623889526,-0.434986822220987,-0.734601421561287,-0.702225427007933,-0.62701082982179,-0.648235160241985,-0.753813649580929,-0.644015159877683,-0.714012508475369,-0.70264084736925,-0.668358308495645,-0.671289411703789,-0.643905104402189,-0.644594699659263,-0.655388510730829,-0.686553144196609,-0.643342030543983,-0.686642548282533,-0.665100899553467,-0.634061309985297,-0.660594966620218,-0.665342883704847,-0.69115003433835,-0.717216626154837,-0.724627212723667,-0.00773930345189962,-0.71091553787108,-0.657248036610997,-0.69294354872082,0.085333985983539,-0.670654884873205,-0.700361880332709,-0.717065236537584,-0.665585369428166,-0.701718178233051,-0.654142648743056,-0.662560987748873,-0.707130520451732,-0.639962448197342,0.11639378879241,-0.710284727587554,"HC"
"HD-13-1",-0.696669733818668,0.374083684527209,-0.595156289743873,-0.630511797884663,0.156731825158065,2.86637394397363,-0.688271386945461,0.0106256663597364,2.5626672438305,1.77753398136983,2.02064726214133,1.64786368433009,1.61221645810333,1.62298666136499,-0.625774344849597,-0.640824572072399,-0.683427672028496,-0.561454762831172,-0.627871734425808,-0.618683259832281,-0.6668505894055,-0.138183037066078,0.834206572991016,0.803920982360663,0.10230596841448,0.711521946964756,-0.709624123441267,1.05659304884565,0.221400604687412,-0.63426565018423,1.17240912784923,2.42349240983315,-0.66363154082772,-0.653391760139173,2.59889157970697,1.87307543864304,1.07340351496328,1.45691044062291,1.34786031835355,-0.656842278081595,-0.678025327137818,-0.705629673818157,-0.691361942352542,-0.580868856448926,-0.693322727697023,-0.664285713908015,-0.62443059499563,1.38749889823162,-0.663412926472007,0.220546955905538,-0.72885038795619,-0.687279530384073,1.775870408307,-0.646490898006853,0.141009234457843,-0.577053541526503,0.563394665182717,0.594212090795239,1.91839223166581,2.12683217850421,-0.680604311297489,-0.625841702624274,-0.70357228010414,-0.619691207243093,-0.711812122606983,-0.701281357642509,0.475549047006484,-0.623150242900435,1.72559140951889,-0.602123912275187,-0.633179772940246,-0.681749432039687,-0.660838783486975,2.65329710357457,-0.614784247457459,1.95319468338585,-0.663661636161351,-0.638064718410806,-0.622047509370581,-0.648562316853082,-0.628595483499973,-0.600660923297658,-0.612515446822011,1.58966619270012,-0.66228073064434,-0.65869926665847,0.58250741890623,-0.652414846379763,-0.650567522746513,0.159100582031351,2.78550371707926,-0.647612107631085,0.246810049494802,1.03754305364587,0.0711058741286446,0.172727397951082,1.11369564467135,1.84820277117248,0.735518301827098,1.80700903164695,-0.686997689980618,2.42177106651631,-0.649168878146237,2.27066506883296,2.62484886449633,1.57057332528255,0.207260474880592,-0.662869141973432,-0.663764806118651,-0.69474589519402,-0.643005282269008,1.89425258906087,0.248552626360579,-0.610643809324,1.59614623019043,0.786294234407672,1.8546153028086,-0.687710876637028,0.957149445333884,-0.648047707240761,-0.697695750753661,-0.690343121331397,1.3915872973369,-0.708066616541488,-0.636090027662472,-0.686905874715805,-0.463390424098466,0.43808175940077,1.55323141992319,-0.629922583420386,0.264578741487196,0.50598235469053,0.44755749635365,-0.734633265081666,1.70680654255791,1.77960765087554,-0.648255215934519,2.29975249347708,0.26177801142471,0.730053407843951,0.163495448737753,0.54533350647112,1.39206151111005,-0.643917868197275,0.775149155615713,-0.655406595626535,-0.68657376922508,1.08930436978428,1.2532939768563,-0.665123879869046,-0.634077335657992,1.83584789667518,-0.665365909717009,0.919222441440347,0.906441786760553,0.0841823803941608,0.441101417772937,1.40870827244732,0.11401614447229,-0.692961971872097,-0.71324188940654,1.47905812901889,-0.700383879855299,-0.717083344196881,-0.665604724624522,1.3845591312849,0.10500839442011,2.13615193065628,-0.707152278963361,-0.639984365919972,1.20572579470917,0.109477477682785,"HC"
"HD-14-1",0.738801744281645,1.56629175058401,2.87492839096858,0.187824975171063,0.934995688998054,2.77179920020508,-0.687796837901367,1.52720838136277,1.21765840904111,2.61167412266611,-0.651209831830636,2.96298673908756,1.72191821100498,-0.644726238529251,-0.625460206238121,1.93785864028621,-0.683043977836249,0.144424780720962,0.182732538648092,1.74674821395221,1.51278733732488,-0.144155922205849,1.30769255839044,1.29083128531308,-0.663265960388228,-0.653369367758151,-0.70927528622417,1.15794480645378,-0.624913406009629,2.25346231713893,2.12933898575952,-0.638810577416561,0.104729994813048,1.25373152526402,3.21989364299108,1.30826234672206,1.71839795701312,2.04601009704032,-0.565619651783215,0.14721772928268,0.81142329848025,1.85286211285539,0.492189951386828,2.46043313256261,-0.692771112579977,1.95984630035208,0.205025640104329,1.76948598655945,-0.662988358923548,0.224891380259691,-0.728448293535792,2.9202577217175,2.86584502279681,0.539627538611148,2.21284100450685,-0.576471949244895,-0.737855917502768,1.03036189541974,1.73144281734968,1.64083047181395,1.33172568996736,2.49530878545029,1.24210821722664,-0.619247358157269,2.08337213728864,-0.700780957153318,0.480316114029838,0.773838633530095,2.54015411602876,-0.601576901739782,2.22624782852315,1.64930921958387,2.65754532001706,-0.640983250065175,2.92418801564797,2.04011069903727,-0.663191549981228,2.13718467660068,2.82749336358143,3.12423263747476,0.678565663499384,2.19154771311772,-0.612226082050116,-0.657438339998602,0.650778047021857,0.718956528611953,-0.541057732505273,1.99205584188322,2.59995315248178,0.816888349568458,0.808455876728639,-0.647164904697259,0.251550240546364,2.52136449030719,0.616183606322487,1.69940989432672,0.66625610681153,1.32772591606012,1.196121507826,1.81604175209038,1.94071539149944,0.130197542701604,1.46451831801174,2.68460950269339,0.141552956747112,-0.636367253860346,-0.663275371502864,-0.662511971039888,2.15884588585415,2.88671285285845,-0.642562117799539,1.287155378731,-0.637674640059947,2.21821317722759,2.09293943022239,2.65434357943835,1.50339966712624,0.582618627605953,-0.663741502016129,1.97769250118956,-0.697214757505171,3.51278901701503,1.81136912031561,1.30944542680864,-0.635693100830538,2.3809409159278,1.34575060367281,1.36518666402346,1.2623728346511,0.239644963772772,-0.75752512830739,0.0179414378260888,-0.434466283529864,0.0571410732926779,1.71462290611736,-0.626756503927092,0.711085172388179,1.26036139077547,1.68987569277504,1.64470722313874,0.167845045027152,0.0579567187315357,1.16417548596478,2.12194984875115,0.781494051242308,-0.655024460446975,1.14173341535989,-0.642684608196098,1.65993052199944,-0.664638405458064,0.771655363408014,2.77966844197504,-0.664879464687172,-0.690689081903434,0.209182489472282,0.668185843582863,0.780181026273452,0.184568722810914,0.705642440525234,0.241398244644002,1.39965414576146,2.15479658180606,-0.699919071150934,-0.716700707446261,-0.665195768216028,2.45982803197635,-0.653715658401044,2.4751504031021,-0.706692556222665,-0.639521326594708,1.62000194518264,1.63955305785636,"HC"
"HD-15-1",-0.681542941795218,-0.672291383479247,-0.563441656669108,-0.604572208089121,-0.473246879863661,0.340588548227176,-0.669180590704602,-0.668779460017798,1.82107926119179,-0.617622932153805,-0.633746957969832,0.346426473669967,-0.692668199787328,-0.625567121312788,2.11887954656264,2.63540007990449,-0.667870833536163,1.34581715302851,-0.609693385213921,-0.588032493553846,-0.650318381659774,-0.143837923482003,2.48734485354456,-0.636320525816917,-0.646997187226759,-0.636863029426591,-0.695426042639563,-0.459863233329229,-0.603712697951183,-0.617144224549422,-0.71976776772776,-0.619520614740039,-0.648512274060677,1.75304788950035,-0.64047648619979,-0.66973097794648,-0.659792990428897,-0.701986208727757,-0.537383986899546,-0.636597173184336,-0.645342878528474,-0.68804904707172,1.75861441615202,-0.56104056526948,-0.671255612065189,-0.643380737811555,-0.609847120640079,-0.659839365616504,-0.646280890355935,-0.667352814448275,-0.685609267222041,-0.672303278255509,-0.650589099002083,-0.618837508482841,-0.604033239650604,-0.552780781020791,1.19373225899032,-0.664955863498774,2.11531847817436,-0.674873878059369,-0.66240146825584,-0.601180910268009,-0.678057419053039,-0.599889263931153,1.21117755297533,-0.681172121346426,0.133404199361251,-0.602332044707204,-0.667450470077884,0.628996663709238,-0.618160096971258,-0.661506345397582,0.457640765564256,-0.623977189594959,2.94466051833222,-0.687248882439454,0.883769136110406,-0.619547793636276,-0.599922489818544,-0.634528338878614,-0.60980933260326,-0.577302960470435,-0.600729475975255,-0.639843050121928,-0.643204523685608,-0.641301294290095,1.38555772239261,-0.63373960826249,2.03808078641052,-0.721449470682092,-0.638480096955981,1.12266936177566,-0.71227253421816,-0.598382647893451,-0.652488822172721,-0.631745164070647,-0.704991203597407,-0.674447652291324,-0.644132276921851,-0.60806690194452,-0.658568995047734,0.229956683443002,-0.620326195443609,1.31132855369895,-0.630759465873395,-0.621688230122634,-0.644277847605669,-0.646568208719345,-0.640669147025256,-0.670328379626107,-0.625155783378856,0.099564510968867,-0.619962941281001,-0.593093493177067,-0.643938335367693,-0.647646387339314,2.41635231665009,-0.67123916480689,2.47049641351452,-0.625955259875036,-0.630768338248926,-0.675642294970837,-0.71137688680771,-0.693438013762149,-0.620042222458405,-0.671968513275378,-0.447625454011146,-0.680981236352233,-0.616861325374953,-0.577174277349825,1.31098284933565,-0.663451752993793,-0.413675403725573,-0.707894308104577,-0.687136105923596,0.373306674115343,-0.631168723915674,-0.732953794025991,2.71523604146324,0.980057338674272,-0.688071845715513,-0.649145154099045,-0.651433432239157,-0.632900770423554,-0.632298764511301,-0.613316797784464,-0.668975409363236,-0.615939643030784,-0.673229204517661,-0.645617688459236,-0.620323919348335,-0.645766810825156,-0.633809753856161,-0.671718318106096,-0.704437248036175,0.242369788939695,-0.663397813248325,-0.698109036385431,0.271464024681657,-0.677105546562964,-0.694116622765114,-0.652913447277259,-0.641900815105268,0.37070073844919,-0.649066107912712,-0.68708545413304,-0.636120769669461,-0.649886989797275,-0.665979072143589,-0.614154985834148,-0.687408550506618,0.274899221949524,"HC"
"HD-16-1",0.136252529642879,0.530811647723227,-0.594847955793403,0.186828846935781,0.80832551710332,1.25293613533244,0.0333594909844447,1.11030563482544,2.62340850279626,-0.636793663035018,0.202199518913284,2.44495316584265,0.719345034093659,1.98297683514153,2.28562839676057,-0.640502730350698,0.68705565525057,1.92271711284839,-0.627562771209769,2.84927551736394,2.48127688222461,-0.144158410333723,2.72994684452757,3.488698874211,-0.663396782579591,1.13918358166248,0.216835889249174,-0.480415665402152,-0.625081286028618,2.53676298991091,0.812571550162205,0.172837422919682,0.651539149742128,2.17871805921808,2.61705179612553,2.42331417536353,2.83847870365306,1.92850692725672,2.32905966781318,0.14602435581882,2.24582803356588,1.61844981148603,2.45562857468061,3.06359467152226,-0.692945933599472,2.24877220610326,2.52153027995682,-0.681026303265749,0.66866785630883,1.68424847166833,-0.728575760014414,1.18214895224022,1.78181226277994,1.81674985711059,-0.624375734768012,2.35852495139031,0.0392466957531108,1.02820305275792,2.03229863386481,1.84678316192239,2.47424174268729,2.59560074802627,-0.703133779585472,-0.619388038411762,3.03743422585962,0.11061173751576,2.12273860855637,-0.622847781060576,2.28712664120906,1.54344628252077,-0.632938057576902,2.26785889750889,3.00561338318993,-0.64112046496818,3.30397845459147,1.66912431805117,2.12194061340145,-0.637749849643473,-0.621787932667598,1.56738619865488,-0.628275738529572,-0.60026147768305,3.02796536796917,2.46958534520531,0.121185069395315,-0.658404496257509,1.63906718117792,0.592871065529537,0.728803635751168,1.32772883291575,2.79369501650231,-0.647306650427729,-0.732833082702558,0.675735549632334,1.4013326100939,-0.65144900582864,-0.720759463856438,1.32602449535287,1.56360170090441,-0.647591008639838,1.93954620988747,3.80300226490682,3.17188437624582,2.62105991239445,-0.64618943866647,0.782284392030143,1.22470803127556,1.36757930544731,0.273061416083353,0.910086679135572,-0.642702584930988,2.15012313039275,0.251405168041606,1.3811583150928,2.67669038478603,2.46493042591935,2.46239387975458,1.58989647926241,2.2636578640177,1.976061905749,-0.697367217109703,2.02136500966017,0.377361739469923,0.165746749346451,-0.63581892067608,1.97224928091555,2.92608532632556,1.94402099049365,0.815481642719858,0.238327584667816,0.268050219356055,0.891455011856035,-0.434639382400152,0.0559758637910284,2.82334635535125,2.15851565804546,-0.647965797701005,0.941261840901153,-0.643739806218106,1.64188658643262,0.808940120095617,0.919685979737704,-0.670974398879328,1.30840412089736,-0.644402642324536,0.877648060478192,-0.686276127817518,1.89778126045309,-0.686432753094025,0.147261177649239,3.21005274681245,2.26940357908387,-0.665033644783482,2.35844441364977,3.09576279668822,2.46549279110606,-0.685511337444205,0.862458803600075,1.1802205873705,2.80215796180261,0.639776322245724,2.41019346613387,-0.70006640472875,1.39328902805994,-0.665325401858097,0.0394696355199292,1.9997899085148,2.7654264754553,-0.706838279064781,-0.639668089983248,0.119014221832748,1.63671414403124,"HC"
"HD-20-1",-0.0306840589807941,0.749032826935716,0.16372928251766,-0.232808840094546,-0.161040105788498,-0.00976924877783634,-0.116834164206069,-0.153153001892777,0.0173773210413428,3.59898587775456,0.00502029417907051,-0.000136563391564905,2.71376354530422,2.89726950324175,-0.00667701329425806,2.82636027202193,2.1853832533634,-0.0229195719792783,-0.01212622726198,0.130652142273811,-0.104951038800291,-0.140080194348131,0.0333295413845612,2.33349174648415,-0.0404923423181616,-0.00896017033874331,0.0342768722997582,1.86463017454837,0.0325193322860883,0.0307202933387862,-0.309652683497614,1.26225438838089,-0.051715556114589,-0.079262010271731,-0.105970214480871,-0.0637699298766617,-0.0679634478499982,-0.403888106961377,0.0246412312325991,-0.0478605103437865,-0.228784027696364,1.1499102653285,-0.140399063218245,0.0511147970878652,-0.0942599463691883,2.31814797869217,0.0198835707902175,0.0705847312093718,1.16592964202428,0.0198313154863406,2.54478275575965,-0.0431372532420649,0.05053772808779,-0.117351580034989,-0.0040025089926334,0.0166175802945051,-0.15314647931461,-0.0853280474897746,0.590256793597759,0.770529243713324,2.76542289818171,0.0749901091136342,-0.213128735406298,0.0290064373675251,-0.126478383549357,-0.0633290434645147,-0.148751357397845,0.0464017781582087,3.05906818153262,-0.213015578536636,1.22937192695152,-0.0534276906416582,0.085280062092231,0.0137127483602141,0.126568688246549,0.890636115283948,-0.0186022365989191,-0.0491424115406077,0.114929526248685,-0.00467428116357987,-0.0269005987866394,0.0351883659055607,-0.0151380436366723,2.75367382494619,-0.0627858709597282,-0.0242499045048784,-0.113048112055293,-0.0982639695263328,-0.0247735176419791,-0.0153291700229125,0.010393736007474,-0.0831466296079807,2.72688050510242,-0.0395820075685084,1.01889163561723,0.0063285893631081,3.22225442596048,2.14621261761972,-0.00550344721148082,0.0632683332073354,-0.195729816695125,0.620589340724808,1.69723074281817,-0.0759276993824384,-0.0329049875038972,1.356632826081,3.20949091777994,0.0445414782103151,0.0925554713164926,0.0743788782172882,-0.0420935204545649,-0.195613476159924,0.0454197841867699,0.00649419612027542,0.0231445317632333,0.00205795464575708,-0.144562357882306,-0.103223683887843,1.12819933103921,-0.0663950776383721,0.0941436604043615,-0.0142435663219768,-0.25319545927733,-0.00656014172093532,0.0158662893913335,-0.0794516297317501,-0.129743021412216,2.45435882678973,1.99598018904408,0.0693057886482799,0.0668119601792827,-0.128764755490577,-0.0728898096762961,-0.133230080776786,-0.108567834798139,0.0412096411223977,-0.00836694166671805,-0.181412989681889,2.84162017696851,-0.0433755260030237,3.52923975162386,2.57053935983917,-0.11875347858326,1.12635357774217,0.00877673163650663,0.0608231132047778,-0.0285359986849638,0.0166886335830654,-0.0179839150624775,2.91654072682501,0.0185413713726551,-0.0926616731372298,3.65645325283877,-0.110923804304826,0.0241740890298837,-0.0818141937488824,-0.179952836906191,2.43874952123674,-0.0353404612558388,0.0507526476911994,-0.0765453290283331,-0.0308683833901488,0.0693747503729551,0.0173633068400409,-0.0161321195903967,-0.106259629190607,-0.0449385389864885,0.0204259091684747,3.56115662316464,0.0154974395111024,-0.0399505958207406,-0.0480263116092366,"HC"
"HD-22-1",-0.272028237770138,-0.497357800455389,-0.119190966159878,1.65146969792196,-0.263874253066577,3.02297022057,-0.336989859760225,-0.3810086142839,-0.234505072875699,-0.204746929755215,-0.262474647680502,-0.26122061318461,-0.454406933672306,-0.33292295362036,-0.240578385372105,-0.179055720011157,-0.254261377245974,-0.237807481455329,-0.269603619428651,-0.143831978451653,-0.330293937558117,-0.141750885283193,-0.232841391616263,-0.187763497181927,1.83910236053696,-0.245027266957739,-0.197014923518384,-0.212398210044164,-0.221662616534975,-0.19437549756126,-0.529453980831719,3.0648615266931,-0.278046326467272,-0.295349829679015,-0.379461992852474,-0.306671891824592,-0.307255376768268,1.33736487071377,-0.219170496087883,-0.30397384819919,-0.430937618611597,-0.343906975683954,-0.347662568187439,-0.21420334274299,-0.323323866679218,-0.375914915125616,-0.237221540829405,-0.203523787875852,1.81359592706554,-0.261691862566993,-0.167399502773753,-0.301724381975913,-0.191344045589156,-0.352784490083302,-0.212050363121943,-0.222641456971415,-0.412156356520766,-0.294896727381998,1.78943002091542,-0.467544211149701,-0.327944573579394,-0.195075596081707,-0.453346537392818,-0.182842310327378,-0.345042772884525,0.976365200870463,-0.369214005303991,2.61401401927475,1.36068023100439,0.421090518607082,-0.182356188073427,-0.305307534095033,-0.18868812378546,-0.257879176664411,-0.170443269441817,-0.464004644697586,-0.235549429626666,-0.279327538393881,-0.155066275395767,2.67438116620416,-0.271785381245516,-0.221474189536844,-0.213424718434328,-0.320614738544424,-0.312474192508329,-0.277960854004473,-0.273802238772316,-0.345932048596828,-0.284497466105898,-0.268532427732564,-0.203944037361106,-0.277533209341739,-0.194390983967192,-0.29400154550461,-0.278208844170354,-0.23052124966946,0.935269162909193,-0.458758038198418,-0.236056939604539,-0.147295905388577,-0.421180110987118,-0.426771915977259,-0.321495726119695,-0.321364623180471,-0.277898038268411,-0.2401574136571,-0.229591658407002,-0.172225015479958,-0.14338429573707,2.79760383756283,0.777607137407899,-0.424885083947878,2.53002979960603,2.17990936206423,-0.247530208403469,-0.253631690914774,-0.387499427936986,-0.335214844066697,-0.329305243119812,-0.317100246176836,-0.133224925442237,-0.233837847998238,-0.48810998372733,1.02598030434242,-0.184043419129737,-0.314843015346077,-0.233285762576031,-0.383153331496657,-0.370195339567004,-0.133462628286568,1.21365541610566,2.71668109570696,-0.181085933743144,-0.383188602134072,-0.369095421229306,-0.174800450634799,0.984753864268373,-0.444472532248963,-0.191408581393755,-0.269858235428611,-0.22760186011749,-0.321578952736112,-0.341345607393956,-0.203294255966516,-0.200953570091617,-0.150620811725596,-0.2480062004713,-0.223235986891947,-0.268101058145564,-0.226082613599738,-0.185158509800681,-0.29601435993009,1.17141142775147,-0.333766910685411,-0.212574437881391,-0.328921210922654,1.74659131125806,-0.226041732661959,0.862202755568542,-0.21644958207003,-0.315300152525221,-0.290723659090615,-0.153716769384572,-0.213082203751014,-0.223189580480086,-0.322738665044751,-0.26510165235629,0.943072693929011,-0.175713774360191,-0.181992989384528,-0.262370853435477,-0.274301368225241,"HC"
"HD-34-1",-0.439100313584045,-0.575089581173151,-0.315044346479385,0.643105220681154,-0.335061859647694,3.02453598825757,1.75099269701256,-0.5387431423715,-0.408872296579992,2.88856389828646,-0.447649759134925,1.74429504516447,-0.588373346534038,-0.519236757287554,-0.402498129882985,1.74797522828358,-0.401723272461466,-0.386565032946996,-0.447844017022717,-0.333845394385661,-0.48628902330762,-0.142599887056359,-0.417099949335909,-0.340158264800239,-0.385063597080392,-0.408446248353278,0.851701741896263,-0.317603067337877,2.83351366647462,2.14769584013207,-0.62911553705196,-0.412663352718874,2.94250230013005,-0.444938026616579,-0.546871308864535,-0.474822353151115,-0.472906769275143,-0.608119843880988,-0.387950748404477,1.44280510640566,-0.530744275901939,-0.509990112520049,1.27280479981707,-0.397871548850041,1.30155459922927,-0.533407388388493,-0.415204224796055,-0.393277191134072,0.72914990931099,-0.45657811166994,0.906350092730384,1.63650736750021,-0.358788274956846,-0.498759859279204,-0.356072841859008,-0.388270080018231,2.53320752554315,-0.439972007634489,-0.599252207279442,-0.569909919210115,-0.495845293263943,-0.382030335157933,1.47540622488097,-0.329495982330178,-0.496345391445256,-0.480287060207641,0.530148321782321,-0.342665739750731,-0.565498144072041,-0.497917228132259,-0.339312626428725,-0.479672992224281,-0.378344380469022,-0.445890451333528,-0.37605172687988,-0.590400759228058,-0.385732533536439,-0.438674688003076,-0.341972623284719,-0.370061417139873,-0.441308462953418,-0.399150511114441,-0.350689957359338,-0.493540533854113,0.703286175095127,0.779465081038419,-0.385085327434265,-0.517381885467578,-0.464293056892959,-0.443814027979112,-0.352320753558081,-0.412098582119288,-0.370964336008876,-0.47012512364025,-0.422420940911652,-0.394482089586364,0.731859113471429,-0.573776241713417,3.13731326029827,1.89872885441084,-0.545937405523554,-0.504335460314273,-0.476409944177137,2.62724024267352,0.75317053644127,-0.417689125438137,1.63161939422483,-0.322283029099334,1.92759274017482,2.78347122974911,-0.370300642330366,0.483749819018028,1.7025326401454,-0.371516434692582,-0.434906555895595,-0.430634509305517,1.56129356444807,-0.495812231979573,-0.491351124626191,-0.490652527964203,-0.290622306240087,-0.385853416223446,-0.624011434638119,-0.419988049545872,-0.32243221369484,-0.47779423140841,0.647757218081983,-0.529695688765072,-0.506788892129291,-0.273830382324536,-0.392382730347457,-0.494760511518377,-0.255985403593801,-0.556224012559176,-0.549447335620529,-0.324334840101565,-0.406011274710073,-0.626577209725723,0.953892868694835,0.75705320759397,1.84714621511733,-0.475914074688512,2.18662807306403,2.57816557799936,-0.34614073411005,-0.296994242539468,1.57439324305727,2.31776937388486,-0.44124627549096,-0.377389145697048,-0.326171076009588,-0.43678657857335,-0.288365147350508,-0.488031498920254,-0.376465143824075,-0.499982649050115,0.491235839354269,-0.387112391774896,-0.394715646730576,-0.401422061672583,0.697592255621477,-0.470610162010416,-0.308153323393584,-0.37260960569448,-0.366526453062335,-0.47259768410943,-0.417510998017126,-0.349000713623185,-0.330808730460385,0.713462481961238,-0.416342721864869,-0.43094174630843,"HC"
"HD-39-1",2.9422467155648,-0.690263853555483,2.80092252776032,-0.618242916144806,-0.483665006218866,-0.677538855547678,1.00964818601198,1.21228040118294,-0.652078312829185,-0.629397052941179,-0.643288688289745,1.79566472941661,0.0153475411735953,-0.636017977224905,-0.619840176260734,0.350509849157648,2.30280266877215,-0.551627845346899,-0.619370542036122,-0.609287662009644,-0.659140372037148,-0.144014109196716,0.298908341177233,1.4223953703911,-0.655901808064855,-0.645890699334766,1.03432573720299,1.93506199513546,-0.615514585691349,-0.626562285058259,1.64100474235535,-0.630038574557786,-0.656592268903982,2.50516021252696,2.63794820654193,1.114976124978,0.165198792040141,2.12137456029708,0.281635161805529,1.4884694852017,0.886718830202016,-0.697429887704731,0.581173934275668,-0.572194384900623,1.04719815425099,-0.654485752969513,-0.617637418241975,-0.672882806735349,2.23793531910377,2.82012789146651,-0.721259326515887,1.99458725681596,-0.658342087455938,-0.633430357716501,-0.615026592947755,-0.566189492623975,0.660633674711149,0.124278393910002,1.12761942867402,-0.0335805706495156,1.70884372622539,-0.616652619170461,-0.691568894503619,-0.611346954608457,2.62597138007599,-0.691876966625647,0.563600794385201,2.51162796025357,-0.680209025625508,-0.591902882832338,-0.626501928105463,0.198224199867091,-0.654093708610775,-0.633271253797933,-0.607563161759231,1.53567842464055,1.82357569704812,-0.629402983956124,-0.614885878064181,-0.642035532244257,-0.619803376157268,-0.589727395105157,-0.607043820817564,-0.649455693806786,2.56963664717229,-0.650576837147538,-0.53060814419255,-0.643680843478635,-0.643209662614615,2.58276157835822,0.925345785370409,-0.639201002129419,-0.72476231136591,-0.610705342704832,3.44403284644443,1.2383162876125,-0.713565258608418,-0.688027850178898,-0.65198103748316,-0.640996423914431,2.00119167296416,0.435228895865434,0.942718859611883,-0.674036913098077,2.61656085929967,-0.62972688502008,-0.654648004937832,0.975734878486914,-0.656003541741735,-0.685780944263202,-0.63466793986342,-0.68488543266283,-0.629656877645407,-0.60243749825453,-0.653795467454951,2.76619890727315,-0.649252477791888,1.95412359980113,0.667379453325823,0.194990672426393,-0.688250697022759,0.877632945353616,2.08272569025938,2.80701319380568,2.02679355162019,-0.679955860122426,-0.0278932181385346,2.47276961846582,-0.630565376761337,-0.62215794472037,1.1536361243393,-0.672360922071884,-0.424879940783267,-0.722055747684967,2.09530820292941,0.283575401727892,-0.640279320165546,0.0828640306582733,-0.635885171420324,-0.707234162390561,-0.695879593114769,-0.659383266080452,-0.662007422944532,0.915259795094185,-0.638894957601391,-0.648197437437059,-0.678365587710838,-0.630506935333885,1.80784726942735,-0.656000681735682,-0.627682258611367,0.651132893768801,-0.653160872320368,-0.682077313098138,4.17418671969355,1.62107349115822,-0.675337324428506,2.48686173500731,-0.651722768767421,-0.685618092030656,1.52250276425625,1.87803659013021,-0.691630129101431,-0.70985745734339,-0.657896707933288,1.14784483902079,2.46738742509623,1.48427062083482,-0.698492149487226,-0.631278292538226,-0.695206988119711,1.36164824290121,"HC"
"HD-40-1",1.04082307127784,1.23483591532846,-0.552481702918347,0.9557868044357,-0.46747569550312,-0.664535144318949,1.99600546685658,-0.662378272878861,2.67483279873312,-0.606838929978943,-0.627023438525766,-0.657898219914229,-0.684858318854379,2.34090760976882,-0.609136850403718,-0.604742713296435,3.35644529925483,-0.524872923061751,-0.604263185722153,0.551899765526283,1.56867048813159,-0.143736241392652,-0.637384085299895,-0.628392137134435,-0.641976362328568,2.55841818379016,-0.666240481563448,-0.453781930847212,-0.591703727038696,-0.607780676537996,2.17384015087206,2.43335104690587,-0.643947084416459,-0.630555793300646,-0.635111098016474,-0.662149666767426,1.78185374332222,-0.692734801117255,3.77317485785787,-0.630570601807143,-0.635932314777796,-0.682763360836894,3.14989726710053,-0.54965532976346,-0.664702873664081,1.89496703360912,-0.603984166520404,1.22377289881948,-0.641135757797257,1.66305832703327,-0.64782550320531,0.342125434790598,0.447508300288815,0.245488950958172,0.31937543857528,-0.540394672056674,1.25930027262881,-0.660490716052477,1.44847090265767,0.0573787687713805,-0.656946642239086,-0.589591325796185,-0.67054407691587,-0.590328390043838,1.28373199839438,0.926158175503349,1.42116308236417,-0.592367389124499,1.71738325009307,-0.574036344179206,-0.609726760969043,0.320415036758021,-0.634312910101349,3.27197141295251,-0.582377648833895,1.55105933805217,-0.637867519467919,-0.614019764995713,-0.590244706350974,-0.630279572401599,-0.60420782222906,-0.570034195540253,-0.597146008511876,0.297616640772923,0.306585706803044,-0.636082768696656,-0.511521021082159,1.24610471606946,-0.630031212710076,-0.716704698783969,-0.635100895020798,1.796350270922,-0.702220759538103,-0.591527291901412,0.260713050402295,-0.622783465581047,-0.700144011694327,-0.666902082882918,2.53116861192037,-0.574471119321332,0.147125151531958,-0.603191723361304,-0.611942874059014,0.286636121674623,2.6090160446332,-0.615753939279244,-0.633311691054377,-0.611982848685868,-0.622039271237253,-0.659486612577606,1.6688878357615,-0.668774025083064,1.60642127278854,2.7091846747254,-0.634548220546856,-0.643655299988525,2.18268854685498,0.239249171380322,-0.641339665613588,-0.619414986584989,-0.594491401403503,1.64020453602375,-0.704872397655221,-0.689002921441286,-0.589603608619444,0.273454667077894,-0.44278025390847,2.2944662007826,-0.609269180656436,0.446990823621507,0.525303731989081,2.44530541991546,-0.400585231217143,1.21367575617343,0.917991480655291,-0.610606833762054,0.349239857576073,0.202368541402255,-0.612176711321486,-0.694968779459799,4.12534058920273,-0.643401970293867,0.207114125617196,-0.629538934459734,2.88226806670101,-0.579580660127234,-0.663684648296106,2.43208960610604,0.368118269449998,-0.636965281681522,1.61062090623729,-0.641280339434081,-0.617987969664068,0.217817626170734,-0.692870158113663,0.288628763295754,-0.656734208301931,0.415227502081484,2.74393485593366,-0.667322525894934,-0.688384271192846,0.35505953196669,-0.606306289402168,2.71924149418202,-0.643250535472871,-0.682645856947764,-0.630718842592735,-0.640755555081633,-0.63023279797455,-0.582645145589746,-0.682990308199602,2.07725218998409,"HC"
"HD-45-1",2.76365669215723,3.07629418826077,3.99662804554399,0.292382727277913,-0.0365056792375741,0.32227511991936,1.68352340308939,0.639358286791129,2.74118107250848,3.41116074896974,3.14400682121083,3.03319035924346,1.88043766397009,0.861600358951466,1.77855745757073,-0.619968735919458,0.24679165327556,1.52133771353207,0.312032686372568,-0.592381138399903,2.52168855438808,-0.143875516172776,-0.647242690455911,1.02069855510561,1.68532989955877,2.65773947555229,0.377793613154151,1.55016350818337,-0.606638662285393,2.36867252408261,1.8798653947758,1.61988631855452,2.53943100195589,2.49928023357689,2.63204214411159,0.805481818327641,1.30436177584946,3.9396611078717,2.3713790036068,2.54053466944569,2.70894667466627,2.48731565940906,2.58708754442088,2.60429605105459,0.188829728265894,2.5819641740406,1.44969290650846,2.7978462604438,-0.648206573680094,3.43114935212749,-0.700169493312653,0.277372834642914,2.42665637572276,3.16600298064675,-0.606348709560681,2.32803604224236,3.34986358947002,1.25966268168805,2.55985421045632,2.67391985297082,2.66925152198257,2.79191734423737,-0.680886729093999,-0.603556908850697,-0.697304172745588,1.88995673106735,2.38646261726679,-0.60615719003016,2.96519200239656,-0.00939136346260258,2.75241158805639,2.78098577517358,-0.647269510022909,2.64951965128825,4.00030245468751,2.23499751483789,-0.646872649434746,1.19498742612027,3.43025337125717,0.287227058233066,0.280433837003909,2.73593771219777,3.58314953202267,2.46078383614322,2.46913087680855,2.95260047609998,-0.52087101019955,1.70791039071244,2.9098640866216,1.04258907678144,-0.63973841823252,0.696107850510404,2.73568872508458,1.22301528842484,-0.65413960894105,0.307082375156504,-0.70680176861992,0.869458257537977,0.941612725935386,-0.621013261403794,2.18018698780782,3.46209928438261,1.74935428754456,2.66696774734007,2.16562353414088,-0.623384310030183,0.349855114226464,1.08271407220939,0.427092376105263,2.56635646979896,-0.627158770738684,2.31391910019932,-0.622038340401972,2.34368527053285,1.01452165636983,2.73451324282604,2.90463342278517,-0.67309426323713,2.39597537421917,1.71571403395948,-0.644747898414241,4.31974211086033,1.99128614327538,1.57524550891893,-0.621849176605733,2.5252823628908,1.76199760525176,2.76021330722163,2.78502185856405,1.05495029828607,0.443785244734816,0.134996510337987,0.344713962894331,0.735387029659404,2.84866719463888,2.10191731229188,0.288663480134002,1.14757684233387,1.08285375575706,3.89368264651581,0.316982439209192,-0.651298617439981,0.154193829074661,3.14725064462431,-0.633694566408526,0.386170469828369,-0.670954943686294,1.27406992952878,0.300506980306049,-0.647801797754756,-0.621878867388986,0.736833056001946,-0.637778695939991,2.34731435565814,1.1638726282921,2.87664374792431,1.76466457688877,3.7224750901417,2.88531870954804,1.12295407338225,2.15520524582357,3.23334118436465,0.41227210217979,2.15718303313434,-0.650928785286061,3.71607516131398,0.804794897535686,0.336392593303024,-0.679754137898478,-0.623446336474072,4.02879061587228,1.94031028552192,"HC"
"HD-46-1",3.20166669675723,3.29839251203926,-0.601352863667444,-0.639632905651821,0.616018571283551,0.116382224677085,0.82029673178925,1.02484136427148,-0.666516586037377,2.18993203649141,2.63748556527906,2.65992307500511,2.36141960409256,2.98486653810441,-0.630066863189485,3.33014487897884,3.04674914719013,1.43829539453072,2.4914984641785,-0.625326951806702,2.55056499766683,-0.1442701278713,2.85168787741226,0.136157607073315,-0.669329704700741,1.37220866145214,2.51253680681795,-0.488130171746749,2.45330861947747,-0.639870453261907,0.212262927054162,1.75868987117477,2.39713104775432,1.15723036342878,2.47978161203547,2.27340091729481,2.38322495916496,1.45073047280429,0.997455281387846,2.28524438783104,2.07035163929085,2.25100667614376,1.60123183872796,2.2891780826684,-0.700905590148618,2.07667008363686,2.69856090991222,0.818775894752039,-0.669230028660188,0.757076405609782,-0.734347505944897,-0.692328924422526,1.65412329201814,2.62982136082694,-0.631846551898076,-0.585075385731691,-0.0151212466926647,0.00418130121223857,1.81705323316544,2.27887523368302,1.48678540588482,2.57226130296794,-0.712418585473884,-0.62578036405187,1.7308125283757,1.29649339667298,1.64521607107115,-0.62922498410225,2.26981775358989,-0.609667240640838,2.09747553112807,2.4702574853075,3.10435804456562,2.60302563398864,2.9196737843692,2.05527986290516,1.58802762716412,1.64329557203925,2.80738663467595,2.67223691070722,1.70485763150006,-0.608719632138977,2.23772407354569,0.0596415573296065,-0.668796234258743,1.36658401507397,1.6585778134985,2.34853330505693,2.63257671092956,0.0975399165410383,2.61814494788967,-0.653744986612915,0.181257108021128,0.960426904370899,-0.672023333240962,-0.658656925430864,2.96641908276586,1.50918191323076,0.0979214734635568,3.0737343018905,1.50552083013366,3.17187171823604,-0.659309832168078,2.31019428937736,2.48750509106798,-0.641829786433929,-0.670416122548558,-0.667751235828193,0.208019202585711,1.28525293426543,-0.649081427570642,2.1931229640106,0.761899280445309,0.111906437351,0.160648417717152,2.33746307645469,0.78753046326129,0.503154699938986,2.40099255747623,2.28266442400862,-0.704288564415884,-0.69528818149878,2.16316155550676,2.22692901096989,-0.641524388261007,2.68489715288908,-0.468820761618392,2.60038344850644,2.76980086348021,-0.635569319397817,0.194463001712559,1.58098418484671,0.916937706921312,1.37630739308563,2.37507910846204,0.145694276861859,-0.654062294376092,0.850857161804538,2.08320957092561,2.9088782816409,-0.707559303115422,2.36974942399686,2.29087676594482,2.84652916598584,0.687278701369716,-0.660633898876238,-0.692542542820205,1.28885739878942,2.59112650531895,0.0914634008548289,3.71672615390631,-0.0062936132302191,-0.672040518878428,1.77219595317797,3.19967030489799,2.14704988648145,0.37887767911189,0.117278595778264,3.04115017641184,-0.698287124998644,0.964832067279254,2.32531819880873,-0.706751149062978,0.76232416832659,0.0792808142531789,-0.706662790665109,1.49764699377494,0.728939533022327,-0.71344857609098,-0.646336143418388,2.39486582337584,0.0520959967928606,"HC"
"Control-2",-0.678337552590982,-0.665423717884999,-0.55571711809106,-0.599276331707447,-0.469195841781908,-0.665941177426038,-0.665177835497937,-0.664290633981351,-0.636755405426843,-0.610023762514818,-0.629988327138402,-0.659212916238832,-0.687187518314701,-0.621461887617337,-0.610296909245432,-0.607991223858589,-0.664577734966584,-0.528087602333809,-0.605886853876821,-0.580062647270027,-0.646835066260646,-0.143766861882195,-0.640345252559531,-0.630831498751883,-0.643479436699913,-0.633301241487586,-0.677123670919584,-0.455592626895315,-0.595248114275796,-0.610549009885733,-0.714464799471921,-0.614235977445296,-0.645314459236331,-0.6321309880952,-0.636716091153771,-0.664411402435198,-0.656632340554328,0.00235573552454196,-0.529515082634389,-0.632371597262827,-0.638730146533746,-0.684345455559738,-0.671608137788467,-0.553015266015193,-0.66666035749721,-0.639026879636538,-0.606766080248003,-0.652167214095687,-0.642675508240932,-0.663134415054813,-0.658968474948142,-0.669131706815152,-0.644636869301926,-0.613174196446279,-0.596538739789744,3.02375470474011,-0.712827699828891,-0.661828634337384,-0.69944628638761,-0.668861990221826,-0.658578507028496,-0.593012584138685,-0.672785571701017,-0.59315450667772,-0.692002187455867,-0.67696140713929,-0.667228798749826,-0.595311840905117,-0.662464990282825,-0.575939077561539,-0.612221588947119,-0.657274442273234,-0.637081479263353,-0.620152637057174,-0.585443822553917,2.18694233658444,-0.640789850045693,-0.615672534069359,-0.593104288921657,-0.63155271351859,-0.60588222971456,-0.572351978709179,-0.598220534095479,-0.63605738853225,-0.639210930414148,-0.637644172124878,-0.513541049284073,-0.629829423269601,-0.631453862194289,-0.718126548922356,-0.636114788082722,-0.625832968325927,-0.705194221932635,-0.593572693337375,-0.64939243049017,-0.626085645017405,-0.701596067815723,-0.669152754780074,-0.641023957411489,-0.584378995526624,-0.652745296700961,-0.605751587760562,-0.614438843510204,-0.662034399039519,-0.627448992732205,-0.618509820027485,-0.636647724034884,-0.622182565405403,-0.633141165934398,-0.662690711051483,-0.621407914513964,-0.670505729532455,-0.611986084404632,-0.587583387305303,-0.637902314392807,-0.644851641031739,-0.630311171147316,-0.667763475538115,-0.642915615435905,3.27051893127852,-0.605189988288751,-0.672522644276368,-0.706816130301655,-0.690332200651531,-0.599010147248595,-0.668804492148084,-0.444294373610012,-0.677312369312025,-0.611532094683908,-0.554363379749722,-0.734882963457397,-0.659932960265613,-0.405676284713681,-0.702367850552885,-0.683936464999595,-0.612565028288464,-0.627575939733144,-0.728577125917114,-0.615292106526252,-0.696298670684318,-0.684973769492788,-0.645119096391439,-0.64727937306696,4.83993855802849,-0.629677217871591,-0.589529929037032,-0.665268245224661,-0.606672627490377,-0.670374123737876,-0.64003400909004,-0.607992767496533,-0.642624326356802,-0.626522487674776,-0.667641994009009,-0.70170730223247,-0.704631615969432,-0.658724006900153,-0.695374249917353,-0.642776458116976,-0.67021509156306,-0.690099213474732,-0.649180293306406,-0.616803623493442,-0.691434257021033,-0.645576210689998,-0.683976394625946,-0.632334641813782,-0.647026551660312,-0.640774884856101,-0.591937847590233,-0.684314582990303,-0.69337546661684,"HC"
"Control-3",-0.662600059749864,-0.643836155919005,-0.531905342887441,-0.582380366542582,-0.441809511015887,-0.647101214037801,-0.652169523807141,-0.649769071804493,-0.613575002453817,-0.586556292774675,-0.605950695532945,-0.640944313075935,-0.669584306728886,-0.603591509019917,-0.595100506006328,-0.584054116148247,-0.622846186077337,-0.504453539099668,-0.583402734251689,-0.555488824958297,-0.635474754414429,-0.134647594006762,-0.618485756416053,-0.568678147759361,-0.596428965829744,-0.612394804729951,-0.597222115776905,-0.43630913155901,-0.569177010591528,-0.583861662198763,-0.697396742638593,-0.589646560335834,-0.631658743527254,-0.618281455044986,-0.624484652229791,-0.642473840818275,-0.644951051043477,-0.674908079076552,-0.505302302998012,-0.611395787921662,-0.617763697821956,-0.672268240767232,-0.6603540713845,-0.528307437543302,-0.64881858967854,-0.624945187914151,-0.585925072074482,-0.628432526734792,-0.624507829260914,-0.638950931619992,-0.577159664862468,-0.654687384605979,-0.60987521380185,-0.59028124536677,-0.572038261793297,-0.517223380666725,-0.698474280563985,-0.651584738711202,-0.677484070447449,-0.649671067558744,0.353637231189765,-0.567833761646508,-0.655830112194541,-0.549406944401673,-0.680696962253124,2.54115641741137,-0.653963821356108,-0.573584815058496,-0.646403005248698,-0.5615572714748,-0.57467285226315,-0.636841606650581,-0.61662418625721,-0.595962555724762,-0.562851780958669,-0.665435563852434,-0.610935969745323,-0.59699448311353,-0.572004432767997,-0.594195571293829,-0.584256769395021,-0.545439706335633,-0.556522721985843,-0.620687375299557,-0.62149242954368,-0.617627818863436,-0.497743624533741,-0.61713495869293,-0.613757437995773,-0.700369880353303,-0.574815464820802,-0.612095093076184,-0.635740629663016,-0.568221471250843,-0.63856768733846,-0.60174857614965,0.376230594625026,-0.652136856737255,-0.623272350446994,-0.511637936719355,-0.634126016794818,-0.586612550620848,-0.592583874209668,-0.649702284163111,-0.610760406797055,-0.597420210320125,-0.612060783486135,-0.547298889192794,-0.551633932870197,-0.637886145703939,-0.571627997362693,-0.657323692999701,-0.587374011623484,-0.565771143844798,-0.61318830111512,-0.628337048125717,-0.613272049752056,-0.656415881272117,-0.63090065431493,-0.600506069357841,-0.526643736635177,-0.613804679916434,-0.692045488127744,-0.673130600047502,-0.529949778970266,1.94028205194123,-0.412447109710445,-0.665350287361039,-0.594458140496769,-0.484315448349431,-0.674059897985572,-0.648452820788799,-0.368299089630847,-0.684550843731188,-0.673461549542032,-0.54856551227854,-0.606337743584142,-0.714358713580649,-0.592319677685165,-0.66174420316778,-0.617337520025644,-0.631448461968055,-0.633812001273943,-0.572800959924497,-0.563852629650701,-0.516484975723195,0.412583847036222,-0.57709360426251,-0.655670153467827,-0.604277191436425,-0.537623054508821,-0.632340887473824,-0.544390031919545,-0.654400951235512,-0.622223482679319,-0.692444471774176,-0.643634581166567,-0.628641997704823,-0.615161976908782,-0.648833871344137,-0.673882089328371,-0.629440346541557,-0.539734917685169,-0.611825057711794,-0.581463788891702,-0.673783039412096,-0.613938695102837,0.504400169765257,-0.563377615662109,-0.523713238330992,-0.647227508149672,-0.665828031616437,"HC"
"Control-4",-0.663234004389596,-0.644514224150951,-0.532643279620324,-0.582916679028439,-0.442907554004173,-0.647786446131853,-0.652587995668788,-0.650234669404906,-0.614295241487486,-0.587284561014882,-0.606707252458046,-0.641588653484128,-0.670145763547135,-0.604425393861917,-0.595666481978993,-0.584796951257955,-0.625120732277962,-0.505185074545236,-0.584161889011769,-0.556250503673013,-0.635841158575837,-0.143536838128041,-0.61916553746865,-0.571028781726035,-0.598603142574107,-0.613074507895451,-0.599691804507403,-0.436965467118846,-0.569984437625215,2.72694386772764,-0.697941968491264,-0.590409243724874,-0.632286659536338,-0.618971898810733,-0.624878381138618,-0.643393953717271,-0.645600421888739,-0.67555743934965,-0.506051644953452,-0.612211013554843,-0.618426199802912,-0.672657731664438,-0.660717519352085,-0.529072428035591,-0.649635690683361,-0.625396604848552,-0.586574477069981,-0.629170035508665,-0.62519050057799,-0.639702067921059,-0.579688305212011,-0.655356391881829,-0.612457980252573,-0.591227273395878,-0.574096680926429,-0.51805246022937,0.932108393737227,-0.651916201721596,-0.678178042047463,-0.650280446202425,-0.645390616985103,-0.568614034837467,-0.656371437251306,-0.55166902405266,-0.681062275417153,-0.658647404976518,-0.654390275644894,-0.574260129877671,-0.646916445760026,-0.562016046433668,-0.577093848344901,-0.637645525764496,-0.617261058013747,-0.596713026056691,-0.563552847480084,-0.665967112688688,-0.613252489602167,-0.597725804618875,-0.572660246089618,-0.59650109214839,-0.585014338290494,-0.546319670946172,-0.558639988464882,-0.62144753304246,-0.622273369676154,-0.61835741260251,-0.49847645387747,-0.617543024698924,-0.614456287240798,-0.701019196651034,-0.577104121802931,-0.612755833498758,-0.63846420951687,-0.569101537860185,-0.639153590255408,0.448379251813736,-0.690409474384216,2.58459773138187,-0.623876794049704,-0.513886300632433,-0.634717898620383,-0.587215844816531,-0.59353518139325,-0.650397746280712,-0.611436012142282,-0.598079582362433,-0.61282395634909,-0.549613479577318,-0.554153251731967,-0.6397736867662,-0.57369891965193,-0.657747490921722,3.19986374405028,-0.566448724076578,-0.61395521741126,-0.628935328133962,-0.613815189440481,-0.656782163102262,-0.631287590319954,-0.601362414093575,-0.529071534094031,-0.616149464870092,-0.69251945960399,-0.673740212139727,-0.53208437588717,1.03392224600638,-0.41355271892618,-0.665736022168324,-0.59500171169893,-0.486480569997791,0.636933495253703,-0.648823187838923,-0.369454386762548,-0.685134384912487,-0.673800342095063,-0.550872025950581,-0.607021078498467,-0.714815994751807,-0.593033155215147,-0.664162541410797,-0.619742588664527,-0.632197678807673,-0.634244473825257,-0.575081195163324,-0.566092088948426,-0.518742732755551,-0.63010179540044,-0.578007737349915,-0.656266134802592,-0.606611039765228,-0.539798122150818,-0.632673382372362,-0.5470235917752,-0.65482676011673,-0.624751437321286,-0.693141991960547,-0.644117672490969,-0.631126454148182,-0.617429563539913,-0.649499769317139,-0.674635283674059,-0.630189902809999,-0.542117045465689,-0.61428570997356,-0.583674708115717,-0.674113081391213,-0.614632504946162,-0.577943761059462,-0.565769899055833,-0.525822002651447,-0.649602468323827,-0.668244152583227,"HC"
"Control-5",-0.510435320190485,-0.595179500291266,-0.398668148427941,-0.53990580124697,-0.365456935312045,-0.538401113219845,-0.55446631731797,-0.596663850418756,-0.483322123065367,-0.492371248183091,-0.526714245133588,-0.51912733747308,-0.615059373383301,-0.54540433303182,-0.471633238117753,-0.438278473190694,-0.464685291806445,-0.450080260532012,-0.523947578183215,-0.414975698267625,-0.552894471395274,-0.142901671412272,-0.49577309305669,-0.405226479831903,-0.445247276005544,-0.47822148793585,0.783337955931028,-0.362522537892855,-0.472751236638974,-0.416731930779499,-0.655899442634777,-0.484217668782605,-0.501622709756898,-0.508807916092749,-0.569636916358642,-0.546617799584487,2.79766212618387,-0.627823927305774,-0.453119735235663,-0.554428212281171,-0.558168301128746,-0.580902870416352,-0.552403729792407,-0.474977792673305,-0.549600138196628,-0.572722743562073,-0.491197749595131,-0.474296477026585,-0.493244468099285,-0.539788976199782,-0.401330297727079,-0.557164572090078,-0.430282180506106,-0.524695453244623,-0.417566328560124,-0.458988773502511,-0.642891616574907,-0.501915010526093,-0.627066386687197,-0.597033781390349,-0.567534107146102,-0.461854671344251,-0.600923236237025,-0.392112913437427,2.86311712987691,-0.553113992396907,-0.586993679682826,-0.410621247514137,-0.591005852582007,-0.522257678650115,-0.406328544633253,-0.554122064859527,-0.459322187547622,-0.526165898054805,-0.463840668258865,-0.61626359919076,-0.449856431305669,-0.506711371660239,-0.42177629781561,-0.433880850046872,-0.513689979102486,-0.4750132279198,-0.40929829557415,-0.567374911566558,-0.559123871624037,-0.528584206727187,-0.432600029255116,-0.562216111918901,-0.54106064114739,-0.518654267143368,-0.415673375344754,-0.469554154568044,-0.446356116311232,-0.507068568484526,-0.483995389087169,-0.46448868728796,-0.555677078905328,-0.600103590407991,-0.463804655497143,-0.355297631543856,-0.572682780469562,-0.537452879372775,-0.526677848977279,-0.563814642958999,-0.519909586833651,-0.493490097988833,-0.48206751011661,-0.386353516885785,-0.376452736717635,-0.444192430692131,-0.427626120793622,-0.613237181649447,-0.503206966273276,-0.437540718844913,-0.514910906838915,-0.506209659478038,-0.550107049312857,-0.564382731699175,-0.560540089756941,-0.540832238933887,-0.357826494279062,-0.450759723940097,-0.648972170447007,-0.492198404064317,-0.381520278091423,-0.547369748548026,-0.335568415302499,-0.592265091658669,-0.532189127572715,-0.333763405918437,-0.472586825833827,-0.558686247528914,-0.287965338903697,-0.620000082274456,-0.626452454171393,-0.388181755323865,-0.475464830500196,-0.661953421339624,-0.45301298733939,-0.493584708731856,-0.450100729405422,-0.541810765625344,-0.561228847444313,-0.414244477571397,-0.408131508175528,-0.359491518659687,-0.464805506543448,-0.460240786656246,-0.515174340148308,-0.441992715229449,-0.386379415991643,-0.496892297006574,-0.361265071973592,-0.553898073973394,-0.446441796320956,-0.573020999471583,-0.591692376605819,-0.455884964785396,-0.457485017295777,-0.480400029655484,-0.551149391438764,-0.547416563150063,-0.374093322922792,-0.44072325195232,-0.427727205508811,-0.536583206902139,-0.48258543745677,-0.41352569342118,-0.397029848885699,-0.377080010729447,-0.482084313917965,-0.497822715800031,"HC"
"Control-6",-0.700787988542202,-0.716742699160568,-0.60015967728948,-0.637865972019613,-0.498516854343963,-0.689020933432263,1.59107869183207,-0.696299659634554,-0.66534586091131,-0.641581820184,-0.656579702361811,-0.680733425060476,-0.726698478606091,-0.650646733781473,-0.629243172414398,-0.646046347586443,3.24634313833535,2.02284682332292,-0.632883876673062,-0.624047142676194,-0.67137893357579,-0.144249840263178,-0.665467982365301,-0.654685823236226,-0.668243645479595,-0.65843111864931,-0.713474350802356,-0.486706242908052,-0.631323948842107,-0.638792806302968,-0.752576072504297,-0.644778602218459,-0.667755953274296,-0.658221137360414,-0.66331374427966,2.24177744049628,2.84573551804426,0.0338100602344136,-0.571727073776012,-0.662443829645313,-0.687382387717005,0.53398871031498,-0.695817644669856,-0.5859945440364,-0.699443903847571,-0.67008367362191,2.87294131778016,-0.686302353706839,-0.668111514588468,0.172068050049554,-0.733292269549106,-0.69135943991988,2.75344531328327,-0.654301556903749,-0.630474249717571,-0.583525158077582,-0.744212195751277,-0.683723889400435,-0.750431263678644,-0.712621643797146,-0.685607475847908,-0.63127028127824,-0.710710127902073,-0.624608395157451,-0.716274410277947,-0.706826281298387,-0.696202047391493,-0.628055821994671,-0.698235736639724,-0.608209693247974,-0.637090647400605,-0.687340902834201,-0.664787368901166,-0.646209468262722,-0.619024223108251,-0.719248980387104,-0.668869157635644,-0.643173434712334,-0.626251055098716,-0.652380557020104,-0.633784762239471,-0.60716324529886,-0.615708559095002,-0.662851338834249,-0.66754189526036,-0.66347664708351,-0.54827074074599,-0.657564682059187,-0.654885936610058,0.109444786580513,-0.652541279161778,-0.652564933960337,-0.73804916178885,-0.628147865155942,-0.671078293960521,-0.65733422619846,-0.725400802357768,-0.707291348256921,-0.662812984778328,-0.651843446694453,-0.695025690798014,-0.650630586398171,-0.657345487677036,-0.685945099222045,-0.650748719229529,2.68714252050689,-0.669134685648003,-0.666814185729195,-0.668320026719851,-0.700022975338325,-0.647912488495,-0.699295860165266,-0.643113782085504,-0.61548115413769,-0.667535355068478,-0.664372661441915,-0.668626470555982,-0.692215542065052,0.0287113403158851,-0.654194432964038,-0.703020519534762,-0.694339184720213,-0.739285555390369,-0.712041061429425,-0.640480053741137,-0.690974265139917,-0.467773459819065,-0.703174833437833,-0.650094361268877,-0.634483787418933,0.20801712034538,-0.684714036103084,0.559762417940771,2.37332353058016,0.98850670979852,-0.629967207561311,0.111049822336223,0.867699673839847,-0.648831330650963,-0.718000125777979,-0.706618865169309,-0.673687646953952,-0.67680666301369,-0.646892069605673,-0.647942783158875,-0.65963001413788,-0.691395132842169,-0.651063464485132,-0.690301327742927,-0.67050367469654,-0.637817506568039,-0.664658482363395,0.26265289364789,-0.696533664342047,1.37520733655752,-0.729154557730606,-0.692153493518209,3.11220232269764,2.63810870912855,-0.697264435290146,-0.718497587080208,-0.675553930970506,-0.705527024255546,-0.72130942622779,-0.670127428432125,1.87374587645119,-0.659127712469951,-0.666012359854157,-0.712238284395915,-0.645113723427478,-0.705935988713992,-0.714085243419463,"HC"
"Control-8",-0.707734985286153,-0.734386248208629,-0.608669172096096,-0.650582120005272,-0.508073897794012,-0.69618596231594,-0.702455186999434,-0.706486671428258,-0.673683250239846,-0.649220054276753,-0.664937525216469,-0.687391072002159,-0.739492691650788,-0.659889421007306,2.48927321503568,-0.654923860717199,-0.694824479834449,-0.577327935137763,-0.641402032377936,-0.633179986254509,-0.679045100475661,-0.144392560672081,-0.672722754388729,-0.66131574952363,-0.675967452346557,2.34845030234352,-0.719954284540752,-0.496951322244337,-0.641365597902239,-0.646461718815675,-0.764857717159546,-0.654102480693709,-0.674721460686499,-0.666413604725217,2.97690913896858,-0.715031504918821,-0.6856660682328,-0.759738717976838,-0.581311283929013,-0.671983678318798,-0.703660537436788,-0.718600693818926,-0.703349354787968,-0.594725214982018,-0.70988495238748,-0.679972552076235,-0.635144761475479,-0.694726215814601,-0.676071768780404,-0.697544583545833,-0.740783958172616,-0.698244371268051,-0.675031850981412,-0.667772014074724,-0.640280616373104,-0.594640334948944,-0.75412478534963,-0.690495358273096,-0.767506175819846,-0.727012480336789,-0.694094730261258,-0.640514887863946,-0.722948344005945,-0.632961048433464,-0.723812053197505,-0.716250529572132,-0.705344254345196,-0.636388127070141,-0.0957778943111604,-0.618658589557751,-0.643692475404261,-0.696853991863977,-0.67145004490889,-0.654340643134692,-0.626200146460339,-0.731229814945943,-0.677713602757859,-0.651859162896106,-0.633362785075499,-0.658818973080717,-0.642613729497225,-0.618312262505641,-0.621079672266069,-0.671278712286739,-0.67648489237785,-0.671576213612345,-0.559716329259951,-0.666317703251761,-0.662191539561229,-0.748561027068189,-0.657557888315012,-0.660971758278507,-0.746356155620082,-0.639289267769174,-0.677788114709827,-0.666773038446287,1.23819234665925,-0.719623912070002,-0.66956415112805,-0.658600064942916,-0.106780790243074,-0.665834531753307,-0.671479959569071,-0.693389149888118,-0.658013315967948,-0.647803931058093,-0.678271785922002,-0.673465516828376,-0.676026261209431,-0.708976816249049,-0.656238047424577,-0.708379821834834,-0.651585510601919,-0.623700688376801,-0.676181234648526,-0.670387751470764,-0.681052106624153,-0.699834532369775,-0.677191477823252,-0.664697787290735,-0.712048838318533,-0.701073887878743,-0.749593337933891,-0.718737424171684,-0.647906246732864,-0.697838863491279,-0.47526029119401,-0.711258527663572,-0.662653346363805,-0.64220692941184,-0.769145380562975,-0.692448146975124,-0.451761506818799,-0.754929111459838,0.853890440253532,2.88708772435443,-0.660895819422801,-0.769365905703106,-0.656964893119324,-0.724687425295538,-0.713290811939753,-0.682709671125959,-0.686156602005623,-0.651884691263733,-0.65354918575426,-0.666761714282188,-0.699558231160676,-0.664311585258619,-0.696434315692484,-0.679648372718955,-0.644122529619269,-0.671488379790542,-0.67991416480888,-0.705641224560158,-0.726497024388969,-0.736769121785753,-0.702843689405702,-0.720220316838013,-0.665918125891494,-0.704529890093782,-0.727412239748596,-0.683825177565237,-0.714236974295973,-0.728433598235317,-0.677776522318392,-0.712427844932046,-0.667552881441373,0.618769952597508,-0.720847849654081,-0.653824931349683,0.968756910466158,-0.720453779621306,"HC"
"Control-9",-0.702068961255619,-0.719924454237621,-0.601722168208364,-0.640180835456776,-0.500260646793467,-0.690341268216043,-0.695168521844206,-0.698167596172543,-0.666878828063754,-0.642987334448457,-0.658116096608706,-0.681961101466471,-0.729036193749682,-0.652343231088229,2.91977814666455,-0.647676730896262,-0.688986878919526,-0.569133861716407,-0.634448542576115,-0.625723118392643,-0.672789913601637,-0.144276388692137,-0.666804203360334,-0.655908315017551,-0.6696656511535,-0.65987813817662,-0.71467061464896,-0.488571714044813,-0.633163976368394,-0.640203843334718,-0.754822312544674,-0.646489357521527,-0.669039568966275,1.39884427008247,-0.664850060132049,-0.704939735525015,-0.680061851457069,-0.746464388367499,-0.573481686876397,-0.664194267328614,-0.690336282702408,-0.711946856769755,-0.697204964492733,-0.587596395986179,-0.701358151152759,-0.671896767190428,-0.62965355381683,-0.687851750913271,-0.669576066446139,-0.690967079504593,-0.734673798104175,-0.692628719899125,-0.669813156392232,-0.656757125574835,-0.632271473292758,-0.585555742806269,-0.74603260123972,-0.684972631058149,-0.75352891972317,-0.715242602530629,-0.687167943324996,-0.632966612956016,-0.712947866008011,-0.626143050146558,1.19128274950689,-0.708557319705489,-0.697881289398817,-0.629586798436002,-0.700339429801507,-0.610118861403711,-0.638307533276099,-0.689087337691616,-0.666015736723265,-0.647704480064242,-0.620345172541875,-0.721440159849323,-0.670494300986517,-0.644768551192206,-0.627560426648694,-0.653567988085239,-0.635405591927383,-0.609201803474125,-0.616700396551363,-0.664400293427084,-0.66918444153291,-0.664966278851704,-0.550354388450732,-0.659172405387932,-0.656231045357574,-0.742702360097931,1.61581322083613,-0.654110142391507,-0.739579017166701,-0.630185726239115,2.8135510276815,-0.659066367406217,-0.726760861700694,-0.709545370194364,-0.664057530428735,-0.653089231626415,0.356613485326281,-0.653381501238745,-0.659918961286811,-0.687316083699313,-0.652086266375644,-0.642132284992332,-0.670812724849043,0.150061388436849,-0.66973889969581,-0.701669050595871,-0.649443125137221,2.29244575322733,-0.644670558261416,-0.616991112631279,-0.669124363651466,2.71176607896376,-0.670896211582015,-0.693618510909597,-0.670510151886444,-0.656118332528544,-0.704680899191205,-0.695581597503129,1.91179358837894,-0.713276580892707,-0.641847420109058,-0.692239880961605,-0.469145075571938,-0.704662446972791,-0.652386441007666,-0.635905131532393,-0.763394031637549,-0.686137742620997,-0.443054237208084,-0.744455022523983,2.03924746066509,-0.630880800199863,-0.654407823657862,-0.761387634629677,-0.650326933322984,-0.719234217865214,-0.707850054037143,-0.675344546083283,-0.678522854648948,-0.647814984634437,-0.648978196320388,-0.660944355167331,-0.692897494277937,-0.653479656701212,-0.691433393835373,-0.672183261887518,-0.638980502705474,-0.665917439093907,-0.672438139256366,-0.698206875041437,-0.721762438309688,-0.730557672167906,-0.694111793422602,-0.715472794494371,-0.661493887033572,-0.698603398211967,-0.720136729904178,-0.677075064412474,-0.707129842569041,-0.722623516893489,-0.671535981841384,-0.706955163288055,-0.660676328114131,-0.667079745766084,-0.71382297200036,-0.646714433198508,-0.707166193612082,-0.715260981609465,"HC"
"Control-10",-0.687133078625422,-0.684608108376592,-0.577498414215468,-0.613970765564452,-0.480415453495741,-0.67496974582162,-0.676196510337563,-0.676671117841365,-0.649125101429513,-0.626679979148206,-0.640331761566033,-0.6676450471074,-0.702350050939956,-0.632774796372061,2.92222926240091,-0.628846331563718,-0.673616787860759,-0.548184803548091,-0.616369511059842,-0.602533082874422,-0.656409685532852,-0.143960146644396,-0.651265763957063,-0.641654866436281,-0.653146258851508,-0.643095284327405,0.330950865564177,-0.467442227232756,3.0796951057681,-0.623835491027853,-0.72912277310121,-0.626773489609582,-0.654094168063365,-0.642284129435654,-0.647063684295656,-0.679119893869987,2.53073964140022,-0.713593118968562,-0.551720751807031,-0.644019605412949,-0.657127730889931,-0.694526070211396,-0.681069550767073,-0.569137947891017,1.83137410942019,-0.651036251368804,-0.615228061459059,-0.669893408660792,-0.652589253818747,-0.673751424169488,-0.718562432720774,-0.677836028795695,-0.656033611966943,-0.628874326108296,-0.611613642755147,-0.562387383316902,-0.725008682490722,3.58469253723892,-0.718720132691728,-0.685538568097717,-0.6690969678507,-0.613414244886989,-0.687361751817368,-0.608400089506679,-0.70149591390446,-0.688557197418943,-0.678478995802308,-0.61188479007196,-0.67623927772477,-0.588324155921044,-0.624131190158698,-0.668934267379511,-0.651698247348049,-0.630391571403581,-0.605005194080103,-0.696372484822044,-0.651701492777381,-0.626346220300151,-0.612298117647747,2.84575291610149,-0.616702466544145,-0.585895720049858,-0.605095451797693,-0.646476430542159,-0.650209486171257,-0.647703706420572,-0.526763260481196,-0.640597821662132,-0.640602262767685,2.90844452593301,0.96841255767546,-0.636228605645254,-0.72179360387041,-0.606869180648994,-0.657888743244694,-0.639096019275274,-0.710915102400376,2.09042023884162,-0.649555214215124,-0.638566206892662,-0.668888542111883,-0.622635906545253,-0.63077604729928,-0.671375937963484,-0.636545605106498,-0.62724038402452,-0.651432198072397,-0.653727885231366,-0.652337378405121,-0.682611906781209,2.46035871505919,2.300005617353,-0.626665578326775,-0.599540073913109,-0.650740193152252,-0.652514337599779,-0.645003930940409,-0.677312876489523,-0.653071417747086,-0.634032960173658,-0.677449083013169,-0.681079151639701,-0.719389190725087,2.84749239048004,-0.62595870373065,-0.677487518299619,1.84003170509541,-0.687398237548942,-0.626291185036892,-0.618733504358615,-0.74818694738593,-0.669603661595975,-0.421369820373072,-0.717646631214647,-0.692717489847983,-0.620168055918452,-0.637457553849165,0.670493409006512,-0.633003035578014,-0.70481700980029,-0.693468773954946,-0.656207814146701,-0.658726185933705,4.0365158082813,-0.636859858929508,-0.645638799473012,-0.675458842164223,-0.626014976695101,-0.678200516096198,-0.65278051973717,-0.625409287798398,-0.651249981143381,-0.647024442015184,-0.678865440013031,-0.709182490809862,-0.714223931857548,-0.671625737879645,-0.702863488125676,2.78129935405712,-0.683011682627993,-0.701152076219285,-0.659449423293738,-0.687703441066535,-0.707289200843352,-0.655164607752976,-0.692503637259841,-0.642754489090899,-0.654588092985787,-0.695424978688213,-0.628203127740551,-0.692798881616154,-0.701512280515098,"HC"
"Control-13",1.03403325907746,-0.727023602914476,-0.605164043841402,1.74981840892164,-0.504119277941606,-0.693242239775003,-0.69878005960173,1.19362230180819,1.38853889545545,-0.646078658353952,-0.66149770434117,0.084829388599293,-0.73420390517359,-0.656081275201562,-0.632688724661895,-0.651267653443851,-0.691884787917329,-0.573184555314668,-0.637894278712221,-0.629416518082516,0.798297124985514,-0.14433432340999,-0.669741111105288,-0.658593102803127,-0.672792063999005,-0.663061118857913,-0.717295536106961,-0.492705708644067,-0.637223207401125,-0.643307505789553,1.51642284262844,-0.650259835700345,-0.671859787258721,-0.66304226885839,-0.668231325838326,-0.709929056982851,-0.682843851477415,0.251943868631928,0.948952711303118,3.1559697846507,-0.696898192961783,2.53969952317872,-0.082878773134031,-0.591126955274008,-0.705579470165006,1.91932750279748,-0.632378643580527,-0.691260610988412,-0.672797580046262,-0.694229568768785,-0.737707640992127,2.82343984956587,-0.672404853831382,-0.662194391134122,-0.636235780491418,-0.59004508345565,-0.750042156917881,1.75747949591647,-0.760411445553823,-0.721049822231025,0.00129732498844275,-0.636705114040223,-0.717892024855155,-0.629522077472742,1.13262568938189,-0.71236954202304,-0.701579424848703,-0.632957631574536,-0.704984591673258,-0.614339254389183,-0.640980682287334,-0.692934926981561,0.789082501483457,0.121676600688711,-0.623249702698853,1.9937720762175,-0.674072359765842,-0.648281865780282,0.207451614704975,1.37776560237029,-0.638976480432665,-0.613705936924608,1.63006627700813,-0.667809900689498,2.44150764363115,-0.668243833202931,-0.554972526141204,2.48940311221484,1.59835307409758,-0.745611641668221,-0.655501588862065,-0.657511453146292,-0.742941786473943,-0.6346872176132,-0.675032718889378,-0.662883508155461,1.30423188095158,2.06926631852918,-0.666791228987223,-0.655825282973495,0.855579382004855,-0.315288116035901,-0.66562224871221,-0.690329553946343,2.49491201571038,2.66703374251327,-0.674508636565715,-0.6707346396641,-0.672858263800303,2.63972273139506,-0.652811784057902,-0.704639001870168,-0.648097909952546,-0.620316139555261,-0.672622311408915,-0.667919085002304,2.11274591381012,-0.028760912388486,-0.673822821576131,0.87576057048559,-0.708334244486159,-0.698309182222986,1.86548421176361,-0.715988746687803,-0.644853461446416,0.502881998558002,-0.108933935032772,-0.70793413017694,-0.657457478938614,-0.639030945857787,-0.766250808937942,-0.689268203165405,0.382639916290642,0.450269860841851,2.64224972120269,-0.632883755863102,0.975776603112339,1.74952810337103,-0.653618072442809,-0.721942862627962,0.655200241088147,-0.678993901878822,1.7467215125913,-0.649838163358434,-0.651249514692865,-0.663831925402504,-0.696201401124622,-0.658827912726426,2.05502580699737,-0.675882339544471,-0.641533974039576,-0.668682954314817,-0.676142977163776,1.86525995974278,0.0994868106113187,-0.00553501586583595,-0.698432826135071,-0.717832427891526,3.12460630900697,-0.701545105463222,-0.723743869396731,0.0653259739288533,-0.710654970292574,-0.725508734095072,-0.674632339345826,2.00448112648023,-0.664085083536172,0.089033300460119,-0.717307681642355,-0.650238622357432,-0.709866560745674,1.03786032625122,"HC"
"Type-Unknown-3",-0.124291174245711,0.117117360147838,0.053996582679649,-0.293507241353493,2.62945668759695,-0.112913748581267,-0.202223170368741,-0.241528477447442,-0.0803171184884315,2.83724255232361,-0.0987295869286671,-0.101399932847628,-0.3140501635882,-0.168170979876285,-0.0973973812208651,-0.0184195175768166,0.989449145347021,-0.106265428557496,2.72003015470453,0.0241914567249494,-0.192351939886755,-0.140800080310447,-0.0699068131468284,-0.0530051579756947,-0.119466479116034,-0.10052053046146,-0.055431352276415,-0.119368560359347,1.26239664345448,-0.0565847651471089,2.38673655714771,-0.0968863769035029,-0.139499610466677,-0.163073260744277,-0.212046012747318,-0.157981242799951,-0.160774582904439,0.143732227183938,-0.0699229408834068,2.06406239996497,-0.307190785136899,2.07495728810535,-0.220787738417237,-0.0517907953387244,2.26441876318371,-0.236648820455336,-0.0798365382230392,-0.0357302744801124,2.84646880857238,1.38200109529049,1.21524843365356,-0.143432173495948,-0.0432778973092825,-0.208665966230675,-0.0846953997836848,-0.0761807974905945,-0.25360536567355,-0.166610801741387,-0.407460476691002,0.666248379532062,-0.179474763953872,-0.0297568614664717,-0.306298977141729,2.16126378809884,-0.211250189888083,-0.158893891077713,2.17944458725742,-0.0427706962089564,2.19665710535851,-0.278313718001674,-0.0435640937578389,1.16531072111716,-0.0209805143303049,-0.0916261778087597,0.0113704153987483,-0.327112632822023,-0.102746801452414,-0.138421406417192,0.0102096682750771,-0.0884193215926825,2.5427249364018,-0.0643600944385307,-0.0920449892128775,-0.167701398106018,-0.159629323380059,1.2033484431819,-0.175397782738867,2.46676020532609,-0.125509361791537,1.20981267508199,-0.0727387462342441,-0.158540894621415,-0.0382522133185009,-0.138260497071336,-0.150686207048186,-0.0855353631631927,-0.171806069400126,-0.31823043068408,-0.0949253153726579,-0.0184005558116317,-0.283172371929588,-0.35818468964949,1.91232190055726,1.11163619058769,-0.127927344608441,3.22361493040565,-0.0731364031195932,-0.0395330010757751,1.23416669763439,-0.0268026469000817,2.6042110717834,2.42376735927737,-0.061626036470899,-0.0801440908995279,-0.0818386575110436,-0.0971131554431496,-0.238787287743095,2.04673074319244,-0.18601269962711,-0.163632921644459,0.00595708167795478,1.04827887458533,-0.344308785805059,-0.101315904708645,-0.061670161754842,-0.17074991037022,-0.169902835316108,-0.253570111564092,2.09026786380865,-0.00933943358712838,1.37976064428839,0.917705633169643,-0.114854472373153,-0.230178332180715,-0.2096153758455,-0.0425714621092421,-0.0995051823662766,-0.283442568543664,-0.0292965067561421,-0.131218511042313,3.44187876766186,1.82808194738534,-0.205087473308835,-0.0725717708232946,-0.0725687088331643,3.29410236937691,-0.113659131046756,-0.0763678955462379,3.68337729458945,-0.0922865699747185,-0.060465126120251,-0.171533508735413,0.0333501453251611,0.96731830438512,1.16969855703868,-0.177656468277288,-0.268283798562767,-0.0836115504704337,-0.117707590455373,3.81439703286437,-0.169148143793707,-0.131655163774557,3.48076234780531,-0.0720166797848471,0.985730028518425,0.941189474789756,-0.130330422203528,-0.0642449629425967,-0.0385677356217001,-0.0611006762341654,-0.126217929038556,3.34734314437343,"HC"
"HD-17-1",0.10106046168398,1.22845021739451,0.318169272474519,-0.147380699762011,-0.104905188803633,1.52528383513439,0.00334402582898158,2.43350393512992,0.154874423382716,0.245362948710728,0.151039945750193,0.142383522096906,-0.0999561035215819,1.48977445066251,0.12100464160126,4.08023335663372,0.0750358224025962,0.0943830485877029,0.128425062531571,0.280487034072177,0.018058732270134,-0.138884231297966,0.178626445411768,0.152549301215762,0.0706574326524886,0.119903706324071,0.16053401646044,0.0225347863453493,0.171271711469429,1.33004211394287,-0.18966795171732,0.129158070975289,0.0718334725024265,0.0386956149426695,0.0433229792811283,0.0688249506209147,3.73293480448262,1.5778359545948,0.157732732794462,0.0919461719672104,-0.118432793747449,0.0269733238609485,-0.0272584386942039,0.195946179932998,0.0307810491676563,-0.0242184288204071,0.160231640756918,3.62183817016152,0.0894714952108235,0.17350867507591,0.19868415197911,0.0980198175272329,0.1825757100705,1.98219251395666,1.19691340115908,0.147223867702936,1.34193783061535,0.02907092172194,-0.227617178608709,-0.143684894391398,1.31461867145464,0.222413084291381,-0.08199907925878,0.144650045837815,1.13514218756236,0.0711708287467831,1.12382654335819,0.171904896791288,1.98559444880837,-0.121113674928422,0.168143278529018,1.40049988152978,0.234833316315779,0.16196885363808,0.288701034647623,-0.118303562938435,1.23368338230416,1.27955661434104,0.262314342603427,0.113190158715382,0.106776660159384,0.17529485411247,0.093102325186266,0.0655459035609271,0.0735135351540704,0.114245366426858,-0.0252959422061811,0.0369326303037508,0.117004118210634,0.122888963039385,3.48805885865034,2.05485968194306,1.53301613293535,1.42900545871226,0.0438312295922169,1.373498374418,0.0522189763929323,-0.103875782695494,2.5302931214696,4.58020607110355,-0.0726614207461415,0.332027851658792,2.83258962452731,0.0580509614719597,0.100831372747565,0.156288701814851,0.16551358008514,0.162869576905966,0.221349841548019,0.216783774351381,0.0637776084805377,-0.0704591085609838,0.196078206805575,0.128430648945878,3.67988915304734,1.47797687099212,-0.0119483126353702,3.3231194158423,0.032559460413657,0.070459403057881,4.69259735439603,1.25332185869538,-0.124960746610524,1.4036471545472,0.124992636906527,3.62230917141031,-0.0732212984878436,-0.0559095522961241,-0.0148237386464644,3.35925622745967,0.21493629096532,-0.0107039905240464,-0.013827906569803,0.00321682151634353,0.0336484894840357,1.28808602458815,0.119902835702344,-0.0378145257966686,0.217982140538114,0.0802564428383506,2.4749927992019,0.0230668514703029,2.6032580407411,0.126826573620947,0.12326392668157,0.176245737761817,0.0912679952608759,2.45894702027211,0.118549575369373,0.111800045750121,0.129736691430766,0.018344121084974,0.263645452699173,0.0107213846565533,0.153409943619244,0.0530761346351278,-0.055634080042843,0.133645201470634,1.19049238423455,0.19661251411533,0.0537857190863956,0.110980941135107,2.52309906584973,2.55197221238871,0.0968960299668593,0.0119115525451159,0.0752437002722608,0.139593383018826,0.170628815695257,2.18764216281506,1.24392722751681,0.0754923040947336,"HC"
"HD-18-2",1.28954352381828,-0.352957107633756,0.232728570286824,-0.19464203601721,-0.135960660419341,0.0550874168674254,1.0874858373739,2.42406260635263,0.0788070202696984,3.20096613825447,1.46830066942474,0.0635372583579322,-0.169200001672122,0.00185537552164083,1.27283610618822,3.46926727999206,1.12402000434974,0.029487821176074,3.05587144114063,0.197594006359319,-0.049993857082799,-0.139574103835809,0.098243964752133,0.0860673444897849,2.13753952762713,0.0486124551929659,1.29951479950388,-0.0233606527125172,0.094509852633843,0.0856172097826998,2.35157653475154,0.0560490892429502,0.00348255016298305,2.70350695742317,-0.0392703652951847,-0.00453040053762555,2.49167972434122,-0.372886929940432,0.0841026363936685,0.0146010419233494,2.11548226787673,-0.0454801605244789,2.07664443564564,3.2489848005097,1.15879081016616,-0.0929242509149978,0.0825869992881207,0.13743499264083,3.14696567870148,0.0884898822273057,1.36485247504694,1.37141461879309,4.78076892983534,-0.0599336214877113,0.0467367146010464,0.074968664180711,-0.0899785118893548,-0.034217921159551,1.18069687253843,2.16644783684024,2.96453268742821,0.140854399126322,-0.154543825616273,0.0806726322548361,1.06913667899479,-0.00323841933137923,-0.0949843832900098,0.102472914920847,-0.126896182642424,-0.17195648564646,0.0996713007460519,3.24960417250002,0.152096098715042,0.0799492566276731,0.199004696751472,-0.18583815013542,0.0343073797060634,0.00699570470300319,0.180776768011063,0.047984116491276,0.0328225057071408,0.0977838627118981,0.0332205994760197,-0.00989267888029208,-0.00189126750994042,0.0376257473671351,-0.0738429993025666,-0.0378620677928897,0.0385685992421029,4.01646843884565,2.30310883352733,3.05325691302942,0.122885195274527,0.0224664565983769,1.06969766177115,0.0640921120444405,-0.0202368752511417,-0.173203962135848,0.050724506928168,1.21512008757694,2.16395738603359,0.293606381337646,-0.0431378049092681,-0.0160699372976086,0.0268445217311625,3.83039284756254,0.0883276220744008,4.8117169305038,0.150097043399838,0.138001236719371,2.03250080948118,1.91041983624784,0.112729577848552,0.060971850518044,1.50381939091093,0.0644161757914597,-0.0853142662916294,-0.0466451077841358,2.33870790449814,-0.00525248303772849,0.149594871683282,0.0393116284888159,1.03185991821205,1.32986788056642,1.10943445657372,1.20821232636705,-0.104490762419213,0.986533409224014,-0.084247514376582,0.118757450082863,0.132989595443126,-0.0760186455067012,0.518976578241337,-0.0722695803315173,-0.0450297247052884,5.45985505502463,0.0489402576101574,1.25760437447279,3.44806856325748,0.0118596355502656,0.0525702036777329,1.12094438390232,-0.0644671614223085,0.0623356734540704,0.0599262746985393,3.42767991692579,0.0249889352163818,4.2720654160932,0.0430152704403563,3.1868801054037,0.0682202006021667,-0.0430675185292042,0.189161626275442,1.10809716879704,0.0819129034612837,2.56142493332346,-0.124410838474858,2.49549483112708,0.01645151377758,0.115918586255306,1.2295176764608,2.74873553058787,0.123782860229235,0.0735649261116144,2.19870737964978,-0.0534641882113364,0.00875538390016107,5.06426782512666,0.102968906362302,0.0636618922101307,0.0142938049691813,0.00715820706491042,"HC"
"HD-21-1",0.195149208158585,-0.272641295764156,0.428466573548348,-0.086369990572846,-0.0648149903960649,0.239073580232961,0.0891723790457029,2.71710646202266,0.25307152439239,0.358875564618557,0.255323645046813,0.244167916039063,-0.0105676166964651,1.59469941883905,4.83337331145008,1.70041152157948,0.158080848365236,0.178157739722032,0.228803390262658,0.387495485553349,0.105909332095808,-0.137879581231676,0.282393975913825,0.238372336481494,1.21422460491957,1.44572284614295,1.45953372531722,0.0817822284902083,0.27036530080317,1.41779637803464,1.72858058648908,1.48878194817686,0.160069197009793,3.26343859918578,0.149944563141868,2.92890950393069,1.4065914984513,-0.284942420873373,0.252783460408693,0.191792719064867,-0.0396226146084162,0.12050513687847,0.0535438556486859,0.299381246479376,0.120082300321246,0.0644754436672586,0.260464833808643,0.327076612332272,0.179131990284886,0.283261324008435,0.2910063054802,0.198830779362232,0.276874039512206,0.10295032877856,0.190674349819694,0.240499715548066,1.44291360220061,0.110771895370052,0.816618759074113,1.63727778123211,0.141549978455716,0.327699003326478,0.0116505458664996,0.227239910705541,2.36266120572963,3.33583606403247,2.36200671499324,0.261536185069952,0.0379678944373786,-0.0554795607694864,0.256535276198432,0.182264126161095,1.77351562206854,0.267849774016489,0.404492030424034,-0.0311216636066702,0.18440201087841,0.16624898304335,0.36757300953112,0.197366087597897,1.48211840106432,0.275355515321198,0.170404975566765,1.46849387956806,1.47583330118511,1.53915734122476,1.69721425458211,0.133486768126357,0.218258272601192,0.221601006730209,0.210956268213611,0.0987469491372251,0.299354528106294,3.00756889694503,0.125046090560236,0.227956362771486,0.145753845357233,1.18543567940539,4.79366724696639,0.260299851362708,0.0152310475481701,0.375708739821848,0.11168515331548,0.153735276770456,0.196342642822713,2.93694108531402,0.265154648468254,0.24737663968788,0.313331662020907,0.318485902845916,0.139388205104153,2.31610035184484,0.303674804056953,0.215514710871375,3.99849650841563,0.241314721974048,0.082761427240331,3.57264727906338,0.123817642177607,0.168197559249627,1.4952250692476,0.191237644473472,-0.0333786200183361,0.222044312921544,0.202928031815148,0.140811423375234,-0.0328548526447545,2.23936125275634,0.0747969561432837,0.259042513597601,0.320723101192588,0.0736121489820201,0.0283526744490696,0.100663895082078,0.135215944528203,0.24333701374564,0.21151000465581,0.0647400198835523,0.321225846126755,1.35224697135789,0.208402189848963,0.109982621749473,2.41625637260977,0.210079309730296,0.20502790908348,0.258677781269805,1.32387431065029,0.241193575781517,0.216058488087056,3.62403198847022,0.209149696429537,0.0976217713210782,4.22691630191611,0.0975974329831749,0.245707061529958,0.149411540807247,0.0331513657391116,1.44041238904908,0.163375606848305,0.300782098729165,2.64253477869291,0.212286293839746,2.61007195887076,2.64181208062574,1.25978890500782,0.0963065490340148,0.161074945346475,0.224699907210871,0.257972496157194,0.200295386617096,1.33063842699343,0.163706308436018,"HC"
"HD-24-2",0.307623126956769,-0.218540340931003,0.560316238353806,-0.0134376388487649,-0.0168910686812105,0.363007172914873,0.191771803440077,0.166246419360286,4.10158712261777,0.494568824679536,0.379984635506854,0.365841230735241,0.0962876001639163,0.313486986742532,0.321197126332922,0.451205852436002,0.257353076518852,0.278302211415378,0.348795889954161,0.515413651471961,0.210926155057011,-0.136488776756471,1.79756114931284,0.340965403784193,1.30911622319263,0.321949800435135,0.35849300614723,0.152606766455559,0.388822021056705,3.87559192166456,-0.0015434979372412,0.336355784146233,0.265546398962113,0.223641761701446,0.277400266556167,0.276720897859594,0.267466971462381,-0.22570275433566,3.69933437204456,1.64970744255934,1.11112845158174,0.232313296053222,3.84514641522135,0.42302777926387,3.37349392450399,0.17050031684135,0.380283839147679,0.454819736165377,0.286312366474652,0.414459910305462,2.87673794828727,0.319340450924924,0.389598494304444,0.212669411874016,0.28763114226798,0.352001893326597,0.209923817749118,0.208437440083348,2.17323463300922,0.0356216451550926,0.254581745254331,0.45355804972524,0.123599537924414,2.54039248422178,0.179896950933742,1.56980228446135,0.160284884502032,0.368681647384655,0.149020796475951,0.0229796206194145,0.362199287472777,0.29964799347286,0.469318353239916,0.394420086483519,2.09522047820307,2.89397035179773,4.11340104664461,0.273522435405514,0.493399478693756,0.297990199881671,1.596242351662,0.394968275671086,0.262812753835266,0.279345923699427,3.82966149476057,0.331392555144732,0.112290972194814,0.248907821801699,0.339297737634146,0.339601626384416,0.310844359313122,0.18933716139802,3.08442699244798,0.317053724680989,0.222130534980909,0.338335778990879,0.257565657618285,0.0926067820725111,0.317677760683547,0.35842935749973,0.120297920179724,2.31100654891774,0.215974329694001,0.268116542462537,0.310517049829474,0.375783332364516,0.384265826523051,0.3483965902489,0.42328695629801,0.440060877223868,0.229773298152698,0.125770834144157,0.432296040874904,0.319615212542662,0.402566194674368,0.360474075957977,3.52694652424583,0.221972792597273,0.232907896963436,3.323390178274,1.60118592560657,0.293575432481042,0.0760988792113848,0.335898392942914,0.296092194447784,0.250511154788643,0.0153992959335105,3.38067810630318,0.181929754975314,3.53280250831596,0.447180914153647,0.174403869389771,0.0787754446754744,0.217152366339529,0.256629929932519,0.344004457401244,0.321017439585726,0.187333975860452,0.444643625552041,0.27409941154733,0.313371050265847,3.47678001994359,3.23434710443216,0.309599835103888,0.302768774615934,0.357217248690512,1.42615427355705,3.32206654434916,1.63984011755099,0.29887068811179,0.304080197795747,0.192390469271311,0.474739604710704,0.201449274687071,0.356039263139241,0.264571122130035,2.45411879481024,0.33278790369381,0.262344085633347,0.425306676216884,0.258132196120328,0.333386961463156,1.54806780742354,0.340393149909338,3.52062595849137,0.197192535272872,0.263677826674436,0.326436455414904,1.53332594052912,1.32450159331903,0.271829749686673,1.45176783370614,"HC"
"HD-25-2",0.322305663259559,0.797350206247651,0.577528117433879,1.94032621284967,-0.0106349985818587,0.379185674501101,1.35579319424834,0.180108358428009,1.70222541666546,0.512282453209417,0.396258092833929,0.381724671796028,0.110236661577079,0.329860513992524,0.335426868289129,0.46717034243951,2.49694060476147,0.291375240761853,0.364459914570776,0.532112306012982,0.224635229409595,-0.136290534585818,0.42263084618384,1.50491467147142,0.257316841669096,4.03767433611065,1.5813939044096,0.161852321877799,0.40428556241828,0.359945141876088,0.0118284447534727,1.61632932793715,0.27931557196975,0.236787789374276,0.29403855045678,1.5610078151931,0.282024656055957,1.71003093604172,0.381239987156681,1.66528848287925,0.0668855851570063,0.246908922964533,0.162744304136389,3.21250110815958,0.24076868374375,1.37338445640508,0.39592521551699,0.471495540415415,1.50230603599273,1.90294741201433,0.415775294401327,0.335071988035589,2.93266907684375,0.226992327247398,0.300288046554185,3.25630634598216,3.66297823750744,1.31648247895443,-0.0510510464300763,0.0483668078530173,1.53696120470161,0.469987903308449,0.138213549399379,0.338856175533637,0.193193644464978,0.297043230795295,0.173697061450019,2.78588981900412,0.163517830838536,0.033221815355216,0.375992846886485,0.31497148279005,0.485985620108063,0.410942789946777,0.560978040783593,0.0867005168704899,2.56642224269444,0.287526093991118,3.33205230537653,2.56807631663952,0.331267606366125,0.410582728469375,0.274875822087749,0.294542893360308,0.302407985019014,0.346827442553783,0.12207069140406,0.263975082094601,0.355098434883822,0.355005627599423,0.323883920301609,0.201162961498248,0.433742285016254,1.66223711251804,0.234804103172296,4.06638077453912,2.78004696893211,1.30638699648903,1.53667505346563,3.67273583600644,1.31231325486969,0.43474137765147,0.229588415826382,0.283048067066882,0.325421570749864,0.391385076644184,0.399814801917031,0.361583906093029,0.437640707080012,0.45593148077256,1.25521941873025,0.139718917422701,0.449086475484683,0.333204668758466,0.419033099816568,0.376029340319515,0.210757125316551,0.236086323938035,0.247148724021708,0.300286017594717,1.61501823568156,3.75001587676444,2.44179923481861,0.350761097834796,3.44269508621053,2.72534379322627,0.0216984744082268,0.13814916885923,0.195915052410292,0.365874645340785,0.463688931740397,1.31791631367048,0.0853577187017289,0.232358969135708,0.272479517707307,0.357145756395521,0.335312726048256,0.20333759899696,0.460754792000105,0.287877827997121,1.50427440684192,1.39265110691754,0.206809516621021,2.55478896378813,1.41166835088028,1.47517720405701,1.43950607355188,1.62155086160274,0.34783713480634,0.312167725570296,0.316472586604159,0.204761735987109,3.06782292214885,3.453649887435,1.60779134192779,2.86257830787563,0.153140662793307,1.56300124139805,1.38517130422234,0.441562325962954,1.52049209559734,0.349195648202917,1.56163991574665,0.354412649331464,1.36888079552293,0.210362363186956,0.277071780988145,1.48066825579344,1.54695591018279,2.3686857246256,0.285361020767202,0.282923329627084,"HC"
"HD-26-2",0.0353295671920473,-0.349515963862941,0.241114996258953,-0.190003102959551,-0.132912412838667,0.0629703333846714,2.22666524471336,-0.0908288335899862,0.0862734107459595,0.16606243659519,1.47622985278404,0.0712764076988585,-0.162403371834202,0.00983331758977688,0.0573008204165419,0.15513794405556,2.24364849235124,0.0358576075506818,0.058300233403891,0.205730365526781,-0.0433141600741386,-0.139509573891507,3.91899184088994,0.0925928761659812,2.14357520115877,0.055610042815291,0.0975409221002195,-0.0188557891959312,0.102044407361566,0.0922895819294287,-0.249531570374846,0.0632250960815883,0.0101915300244415,-0.020156625578335,-0.0311634215044255,0.00266978867428361,1.24813087032368,-0.369118933421332,0.0913297932050659,0.0221928475945342,-0.173490000522745,1.21553314129564,-0.0837073476569088,0.123685896948347,-0.0316052758447713,-0.086180435893623,1.43394955331469,0.145560218086437,0.0268342005009632,0.0968348957186222,0.134187408655087,0.0275927479328979,0.116698399812432,-0.0529548326567553,0.0529037455416435,2.90765316823992,-0.0823008459343895,3.25788102924006,2.21576301027745,1.98211226141144,2.47263456934519,0.148859785997055,-0.14742320126025,0.0869523306791697,-0.0666955954803212,0.00406521505680228,-0.0884493484703742,3.48794598003055,-0.119832554962277,-0.166966013220743,0.106392162795832,1.33189956352031,0.160217164352152,0.0879998842674127,0.207808834340172,2.00651990209429,0.0407382081203803,0.0138189368161501,0.188780082775046,0.0543844108714272,0.040081470413231,0.10539194849259,2.11176033742228,-0.00248801025180001,0.00551008546695238,0.0451463405598878,-0.0690778664083103,2.66679986221102,0.0462674319596862,0.0539282087298493,0.0690204396505509,-0.0299770728698564,1.46354716682237,0.0300080540299411,-0.012905900590607,0.0711129020050193,3.13831861427368,-0.166399059674005,0.0575586582680317,0.120862881382332,-0.134063562623446,-0.284080442154489,-0.0365043905681604,-0.00879460581505897,0.0341066957661637,0.086442689791561,0.095903804226098,0.103832497173524,0.157090856672376,1.50916825163658,0.0109556469244753,-0.13290199795283,0.120910656523329,3.10310161923567,0.0971807948354197,0.0719954222199426,-0.0781130363923133,1.1727167507023,-0.0311939866436275,0.00217901169126847,2.5329856937093,1.19351462144482,-0.188940503233218,1.33710967989242,0.0705465590080428,-0.0150662403173728,-0.101421510438202,-0.11356347308023,-0.0774332286677924,0.124767986006177,2.97742103117812,-0.0696076902490691,-0.0432954829213474,-0.06486021799261,-0.0373070702557939,0.100293765373299,0.0559055843539939,-0.109459672260593,0.145855543327675,1.2022686893579,0.0592468499821696,-0.0376529640227104,-0.0578690037472234,0.0686657731170638,0.0661431773690856,0.118658277437391,0.0314945515834345,0.0823139753051674,0.0504293347027568,0.0522717634277664,0.0742583473306896,-0.0370396634640695,1.48551192174408,-0.0499706808709347,2.56362894205773,1.27726274107878,-0.117660060702403,0.0702754345701749,0.022746499981215,0.123839092935039,-0.0112399558291659,1.3983233718138,0.130395821034254,0.0803958766152045,0.0405032377985106,-0.0470472370839765,1.1659481962547,0.0801375163838719,0.109610059891861,0.0695159760725664,0.0208868679751398,0.0138655354392986,"HC"
"HD-27-2",0.362079249157328,-0.192346462038541,0.624153450886857,0.0218737746797856,2.15613315628015,0.4230116872054,2.54270280015036,0.21765902493749,0.427290511377509,0.560266977910353,0.440341331553977,0.42475139377073,0.148023334183771,0.374214832558325,0.373973877629094,0.51041661824462,2.53204574323197,0.326788826325869,0.406892258393776,0.577347363299268,0.261771800033155,-0.135732849063744,0.466495887886126,0.390637547065592,0.290872887112229,0.375215218832626,0.410680941071679,0.186897646825422,4.06405354311745,0.397040989057885,1.19682740895874,0.390979324044942,0.316614944099142,0.272399120419292,0.339110069454932,0.331528513228391,0.321460030620234,1.52230610252139,0.421420225719333,0.368938114503812,0.100200551580229,0.286447079636988,1.28014916791544,0.482893308721127,0.278518479724879,0.221834026127527,0.438296207405242,0.516668698449847,0.338205531802712,0.477981892328257,0.454802098776228,0.377687216744826,0.444175917681741,1.49626488355539,2.50926864222226,0.405987530918089,0.268365971170994,0.255723841184324,-0.0193094846930124,1.91536010666519,0.309307958860995,0.514494804521106,0.177801508095577,0.37376890641467,0.229213114903493,1.62539732128063,0.210029365414121,0.420557908578281,0.202788909730622,0.0609669408365998,1.59835477259878,0.356481349072158,0.531135651191977,0.455701212599825,0.609925691690428,0.123554411642465,0.334457437979874,0.325460665113607,0.554320460677824,0.346709040777362,0.371624684705618,0.452880786979995,0.307553519689605,0.335710029999886,0.343556687898849,0.388639075607225,0.148563014937489,0.304790848467994,0.397901011791866,3.04343077565663,0.359206843286442,0.233197922379411,1.8088788827426,0.374460128753201,0.269135586690975,0.391777812862338,0.311701209904633,0.144405487047357,0.369699107204107,1.50643922198428,0.171167797537859,-0.132386250765778,3.09687469947782,0.323496138448294,0.365796491735377,0.433648708993889,1.77773872535078,0.397307082843326,0.47652364446294,4.62233534292477,1.2871818443366,0.177502940356314,1.93702641670143,4.20007468256672,0.4636403701571,0.418167063018641,0.250793220125386,0.274318529840748,0.285725761842522,1.65189480536005,0.4641631006567,0.343123978037398,0.129104234941542,0.39102274320048,0.341199176397411,0.303624107934114,0.038762346138743,0.173035399883069,0.23379988493274,0.399290935258207,0.508407571759273,0.223203860551967,0.103188469192433,0.273552201017039,0.315414534369537,0.392744277902773,0.374037289184029,0.246689882714761,0.504398400258193,0.325202239726815,1.5413940167123,0.264186537092921,0.243492759613762,0.357784356005382,0.350091643546722,3.72021611204208,0.328629618168703,0.407141753746317,0.389056507590956,2.63286930168288,0.350042382079846,0.238274313735061,1.81942970375668,0.251730874572695,0.409458437270356,1.61181458184803,0.190672415384284,0.385287900792952,0.310261323978989,0.485597325650094,0.312004064543008,1.75013475221688,2.76437722003929,0.392390131764334,0.320833013447657,0.246038166808156,0.313354721579695,0.375693900700529,0.412935599682304,1.36906269681582,0.322015939340404,0.320213520117623,"HC"
"HD-29-2",0.0167151643669072,-0.358469657103548,0.219293912764479,-0.202073387239515,-0.140843808786209,3.73215417784276,1.0770315966994,-0.108402889762756,0.0668462160713213,0.143605239136286,0.0575554435958995,0.0511395073665467,-0.180087881024047,-0.0109249101179139,0.0392604666651246,1.50639814067211,0.000590602671560442,0.0192837248521181,0.0384415074955266,0.184559944023703,2.7248671210833,-0.113187434686288,0.0856046597042132,0.0756137515632222,1.06368396979888,0.0374026509806736,0.0797018398439044,-0.0305772308748352,0.0824398525305003,0.0749283853715839,-0.266484413035427,0.044553465889772,1.17563655341525,-0.0368230549748399,-0.0522573055894005,-0.0160647629084,1.22967475350317,-0.378923082044776,0.0725250732047654,0.0024393285179962,-0.189081710224287,-0.0568727137701325,-0.0996931750002467,0.103222429561644,-0.0492725264357909,-0.103727523430288,0.0703781908412243,0.124418766000676,0.00909587753094318,0.0751215655393823,0.115922506428784,1.35913543577079,0.0980425333487586,-0.0711133109258818,0.036857422887022,0.0636072885286628,-0.102277769406037,-0.0441694303036267,-0.294929476496637,1.759653629789,-0.0377690622810431,0.128030148211836,-0.165950728853302,0.0706128525638554,-0.0835530378546103,-0.0149384959790202,-0.105453199802543,1.2931660719055,-0.138211779902011,-0.179950986299904,0.0889047978049642,-0.00395929651455934,0.139086535891279,0.0670525321422496,0.184900884987443,0.954707674932845,1.1578643773055,-0.00393479023495416,0.167955836513498,0.0377311477862239,0.0211939877762057,0.0855960693415251,0.0238048239010859,-0.0217546075994938,1.29123014595279,0.0255781129820694,1.6811198462648,-0.0496227524278103,0.0262354335734194,0.0343991384233594,0.0524889878702255,1.98692519127362,0.11077306063389,0.0103851744167525,-0.0289733496117678,0.0528451387843109,-0.0316298007234578,-0.184105093839834,0.0397765199058216,0.104622474932696,-0.151452101332121,1.15290529400371,-0.0537642207594863,-0.0277246740298857,0.0152108626072167,0.0666629223993997,0.0761909368077967,0.0871137229616029,0.138893285517229,0.125613505992365,2.02329113289971,-0.150585267071395,0.0996238769785553,0.0503646594423573,0.0763041833782025,0.0522745816985161,-0.0968502957943787,2.98091400274876,-0.0492483939993567,-0.0171573859004217,0.138798122081686,0.0288840469283633,-0.207058999438608,1.31826686076202,0.0551279155514947,-0.0332215158884268,-0.109407558841394,2.54680519733856,-0.095163677598101,0.109128855980459,2.95649229769045,-0.0862886924329951,-0.0516404376146832,-0.0841390281526736,-0.0574010516611677,0.0836333309578661,0.0377821337984163,-0.129748938473248,0.125429934559423,0.00110495238392513,0.0418745322682482,2.17128402580572,-0.0750370977620441,0.0521951533639255,1.14610740857993,0.102350022507362,3.39697666079728,3.24250809643538,0.0311382903603023,0.0354138850252173,0.0585473752964602,1.01008431550974,0.17744982296235,1.09751531461928,0.0706707410750813,-0.0332831674089907,1.05504585307405,0.0523296820114179,0.0063672437876002,0.103230309389919,2.46601513423735,0.0201663600736987,1.27916097151273,1.26702893169047,2.18887511742215,-0.06374384023719,1.14896744743343,0.0633001454578623,1.26327268676258,2.11862293464873,0.00373203004832462,-0.0035866155686751,"HC"
"HD-30-2",0.381750277116463,0.846913050831682,0.647213183049706,1.52203819061928,1.62705950388345,0.444686944836408,3.71127472478908,0.236230652164934,0.447820468379198,0.583998932314051,0.462143806785186,1.81056832569784,2.63429988480918,0.396151377149948,0.393038271280112,0.53180515240085,0.322779509968131,0.344303506383986,0.427878242002594,2.03429098872558,4.19870304149494,-0.135445550534716,0.488190448290401,0.408580472117793,0.307468873951501,0.394456132291245,0.429532638283035,0.199284442639025,0.466892201090289,5.28076266714663,0.0659669092103773,1.67595669590904,1.5179637588561,0.290011600482039,0.361401323571457,0.351326510050916,0.340963787652029,0.477698410967406,0.441292373988839,0.389812919336206,2.05841049851228,1.55990330542365,0.213794630194914,0.504518361261684,0.297188591444363,3.14593578628272,0.459251847870547,0.539010220709921,0.356950750242929,0.500927754683054,0.474103787137632,0.398763650677102,1.72806843333639,1.51545410692632,3.70681187266415,0.425488607078868,0.289476861691635,0.2728049714697,-0.0036108964389504,2.16596327294499,2.86432475259871,0.536506812701076,0.197380729450162,2.60546032223758,0.247027450575687,0.357731090351484,0.22799842078004,2.84251824185869,0.222211410202602,0.0746889909549107,0.431838294576826,4.08444496813407,0.553465735436604,0.477837617038621,2.1864455912231,2.56436095680738,0.35213996225333,0.34422216202983,0.576326771290493,0.36430760715833,0.391584293537614,0.473800356407756,0.323715097497005,0.356070273552372,0.363907814571496,0.409318071082392,0.16166546032092,0.324977313011775,0.419070103491187,3.06406839114308,0.376676683884115,2.28093653808154,0.496567473955843,1.7249022709077,0.286115085947362,0.411082524619187,0.331256439318257,0.163116583846623,1.59346185229132,0.423102667670109,0.189543376616084,1.63196189058381,0.284707237020799,0.343500750179365,0.385764925097063,0.454551252097302,0.462767334034343,0.41497487901465,0.49575417978253,0.520186176294696,1.3029896663761,0.196189979876617,4.84443403677916,3.89061009783252,0.485702018415453,0.43900733433537,0.270594078473519,0.293227229528633,0.304805006834514,0.362036303060294,0.482695032239438,0.361022256239872,0.148251206712905,0.410935153253308,4.53674781980371,0.322809946809464,0.0472017133802283,0.19028926348045,2.7871555290432,2.53532685898805,0.530524300695094,0.240831740609641,0.112007115626192,0.293925350628124,0.336649127482666,0.410350422686259,0.393189496533572,0.268130845752318,0.525983445179448,1.52735753707068,0.382551910694255,0.282357919020227,3.49889698015674,0.375189911515918,0.3671859470011,0.422160748269784,0.3465177831006,0.426697079012995,0.409442585843712,0.36600292412598,2.49589068736853,0.254848802531656,0.550492925783136,1.43456739878864,2.90345314323619,0.340468287163925,2.94767893660801,0.404252323323588,0.327570329782793,0.507375943053437,0.331464044195062,0.413199663548037,0.450617021479993,4.02439344658817,0.337709464011898,1.39509462403609,2.63263267594275,1.53443796425336,2.77308163243644,1.38515937570799,1.50260801017125,0.338656322374038,"HC"
"HD-31",-0.0398058636260576,0.741129490172441,0.153036075614645,-0.238723763944061,-0.164926808202618,3.69167539955957,-0.125155132445125,-0.161764994914479,0.00785721576091864,0.0754158968219534,-0.00508990037992909,-0.0100044529348529,-0.233785367231486,-0.0739554773820972,-0.0155175108486486,0.073442328974538,-0.0492962372852276,-0.0310414398474202,-0.0218578001704331,0.120277785866924,-0.113468061713292,-0.140154793614233,1.41439260122999,3.47572788832787,1.01599849862459,1.2159051562764,2.44319483346775,-0.0661683771219107,0.0229123134090127,0.0222126100734745,-0.3179602569602,-0.0121413280641754,-0.0602699164589385,-0.0874292297370862,-0.116307064480349,-0.0729506122364254,-0.0770076859987274,1.04601531416114,0.0154261635313628,-0.0575405276812115,-0.236424591367382,2.3119392195974,-0.148232760355289,0.041086876578129,2.55268864430344,-0.157007740645603,0.0101660685357099,0.0602245709799295,-0.0447650095764755,0.0091909120334762,0.0604627068467158,-0.052910769570162,0.0413956045951163,2.04131268854154,1.07548127527625,0.00757458531320875,2.86634400386219,-0.0932488706367747,-0.34003644030155,-0.265963783931374,-0.0945704231972914,3.21191131899239,-0.222207967700327,0.0209994371551686,-0.134739207041914,-0.0726416247615364,1.88253401752439,0.0377121193794945,-0.194018710538848,-0.219378736617244,0.0358059229466407,-0.0629476995251944,0.0749252058734861,2.68766666071127,0.115342873441567,-0.248829202322231,-0.0268019368074345,-0.0578424505054647,1.51583842250073,-0.0128350486078322,-0.0361562235023347,2.79301107225613,-0.0226324539860086,2.2691577610792,-0.0722230494439878,-0.0338391215695311,-0.119123948428026,-0.10762479126021,-0.0345900010205058,-0.024899198452687,0.00229266099262618,2.54665652703276,0.0510377199137371,-0.0491980063244556,-0.077760772148626,2.81980478319915,-0.087818103205305,-0.23786793877951,-0.0142174088593078,0.0553098820883407,-0.204250898711972,-0.318962215731258,-0.106172205832276,1.19755421375537,2.5187123677955,0.00660336545465375,1.35213775280711,0.0363486076840633,1.31676013165481,0.0645189642222674,0.964223209109148,-0.204278987909337,0.0349884076683554,-0.0019485117524968,0.0129141540735836,-0.00760604888777186,-0.153744367182273,-0.111991983389416,-0.104069044070016,2.41511956338881,0.0855500749573531,1.12515038311223,-0.262074249771146,-0.0157938795253937,0.00831053512795684,-0.0883484435912175,0.407502174087914,-0.179466306290536,-0.149000655863395,0.0616419871147683,0.0565560406022927,0.993415805781466,-0.0769791724778569,-0.142677471688326,-0.118414692344299,0.0330453594384594,-0.0172481599909988,1.18350620973384,0.0634093360040908,-0.0519356290114178,-0.0108750114607332,1.05814561645775,-0.127166533850525,0.0021835376878559,3.28927075309724,3.36812075161423,-0.0368310581150076,0.00762048232893656,-0.0274373012144923,1.12656697887973,0.010842364370899,-0.100347557637605,0.119688859918797,-0.119346345478794,0.0152259808825162,-0.0911538096801431,-0.188560492147796,-0.00216104714378753,-0.0433669543234182,0.0406535164302364,-0.0855692668294464,-0.0406898303911576,0.0609428202081021,0.00865342645455109,-0.0239580291195236,-0.114441635008042,-0.0532597875880994,0.0121749214913386,2.3817461514847,1.0402026278119,-0.0483571550727312,-0.0565785662063851,"HC"
"HD-32-2",0.252282788597592,-0.245159535656432,0.49544248681351,-0.0493224116464722,-0.0404709889999578,1.69191381005103,3.28544613916617,2.49574091305764,0.312699824052329,0.427803915933822,0.318647914372196,0.305974530290204,1.2420673990506,0.2517730893979,0.267563427196697,0.39103366826379,0.208508342073814,0.229028308562797,0.289756197868703,0.452474308201413,0.159254918043335,-0.137200559226512,0.345404811673027,1.4410433173861,1.2624268722854,0.267819499601302,1.51428759792996,0.912039270085372,0.330537975743846,0.294636525640969,-0.051944043031278,1.54609117778327,0.213648642508064,3.41259655749303,0.214688467873233,1.4905329700075,0.212597215003419,-0.254850340064971,1.58476561952908,0.252422613116033,1.93424453616714,1.43120216547098,0.102609493745435,0.362190199900143,1.37149484927579,2.45509638152801,1.66507086100696,0.391966518534843,0.233576600288286,0.349906507743318,0.34706715633641,0.260046295701273,0.334134885174325,0.158684530331336,3.27968160184306,3.13271676301216,1.50422919608852,0.160383239178643,0.877232892877372,-0.0124164867861874,0.198966929954844,0.391631851299021,0.0685174783176062,2.49181546265361,0.129780029449442,0.225555872942534,2.41419699565852,1.51757367034491,1.33981124641538,-0.0156245081585336,0.310209615566697,2.87475554619293,0.406497314082555,0.332143925103221,0.474803884064175,1.19059159859397,0.235760075390457,0.2207408731188,0.431489309185977,0.248480300338952,0.260217471596939,0.336115426045437,0.217345522222452,0.222066620878468,0.229964165855606,1.59921851615846,0.91559983842189,0.192117410011865,0.279742909089784,0.281541995422552,0.261696602939333,3.38403749944295,0.359737256716799,0.258715200067738,0.17436225179968,0.284025994938366,0.20255109433823,0.0399670100131126,0.264811731998188,0.310146874496837,2.2773214639274,0.864866665599486,0.16466111530923,0.211837735669028,2.81521709544596,0.316978382754682,0.325659769524718,2.56452086373315,0.369185852195853,0.38024256298734,1.19894838176919,0.0731987422263607,0.369010766904367,1.43585694012046,0.34050034423102,0.301844315044573,0.140272093970375,0.168777105984763,3.5012060727668,0.227547173501872,1.54905019755166,0.243222356178698,0.0222328637401901,0.279878976359217,0.250252800407559,0.196535794818989,-0.00834310531016289,0.0767306639074727,0.12921739819002,0.307044026281896,1.80315408756907,0.124811501925671,0.0539660204538261,0.159836755011915,0.19689082680881,0.294473237602196,0.267136694906222,0.127014293955134,0.383918599288954,0.222166815389447,0.261723412175898,0.162760550446864,0.142227305379633,0.260632931427837,0.254677513745128,0.308733053180464,1.37582964883422,0.297991103163248,0.275268898651768,2.53343364433007,0.257371715310679,3.33418611638844,1.70722457363255,3.31919006910848,0.301752710005735,0.207909362107796,2.60505025354362,0.279435452474033,0.213648804439449,1.7605502847415,0.20338559819746,0.273802019519189,0.330941051180029,0.287551881504051,0.226634858546165,1.27896587699271,2.5145276298817,0.276379206043106,2.6528954532056,1.2792169412814,0.220828675718023,0.217272564781476,"HC"
"HD-33-1",1.80019244286654,1.0565911083035,-0.248562626779958,-0.460867201761631,0.226499883728668,-0.397307720175015,-0.437661013776043,-0.485200728826556,0.938901731492593,2.04204490929778,-0.384792739077667,1.87643042576996,1.09994416346509,2.95878304666173,-0.347535059800561,-0.299051484163319,-0.3516678668919,1.87526042098637,-0.387340960437053,-0.269346029418626,1.91809093433744,-0.142335435114711,1.90238733550351,0.862128180930741,-0.337216998629308,2.71006829879695,4.65684169462761,1.51044778065373,-0.337893041795614,2.61348503277161,2.03888610184699,-0.355776989351182,2.1775655911659,-0.394160855638348,1.99451362227963,1.87975193892005,-0.416677004813062,2.73441376154862,-0.33065890382663,-0.421087444628519,1.85074914518752,-0.453613794011135,0.622941576911664,-0.335526042348249,2.15625941427229,1.92104204331104,2.60685333010505,-0.328866086526882,-0.371223935835305,2.76048117304153,0.961997288730216,2.72036729495403,-0.301949938524005,-0.460441494769038,-0.30718493374021,-0.332048044566814,1.44489645389904,1.58174556828015,2.08015209723646,2.21127005104281,-0.438852002848472,-0.318569226958163,-0.5531895242146,2.12937075084608,-0.444986266264271,-0.422388954888809,2.29396732903325,-0.288640463287673,-0.532272898910538,-0.458356253042631,2.86539388599706,0.810739570966515,1.11790874109343,-0.38207070595822,1.19869098990268,1.89971545842155,-0.334753423543888,2.43075263930321,-0.278527941297979,0.809150877542106,-0.383764467632503,2.76075969264744,1.72008328623235,1.97948462000112,1.51420405833824,0.867725005027854,-0.347310686549117,2.33417288813548,2.76899492572189,0.939033266950812,4.41174470303938,0.649526605435581,1.02207396284333,-0.410340613743234,2.20482315771882,2.36395645419532,1.69386058646188,0.49857219086976,1.76419052755603,-0.243581149522521,2.16049169266153,1.02368609292012,-0.423824874644242,0.792933606646906,-0.389926632778458,1.78311724401352,-0.346464241481814,3.30409537713435,2.66846512566739,-0.305784229387511,1.4969869163845,-0.529724694301706,-0.356776879582847,-0.319026499409897,2.76949916906119,0.965791973921034,2.19132322103583,1.49399753959018,1.43080480496263,-0.43174083528796,-0.237194336120011,1.88736793228294,2.42879612497114,0.914266016539951,3.64552112072838,1.61654486093479,-0.280633014786255,2.83949873981575,-0.475314667039165,1.89332599925206,3.71250907486433,2.80448799978792,1.28208321683004,2.10455722408313,1.61706470094795,4.1483326624861,2.70793937770081,2.68913228787531,1.05306551519637,3.61718948154447,0.846602624748131,1.83069513520789,0.635816431516053,-0.300944376293783,4.50022567867682,0.85778813373877,0.798681306947454,-0.332946927411684,1.88253803565454,-0.326028692080294,3.51364626220016,2.87521731994921,-0.230409012350992,-0.435666943874813,-0.320833038031213,1.68316819165787,2.50929368773419,-0.332437540651673,-0.34481339877737,1.05787938636921,-0.42447617700998,-0.409548340941431,-0.255730395189723,-0.31845860762092,2.83393288184681,-0.421728583542264,-0.365776198335506,-0.297702739594433,2.02955008001639,1.6676537083279,-0.364077529495867,0.804839549643099,"HC"
"HD-35-2",-0.254777037505618,-0.489059819765273,-0.0989679224829394,1.78796190343996,-0.256523703003072,-0.256694475711537,-0.321253205110285,-0.36472157218297,-0.216500604558399,-0.183934357126155,1.15468884961608,-0.242558413617818,1.66900514907437,-0.313684928813091,-0.223859194413749,-0.160298292241731,-0.239035046494083,-0.222447366372412,-0.251199222529015,-0.124211946347213,-0.314186503377766,-0.141650393541868,-0.213815583358387,-0.172027817579922,-0.229554354232247,1.00563440879415,-0.180482264188397,-0.201535173518553,1.11198788433136,-0.178285726567004,-0.513742658446654,-0.227773400620388,-0.261868279559452,-0.279903945440086,-0.359912893043825,-0.289309341746807,-0.290150870630337,-0.521917188397329,-0.201742916289008,-0.28566695344033,-0.416487748311984,-0.326757889338053,-0.332847442959694,2.50479961218903,-0.306950455136962,0.755223291269633,-0.218843754417354,1.24867783076082,1.85645793699794,-0.241568681025703,-0.150472207867864,-0.283240661481821,-0.174054418223918,-0.335955825308869,-0.197179172881525,2.3697963265808,1.66852624027767,-0.279916829030477,-0.511595545003047,-0.452569321963541,1.72501357586508,-0.175771390824825,-0.436175850161139,-0.167699433500553,-0.329419864264844,-0.292108781877576,-0.353455409803754,-0.167074786382966,-0.406273897955192,-0.369337611572613,3.24295946404771,-0.287303248084035,-0.169104970529418,1.17750689038757,-0.149212955171336,1.61737292271267,0.913816762730256,-0.262873983387152,-0.135767066821036,-0.205157711224703,-0.254281099828308,-0.203128036890639,-0.199251253990799,-0.302759106409252,0.980277915533767,-0.259825681152678,-0.262311588170107,2.07122355207721,-0.265932486122052,-0.250433544518157,-0.188623245821058,-0.263638522374176,-0.176158719583005,-0.275815722991028,-0.263318074726476,-0.21359130329051,-0.301523794197363,-0.442348683348032,2.71251465096073,0.968253983890555,-0.405065000210298,-0.418763011855687,1.3883367187929,-0.303820874887107,-0.260386017869312,1.11851038771529,-0.211322438232914,0.976183848475592,-0.12651940099534,-0.167847038808989,-0.222176733806732,1.84870585176101,-0.210845102535945,-0.200915590385876,-0.228182469532806,1.1009884368756,-0.37013436834361,1.73459342211235,-0.312573027755345,-0.29917992553142,-0.11697269583396,-0.218141323022396,-0.471318372980126,1.04344319312914,0.875059753819092,-0.298017318724156,0.841121231370793,-0.368021948588058,-0.353763357936963,0.94078571782061,-0.185142521952899,2.12921435935107,-0.173352111392483,-0.36532165157661,-0.35047299747538,-0.159360122342005,-0.226549499243349,-0.425669125126879,-0.172478816593001,0.930026242145068,-0.211501782411109,-0.305642919837245,-0.325434797318973,0.928068933678763,2.00631851642733,3.09671922003353,1.96150609150099,-0.20608625617554,-0.25022276936078,0.931881286120198,-0.170598111196448,-0.281478778662741,1.18904107774758,0.846835286093787,-0.195651733258637,-0.311258084919683,-0.391414842091991,-0.209410214895973,-0.232525207977508,-0.197350057068584,1.81765395112962,-0.27214929188031,-0.13777026301362,-0.196610036602811,0.873781724382308,-0.307264816786517,-0.249364467483384,-0.182273937653657,1.01124331006486,0.864293063543011,-0.246472328655438,-0.258127303716499,"HC"
"HD-36",1.54572207851537,1.03435801081451,0.533038694874518,-0.0285261519529636,1.04810478397108,0.337367335544685,0.170545657253083,2.52601978864666,0.346171528297168,0.466496104080496,0.354194311409605,0.340669007985987,2.41863364928504,0.287538070915616,0.298645701058322,3.1689048828891,0.236815272924556,0.257583954870253,0.323971400393614,0.488949470938873,0.189199888565491,-0.13679477912076,0.38077526615151,0.319740572775689,0.225298001811441,1.53297724798993,1.54502309501448,0.932234498257538,3.94053086484061,0.324548658929037,-0.0227354750857961,0.313015228920567,0.243724887572027,2.46154266883041,0.251031761966499,0.253301687466507,0.244395819694972,-0.237958474379137,0.342900409086891,0.286456551592397,1.09163796480512,0.209182012953426,0.130151961605892,0.397447329900788,0.204748209453146,0.148565501215081,0.355495242736724,0.428391768982602,2.66814281864369,3.33003829538724,1.61622106838686,0.294408966945956,0.366277644597966,0.189970324515236,3.52961374413752,0.328933912783159,0.184951574793419,0.188232033067125,-0.0813385242502391,0.0154229946750364,0.231197317709965,0.427519867410014,0.100439118799881,3.62717946920639,1.3011352697584,0.25829794435321,0.139029143734325,0.346515000156467,0.126045763749634,0.00674769667145381,1.52533562142568,1.59179504944373,0.442903916178034,0.368234754828706,0.514272686350505,1.22030863422874,1.39844825252843,0.251329309125671,0.467368036076917,0.277172713527529,2.8525046486682,0.370222347981872,0.24369509287448,1.56082426068298,0.263144308073135,0.306931204327686,0.0967919836936355,0.22502908980263,0.314256648033973,0.315189224290329,0.290179143727991,0.170595525176289,3.05983468120094,0.29252405584154,2.37960277359003,0.315500079487314,0.234433618754535,0.0704732744982092,0.295449118716581,0.338127964438126,0.0985612992283585,-0.168470302040213,0.194398601403115,0.244452925624839,0.286896228677262,0.351057545251933,0.359623668023408,0.327497211416441,0.400539000701369,0.414908999481282,1.22472119483534,0.103665784119503,0.405686406448906,0.298078517969,1.79113132889403,0.335821950644974,0.17255508776173,0.199605538969554,3.6246564781434,0.260862440692527,1.57926435401441,0.272403414591799,0.0534497716110694,0.3123438422153,0.276818049908445,0.227816070976985,0.00541630024033059,0.104861079346937,0.159765727614959,0.333989158795103,0.421018856810289,2.41426155162711,0.0683437965614889,0.193052803066075,0.231511358180763,1.45213919457295,0.298362138777666,0.16197128745777,0.419110501525088,0.252263251065543,0.291654706441845,0.192386872681257,0.171806736426461,0.289010662867722,1.37868810269831,0.336831041331085,0.2579490147788,0.329873783856832,0.308506025350643,0.277797421460731,0.28444062660421,0.172784372565431,0.450960120673759,0.179964023801798,0.333213331567826,0.240746484492723,0.117328243304713,0.310354735065177,0.24186912282534,0.399544573736948,0.23511282896909,0.308333210046012,1.52655860594893,0.318174918926785,0.254149945983626,0.176320871471964,3.69445093464745,1.44633976288858,0.340782445824253,0.273291197937649,0.250385267447852,4.97778255688731,"HC"
"HD-37-2",-0.0317540721092229,0.175133649946987,3.55868316709952,-0.233502677160649,-0.161496026822892,-0.0109482827497878,-0.117810236990265,1.03670773589295,0.0162605861374354,0.0851299163202261,0.00383434015684705,-0.00129409435959884,0.933136492649577,2.80642470128503,-0.0077140283162787,0.0821971341751237,3.29775301516312,1.88975950824099,-0.0132677679085175,0.129435201329998,-0.105950109344587,-0.14008899687779,1.42327266981552,2.33251573417773,3.62937402823366,-0.0100067872235382,0.033251426982341,-0.061098184671369,0.0313924021748755,0.0297223183612008,0.775330407181017,2.38249645731013,1.13018246504619,-0.0802200478959181,-0.107182755818465,1.20466276142282,-0.0690243622120093,0.584048523903291,0.0235602780875747,-0.048996003378029,2.58018364755126,-0.105055049416529,2.69901362021642,0.0499384940411114,1.1019105686338,1.03962584872399,0.0187436806706273,1.50197788992718,2.93382270456262,1.48994378200454,0.0683633194091313,-0.0442837139687213,1.31364300192317,-0.118395385217613,1.08242222556303,2.59187162100587,-0.154294814320624,-0.0862571821385444,1.1139797418805,-0.258974433401217,1.18114540430444,0.0737927574661041,-0.214193754679184,0.0280671939086192,1.0148636392296,-0.0644214352263227,2.32848888107075,0.0453824569453182,1.03769747889927,-0.213761994728315,0.0433702062818883,-0.054544414237947,0.0840654085748604,1.43196426692176,0.125251868857641,-0.241368475043309,-0.0195640843048794,1.15288303778121,4.16936886130081,1.12284367520953,-0.0279863093825715,0.0340504378839343,-0.0160171588748715,-0.0719220651165993,2.97623807660889,-0.0253747464138419,-0.113760824609201,2.12492476623521,1.33150349347442,-0.0164517610514896,4.49032720314122,1.94788646596372,0.0595474113816052,-0.0407099910445805,-0.0708106835026679,0.00527850214533246,1.17412889313925,0.918605674524807,1.19844560490585,2.26333244214896,1.9079994600124,1.99587865075436,2.01870421714883,-0.0770158579283882,-0.0339911781135373,2.69583240477337,0.0248614560021634,3.44232383657046,0.0915094189545359,0.0732222828033008,3.29342179987405,-0.196629964858921,0.0441961546248332,2.34042806031434,0.021944479924538,0.000924340075387073,1.0885311197656,2.74918610475015,-0.0962594825517315,-0.0675065932466817,0.0931356088612533,1.1324765485214,0.959519574524078,3.82289515275754,0.014979978340896,3.25728813622474,1.49327395539664,1.91447549232438,-0.141331224851922,0.0684068033516995,0.0656089122059458,2.09118840955076,-0.0733695033394241,-0.134338286082406,-0.109722898654242,1.16921313618756,1.21869083243485,-0.182579279109378,3.70497837153538,-0.0443796499626788,-0.00336049263835071,-0.0996223960904847,-0.119740353432719,0.0093080206837074,0.00784688042813762,1.16498211055311,-0.0295090322935943,3.63743931372213,-0.0190928236265191,-0.00848161366228378,1.08226101538878,0.96924492375949,0.127917288324177,2.4876345094344,0.023124450985135,-0.0829097567486926,1.0093085791865,1.22165972957813,1.07362571407214,0.04956799142471,-0.0776038621029589,-0.0320204665184234,0.0683856614453506,0.0163416135762774,3.77838353517983,-0.107219401295149,-0.045914644657991,0.0194580452993876,0.0473355353084468,3.06066756360862,1.12152674962068,1.13358077272936,"HC"
"HD-38-2",1.17992068923624,2.40461744531218,0.104221142528423,1.01226599689583,-0.182669765950692,-0.0657046020725346,1.92839891408629,2.41529391976854,-0.0356024597558931,0.0251779427103181,3.01104857272643,1.3094852056053,-0.273346561934947,2.75710222477309,-0.055874748904721,1.3996649895987,-0.0860499687550223,-0.0681181035756104,2.30795983164897,3.50053803344217,2.73589698614637,-0.140482906382718,3.4120847568928,-0.0139251067945457,-0.0833200864184762,3.00865487087379,1.19445793672666,-0.0923898702652154,-0.0209441262817717,1.15982162337382,0.713950473683099,-0.0539107653450751,3.10757887966367,2.01943345738657,1.26588986996718,-0.114860808040472,2.38298905828823,0.798801380951856,-0.0266410027828958,-0.101730208371594,1.25209398094054,2.19286386948274,1.96959985534439,-0.00469099652548693,-0.142440194690067,2.34054208271307,2.65278127795223,3.67203524056788,2.62215599781853,-0.0393829711125175,1.25728789861545,2.60544673406756,2.52801677246129,3.25218314257752,-0.0477623349006686,2.63457965568516,-0.207625422067646,3.5258884949254,2.16680913505661,-0.302110578908149,2.53107798154517,3.41747610213247,1.58952877950141,2.63730947007281,3.48374294489088,2.23310077352055,0.95710969837107,2.92104347255933,1.63861782803703,0.598536490315894,3.71487892072718,1.21002492708635,1.459529850704,2.55704651483278,0.0640965631893274,0.823906178817626,2.64890294469401,2.43143072933596,0.0581398548276079,3.29733062333175,2.63450570322494,2.66520980573475,3.775773434368,-0.123356378674851,-0.115304160696312,2.97970153395949,-0.146860393506482,2.35435899330928,2.4862438159106,1.25476181615685,-0.0346890824978185,1.90786191343743,0.00702818405243938,2.7325226846657,2.95415497508425,2.30877131681597,-0.129214386933657,-0.277477286007679,1.15097421887166,2.2199768800552,0.86820594214895,1.22870675006471,2.50379490517588,-0.127551769727973,1.19600284040988,-0.0376450341243381,3.08784792893418,1.13186228218476,4.03655773238645,0.0195080478276375,2.70134663004622,-0.243837408506861,-0.0126312588511068,-0.0404898234109458,-0.0337879444546329,3.53428782640184,-0.195660620523335,-0.152019634339315,2.4146663382201,3.09198117452543,2.42297107977025,-0.0604320145363269,2.42697208059903,3.9423047163581,2.06344559269658,2.33154948134969,0.930795635679429,-0.215990850072663,2.59618008784264,0.0266564152055556,0.0097373422989409,-0.174255411963855,1.25212613446988,1.85629510171404,1.19826266244936,1.12473626296111,2.69165176363179,2.74846784983252,0.0177161546585936,1.09268271577868,2.30466326956746,-0.145527178782591,1.82919891178062,-0.0346621212979507,-0.0353369725382954,0.0163489734305869,1.07234685545086,-0.0337760043098839,2.54384606992201,-0.0534855854605193,-0.0243039219611334,-0.135433939206635,1.36617327191254,2.67780342998017,-0.0256225039942849,2.44918451466663,2.36585892081915,-0.04230665726256,3.24971488792886,-0.00544943670676551,1.12107097327883,-0.0855251433626425,0.0224507092334537,1.17329932620575,3.10241458342422,-0.151792830969424,2.16656238512002,2.25641069780208,1.17214734484111,-0.0260417862749266,2.23819346980269,-0.0956199632058103,"HC"
"HD-44-2",3.64297373314124,2.2981153119159,3.48509072651975,1.36811293541913,1.72643463033796,-0.0324368980922545,2.00268938086718,-0.172574922515656,-0.0040925905821462,0.0616023141026378,3.07562410553757,3.58175677626652,0.90682576665437,2.24980070721941,-0.0266142614243633,0.0609927733759685,-0.0594021565822734,1.84958219940345,-0.0340730444606733,3.81535435374676,2.72637027426802,-0.140247027364613,1.40176491791299,3.85378738476995,3.0202230642277,-0.0290820201544693,4.84957859803064,0.720901852941675,0.0108534115656559,1.18798055426423,2.01761747525169,2.70991459109042,1.11189396899679,1.03168655642594,-0.129282063396052,2.498775541976,2.41292389119693,1.5150622270371,0.00385924581097737,-0.0696910584970207,2.41712577543709,2.27875117531204,2.00842980722902,3.04208594865414,-0.113784860551191,2.36184141637541,1.34170983581487,1.47982874705726,-0.0556759788590949,-0.00416511260368497,0.0492278348986896,3.29436205554118,0.0299202477493748,2.32887062440024,2.52697470085477,-0.00377634365285109,-0.175223922230527,-0.103191229454854,1.97499973334113,1.67927683751539,-0.106077064425303,1.46344925004958,-0.23360438238917,2.96227235192492,2.84530407944366,2.77867164016982,2.29776518701275,0.0268047043316191,2.42182258554814,-0.227365886396955,0.0250493197112689,2.67521074935148,4.28812264388862,-0.00943716115609641,3.94265855797232,-0.259438546212471,-0.037094347098742,1.13428309321101,4.08199784554107,3.67278476451374,-0.0477740491122748,1.35473936547518,-0.0320395718372744,2.62967744417391,2.23373300963489,2.94425279032123,-0.126750446863435,2.4318211410805,3.07913683659086,1.28643692214871,1.11234498326487,0.91623173763557,1.3720378371093,3.02346671041069,2.089913450541,2.39293532418124,2.40868465454056,2.24092726249977,-0.0251553293029195,0.0453202919670671,2.98436457647865,3.1240061723729,2.17622575339901,3.00733767335487,-0.0537876663862469,2.67510985023332,0.0042089901709012,1.15897923844044,3.77181107699387,1.41557674451353,-0.0586250963424201,2.16596630597671,0.0218947573761747,2.72882233704577,7.28011046549177e-05,2.65295055793618,1.06059101658698,2.67879626911707,2.61158639286946,2.06162261933536,1.26308879230118,1.11473238962223,2.41488794134012,2.52630805949271,-0.00117358270088873,3.20636806164348,1.48490725824023,1.8667093967011,2.35440239395388,3.92441076069479,0.0436826269997956,-0.147199719914352,0.918588151114325,-0.15453600565557,3.15357859669706,0.0227974071123421,2.95239069365858,1.17102613702417,3.35414149025321,1.12101514677211,1.15563969504194,2.00068839893687,1.89748753012667,1.10815111689244,-0.00910022662503506,0.0428000893999456,1.09980203895249,-0.00376202324052524,-0.0393033605148239,1.11619757734548,0.00117843314382096,-0.109995017266392,0.107987825506827,1.03475497717862,0.00399415556674281,3.09185691875256,-0.199364974889836,-0.0131996078495223,4.66873649714345,0.0279769063249079,1.15093861561776,-0.0530178862491155,2.38230243379763,-0.00227937111563578,2.13056056452389,1.00670025564657,-0.0637047675954065,4.48267415808808,1.20017452605329,-0.00133621840732416,4.64493959346353,1.1152967785886,"HC"
"HD-47-1",0.128575705153949,1.25914499024569,0.350424533670372,-0.129538773064974,-0.0931812408154278,1.55560253491108,0.0284436060005946,-0.00279416055584197,0.183591111016104,0.278558494199921,0.181536593687475,0.17214927502377,1.12454017700856,0.113818633845231,0.14767134320959,0.256525538586958,1.21263562993371,0.118882057337967,3.49942051785797,0.311780506524203,0.04374969674524,-0.138604308995725,0.208972145328307,0.177647326209706,0.0938714009034502,0.146817318540883,2.60456303228308,0.0398610645313328,0.20025056748561,1.35570490606717,-0.164608775890084,0.156757906196207,0.0976370625547748,0.0633314234038874,0.0745033164522004,0.0965177943259386,0.0899420643112736,-0.320006479815938,0.185529297317814,1.45970313807456,-0.0953856032153929,0.0543256981224046,-0.00362867546447244,0.226194654336087,2.80487405294656,0.00171914168865029,0.189543761642027,4.48048091558139,0.115691744114522,0.205604658602135,1.46336753110149,0.127500900688222,0.210152243828459,2.90079364213335,1.22063258671595,0.174501387698579,0.0177706406231602,0.0529634940634082,-0.205658464562716,1.55150040215904,0.074646284274938,0.253202820628161,1.20086879010439,3.57697143953519,0.017749305174586,1.38701020149101,-0.00327103347962235,0.198116604481342,-0.0277645063408078,-0.101919683099585,0.193992568989354,0.112784416316572,0.26606796790449,0.192932591727867,0.322562867861417,-0.0928081527414674,1.25841716650492,3.06076468157829,0.293096109354065,0.137806505136149,3.19117922713696,0.204556519912948,3.22470173232785,0.0940252011156274,0.1019800802909,0.143170524603458,-0.00696863488263963,0.065168850997137,0.146614808274976,0.151756240129781,0.151832337937209,0.0451264490908703,1.56209614973688,0.128306009479288,1.15636035623085,0.162622599390191,0.079572244333215,-0.0777032621189593,0.146635688702839,0.202216830503672,-0.0469582122870091,-0.240790736673593,2.23140494663422,1.36879121840558,0.128762617967769,0.185526551703889,1.53045577741588,1.32049722818794,0.24824893713548,0.246525469631559,2.11318330964191,-0.0443202385841716,0.227543676171893,0.153897447644062,1.61642117341474,1.50712761697507,0.0157485336857985,0.0498641495820349,0.0592469356319428,0.0990418772079313,1.43250665893027,1.27835743301601,-0.0981785372061081,1.43150003604464,2.2374113953924,0.0758799665815926,-0.0614165649037935,-0.0317753657825253,0.0113848710915053,0.203109928516115,1.66406648941986,0.0139533589878241,-0.00149264863592474,2.62553655857208,0.0633508009599394,0.183751783371467,1.37479193425985,-0.00782355026481217,0.24817465348416,0.106077355208568,0.146270943609615,2.378896365919,0.0281320610244075,0.15117294222955,0.147174925256403,1.30544854963524,2.41037983135913,0.175011650357853,0.147065009727353,0.136718848302689,1.21758293092403,0.041528018519125,0.291764314256334,0.0361273520116441,0.180401244556349,0.0812483896063275,-0.0296697299072937,0.160172066476474,1.21470370201133,0.227075790439115,2.57667553551923,0.14060660359658,1.38256159285879,2.5782449170476,0.120502302457995,0.0365919629347583,0.100344126136524,0.164481872044009,1.36711413111043,3.24232721796844,1.26928498659607,0.101289542317779,"HC"
"HD-48-1",2.91299880859506,2.18306961546392,5.09317914322224,0.0401491023895884,0.0183208329146255,0.454066863227743,1.41778419035411,0.244267481565222,1.77314995241786,2.11603618317134,3.26766487697006,3.18431415851266,0.174799025073508,0.405644366878628,0.40128834422829,3.28406069216976,0.330292932103777,1.47497912750673,0.436959878630094,0.609400990351419,0.288086827716891,-0.135318805539129,1.88870193229761,1.56690182659616,0.314650749471782,2.87035795285609,1.64652058113616,0.204644800326094,1.80432125218119,0.423327160051856,2.10647696621698,4.16045477827953,0.343045333165494,0.297633361130501,0.371047813039452,3.21633661173892,0.349403994102944,-0.182176656427661,0.449892000909137,0.398846443601318,2.32739943501597,1.56836550994665,1.30435292539417,0.513876553514421,3.29295883721392,0.248401650190679,0.468320353571775,1.98128689801299,0.365062700845329,0.510857524375761,1.72014130562722,0.407884429476166,0.472422317304654,0.293285050555059,1.44621686766276,1.68439778084053,0.298612551500854,3.56608363029464,2.32801254548496,1.96521745014704,0.337631364469513,4.10774528977176,0.205853592914953,0.398508118038735,1.39704760419621,2.94191904975221,2.54023879283962,0.447406328931248,1.47604806106083,0.0806271769023386,3.99482495847368,0.385895300388055,0.563129028554101,0.487417095661131,2.19692167477766,0.149669134808707,3.76136867552132,0.352341157105662,1.99696356499954,2.62887382100712,0.400221768817222,3.16570997613879,0.330708983497752,0.364881122595156,0.372714718305279,1.74426886524557,0.167335513729997,1.62813233842984,0.428230979727976,0.426302089510794,0.384236717628824,3.30374032129249,4.50486751641696,1.73387605215906,1.38224163832301,0.419436594680556,0.339718920325215,2.66123161335298,0.39662261608034,0.430529602849064,1.37579509339457,0.990955610362935,2.77436613919886,1.63491610685728,0.394406219171788,0.463596780036058,3.14338874169436,1.55553504589161,5.03752303331931,0.529387582575392,2.32347756246122,3.23186262964841,0.526799958165223,0.396102621956622,0.49524914647104,0.44802591430019,0.279162854842659,0.301409926268755,0.313061506666682,0.370879072602674,4.05569130172436,0.368767695382606,1.38430085925451,0.419552203368701,0.364544174367075,0.331112574901989,0.592012510151407,1.3041276479106,0.260645132080827,1.48272429490166,0.540095264788437,0.248460165570837,1.60306587965575,3.80496246940625,1.70746701726485,0.417969441757016,4.98387759604975,0.277409373691748,3.30352579692356,2.71904151211483,0.390496482646333,1.45542750859569,0.269486558682306,0.382722126035522,0.374583467902026,2.63981160338824,1.501304049707,0.435159601500154,0.418264614794193,2.65839341073888,3.56769826476949,0.262021374822919,4.42631028664424,0.277753982227103,0.437105388091054,1.64067117344075,0.21726746958199,1.62851734860113,0.335060762636608,3.30982701141459,1.58772019658459,3.13859494058878,3.95640109837584,0.419301030772992,1.42718361716639,2.53414227414002,3.79106483513064,0.401186959878533,2.78098397137345,4.48863368846621,1.51045312597444,1.5292476907191,"HC"
"HD-49-1",1.14805205906695,0.123948777090257,0.0668625419699049,-0.28639046430586,-0.196248644980718,-0.100820243751393,-0.192211464844814,-0.231166613824101,-0.0688626233039319,-0.0132697113552385,2.97722195226072,1.27500999651718,0.82499092523697,2.6048256885964,-0.0867605832357215,-0.00648598739574609,-0.114178000203677,-0.0964932786028427,-0.100281797110737,0.0366737782964247,-0.182104343345594,-0.140720737496278,-0.0578025385173362,-0.0429940727800856,-0.110206905347011,-0.0897852449204983,-0.0449132262565048,-0.112457464881348,-0.0545079377784011,-0.0463484059763912,-0.384908644640175,-0.0858773711412077,2.77398820426013,2.37337092498435,-0.199608818509034,-0.146935137869126,-0.149892646279736,0.96809616268492,-0.0588354638546197,-0.135549052838804,1.90057705577742,1.06776753131486,1.89651514431872,-0.0397253019638557,1.8612160584149,-0.226302857846899,-0.068144536979289,-0.0232650336069342,-0.114815333688193,1.3948035219992,-0.011667128819475,1.2198142288689,-0.0322781860205547,0.969599937892787,2.47526203967206,-0.0653003566325107,2.39405047110044,-0.157080546778697,-0.398701597968338,1.25318507400565,-0.168445064998764,-0.0174754698553091,0.881797862212078,-0.043526715611972,-0.201310849919901,1.14005957906255,-0.224233752931634,-0.0323153859257519,-0.266600017471163,0.566894270989333,-0.0332533442424167,-0.139666761754646,3.54867640731581,-0.0792753804824404,0.0248772031744888,-0.31694303885437,2.17483675635803,-0.127953606798181,0.0224878809824925,3.66333594745372,-0.110744688410526,-0.0526882186887698,4.13297778991384,-0.156341592934115,2.44146227264509,2.30825009505823,-0.168087397357302,-0.183061009220111,-0.113698267452182,-0.102021354074968,-0.06299161403207,1.84957948185556,-0.0266527936127709,2.5961469440608,-0.141212656156153,-0.0747644819655933,3.33471154710521,-0.307790751333268,-0.0844407641211357,-0.00882502725040378,-0.272919891515426,0.201240511096637,-0.174332916462052,1.12279757435104,2.75160050693781,-0.0715088167972548,-0.0615134720326588,-0.0296754214350594,0.0117739920589752,-0.0149392972786193,-0.10849724905438,-0.27411189912671,-0.0490751088731303,-0.0699859094693892,1.34513246649665,-0.0854855233238512,-0.227739586251133,-0.182653232064269,1.04805337524769,-0.152231961453918,1.20462233692027,-0.0894286490735092,0.840836052448475,-0.0902059639989097,-0.0525791540112131,-0.160045353171702,-0.165194170245852,0.862428332555662,-0.219019884643617,-0.000118424451746902,-0.0260935180137129,-0.20281397999566,-0.109934192067613,-0.21881132619557,-0.19776773561232,-0.03274828027681,-0.0888193895592224,1.1033819681925,-0.0172533352538029,3.3685697286051,-0.079479946013532,-0.174966263080033,-0.194964969596238,-0.0628605058770102,-0.063031104025519,1.09352501016966,2.19041180917502,-0.0654571869130135,-0.103619469671315,-0.0823469729193141,-0.0512017581186522,-0.162285929595815,0.0445661800019968,-0.187221225466892,-0.0568842948736224,2.73840609438047,2.38838516416116,2.35908589878257,-0.108050194504109,1.35578068119257,2.75148389533145,-0.119838097254384,1.15896403853166,2.34727669095885,0.995146084368107,-0.18037810850812,-0.120318379350222,3.36853535865572,-0.0283792702091804,-0.0521196866080611,2.208823675314,-0.125498770028528,"HC"
"HD-50-1",0.273503809330447,0.757075618040172,1.99898153165777,0.782356899872991,-0.0314289413219033,0.325411527111237,0.16064794480161,1.3249049564,1.6512926456456,1.97517314834672,0.342168331295492,0.328931247379763,0.0638727334726484,0.275438139773206,0.288130013435512,0.414107527327901,1.34055271486695,0.24792307041332,0.31239578712593,4.87682323303877,1.3568074026906,-0.136934106493874,0.368808810543125,0.309843473589503,3.40870394075907,3.98993955326043,0.325794814355447,1.81857972194958,0.352887801759588,1.49087579105349,-0.0326172545782291,0.302131571470671,2.59935250041463,1.32246041303577,1.66812126085202,1.51189096420652,0.233637784576115,2.52111122816013,1.6062036079916,3.66408743863494,2.33021957062292,1.45229757398261,0.120833853488354,0.385519213984522,0.194450002947407,1.3273808101484,0.343936366377862,0.416068457084776,2.65780318418448,0.374660405799672,1.60557449188847,1.63427046792972,0.355403175794971,1.40985893143401,3.51242304917207,3.19457667214801,1.52700353438737,0.17881028939075,0.900052707231876,0.00600440155889998,0.220293202679548,0.41537831147028,2.26280733676741,0.296018549650419,2.43362013932662,0.247220717615852,1.28134978351524,2.73939995489233,1.36076415675927,-0.000821219247399114,0.330145776749038,0.264039227495733,0.43058691335037,0.356024583425856,0.500919686581666,1.21025483104813,2.52255366762636,3.49311484535583,0.455229622846004,0.267465558395353,0.281749812139772,0.358683367968522,0.234780563158765,2.85515643159434,0.2519188741685,0.29552492198002,1.63475261547385,0.213894481525197,0.302580034571021,0.303805766641079,0.280542992171948,1.17780379485478,0.382165102580875,0.281085916927243,0.19267966289288,2.78060908809933,0.223647192096028,2.10664945420279,0.285083944349227,0.328661462647487,1.26672528011304,0.88395097356538,1.35391592965494,0.233418625146682,0.275881883747556,0.339527956751973,0.348133075389961,0.317751869974069,0.38993167135529,0.403180725713776,0.202354695410291,0.0933582404447595,1.83573464396016,0.288035997382977,0.364300355906278,0.32432671050501,1.43132627611062,1.40166082151263,0.199815024475783,2.87017630805286,1.56904236599116,0.262530942064815,0.0428885349016447,0.301360399061225,2.35745794139889,0.21723339564582,1.62423728736789,0.0953440580769382,0.149430682918386,3.50413672463438,1.82701352004335,3.52242184467962,0.0634795384659639,1.48820543208231,0.219798614934779,0.313466671206771,0.287798014187023,0.150144713071915,0.407204453324924,0.242081090084065,2.63592950241573,1.34756972487951,0.161799487332226,0.279409970183727,0.273118775115534,0.327324990791255,0.248082120608879,0.319087304326932,0.297261312579614,0.267970996452278,0.275282731119488,0.16364208617106,0.439871791536304,3.43407715918676,1.55991876805338,0.229637100315468,1.29736063745681,0.299894190296262,0.232321685785091,1.78404496394227,0.224378940920353,0.296650692401387,0.350557143806958,0.30781459918209,0.244841101151543,0.166588453497236,2.53388623225972,0.295574352987343,0.330709986068638,1.29658196954585,1.40284920359211,0.237168580885382,"HC"
"HD-51-1",2.69966866378682,1.79215490702419,0.407111958710368,1.62726558675662,-0.0725768371270111,0.219001067033046,0.0725551870810971,1.23373116592819,4.06942815332977,0.336898434005521,0.235133321161477,0.224461481629573,2.81287681678016,0.167744942199335,0.194537082082632,0.309104680362591,1.2553167167633,2.71276487890359,3.58067690797106,1.80134911285793,0.0889006138017141,-0.138084777813229,1.65342679964003,5.23645601053269,0.134669088980364,0.194116993649178,0.233246074789746,0.0703113557234028,0.251179831960933,1.40080631126215,2.06842816933523,3.5213051968471,3.6916903293552,1.23599536895192,2.90625368999869,2.91010097246957,0.137887884190327,2.09349973856555,3.2100336016933,0.172461470381395,2.24123729081133,3.61397395679543,0.0378997568637002,3.6981086858687,0.102792722023596,2.2650598793809,0.241058726761926,0.306387100442495,0.161772858920391,4.3558834539514,2.74850136512011,1.53079981628995,1.52279464937544,0.0851800237623169,0.174971048929895,2.93119573821768,0.069667254836451,2.28554502937842,0.797547439034293,2.5473995282729,2.65849134651739,0.307314640092108,-0.00648091931715327,0.211249721130641,1.20385308398577,3.5481402097222,2.34536635448811,4.06694537793436,0.0199815616456082,-0.0681869544631769,1.42441823123417,0.163252418559593,0.320961709419557,4.06592093245122,0.382073783627042,1.12077281668331,2.43574475511816,3.22411237978643,0.347193922566014,1.30954405798238,0.183761996034021,0.255982812093252,0.155438441401738,0.144076510126029,3.20693934458153,3.80338709305098,2.28056975394816,0.114792961440767,1.55608300964988,2.84918659153005,0.19477820878903,3.0605068230882,1.61320320053987,3.59168774004407,4.16804929277875,3.17646590941163,1.38158720182766,-0.0317060280776007,1.39780185249266,3.54590310178612,2.9686175878298,2.04267843425804,2.32347182504683,3.89862821005198,0.177850745330348,0.236910988303316,0.245863182433714,4.76267313545163,0.295523099806136,3.95390816308373,0.124749268767095,2.61198370577991,0.282843071368908,0.198654401663077,0.255992986221614,0.222015453277216,2.99766333127851,0.0963471481092003,2.55299116480301,0.149274515257354,2.66638899299182,3.61774392332228,1.17665404643365,2.7572965879642,2.27746638145129,0.12304425259311,-0.0406701835274268,1.11701138599597,2.05286072656666,4.95694783728713,4.55482370622506,0.0572877360884378,0.020186109605412,1.38818741798243,2.83880884748445,0.227032728943969,1.42187354435019,0.0448844767146566,0.301236874993027,1.33515222098263,2.54580232632788,0.0931548954171824,2.39945528043296,1.31005955710331,0.189197618271159,1.34781459342561,4.05470287147366,0.223084239725361,0.197179827828966,3.17528964483515,1.25839733639215,3.84578163612075,0.341182170371459,1.2454508441141,0.22783745470866,1.4222471119148,0.0159616523061179,0.206792047707916,0.147346489529898,0.280613868540345,3.07197187705185,3.94304439526807,1.4272614114912,1.42001135588434,3.40850217347179,0.0799668686726035,0.144457193490533,1.34917340692667,3.75388970450371,4.00715654715569,0.151386849239436,0.146627231543966,"HC"
"HD-53-1",0.180383045925552,0.937366504356133,0.411156662400134,-0.0959449298041059,-0.0711066926008608,3.00257384841039,1.22633047966879,0.0461177022331445,0.237660602484603,0.341061046253778,0.238957500531441,0.228194009168622,1.17375945106124,1.57823263444195,2.64281835115952,0.312856253989301,0.145047872882429,0.165010251561524,0.21305014954585,0.370701722068526,1.26986060801144,-0.138046319400359,0.266108838239814,0.22490338392821,1.20176673873205,0.197491872121786,0.236552684282457,0.0724840140343553,0.254813685214893,0.227577400687284,-0.11742586569873,0.208724521359516,0.146221600228625,0.10971719227878,0.133211514144802,0.148659531408001,0.141308865729679,1.70087301529892,0.237866326140163,1.51468085096981,-0.0519909788856031,0.105826379038507,2.20735841574866,0.283148285254607,0.106067481211049,2.2735254938092,4.27595841983369,0.310305829284729,0.16506079191352,0.266036889839992,0.276517389989457,0.183009641626839,0.262074985608163,0.0885458357337748,0.177945356803516,0.225861128540455,0.0733701294483591,0.0979498536627487,1.87353249587428,-0.0748289950474662,1.39433467974935,0.311175571783604,-0.0030467012483328,2.42870281365139,1.20697773906482,0.152152393597652,0.0440538433198651,0.247469570374037,2.15732116723488,-0.0657800910029753,0.242663154115886,0.16685336029831,0.324878432020663,0.251232963757319,1.93863155298811,2.36224813618261,0.171128529560908,0.152165565146976,1.76216746779126,0.184155629720992,0.187262934506299,0.259652128764227,0.158273200839896,0.147647720391601,2.76553464988421,0.197632536839007,0.0275391119585949,0.118333690667256,1.55979609281584,0.206109270405638,0.197842439033601,0.0868537939483484,1.61684973902369,0.18292012848112,0.112300338727813,1.45134380414207,0.131074607921074,-0.02842408005976,0.196126682877217,3.54891338456639,0.0014373209387225,0.368853519561551,0.0979935267232045,0.138718708096798,0.181353231635328,0.2405773185373,0.249517112249033,1.3670286824074,0.298896157941166,0.302524906605002,3.16846327029703,0.00489558411973582,0.286788737760327,0.201847854477974,0.259862624840272,1.56201437938121,0.0678978071321585,0.0996637559022193,1.33291669571508,0.152858663528714,1.48131397579531,0.177802206316457,-0.0477513966741671,1.48394310182315,0.190696955006981,1.35666559555298,-0.0391899087532009,0.0136659193843086,2.05976994270805,0.246636532416631,0.304121060454864,1.19073460862529,0.0217329103885879,0.0853706814797995,0.119276083758727,0.230120867100376,0.197133297885237,2.71225769516697,0.305022916835153,0.154694508375248,0.194621330793846,0.0963421768223055,0.0759140557185216,0.197013736494454,0.192195978866487,0.245741006434907,1.31044646407386,0.226514266392721,0.200755569530876,2.46831862933189,0.196686725466879,1.14798821534106,0.344708183148156,1.24863666887861,0.231222075091345,0.134292790801291,2.43042018924747,1.42617664395609,0.150382509165645,0.284433863219703,1.38009215049911,0.196387567061441,0.264479026103036,1.42330586665667,0.164949599630953,2.34588589223933,0.147604704356808,0.211343402948683,3.75709267776964,0.188212328607691,0.154566628844684,0.14986212038871,"HC"
"HD-54-1",0.172375184133605,0.306141667854216,1.88043160046559,-0.101137530888941,2.07530230359601,0.213979170369806,0.0683977694200158,2.66096196848414,1.54574827189729,0.331400025420901,0.230081949709377,1.58406815703427,2.3552691287998,0.162662508487889,0.190120091221774,0.304149214082125,1.25129411997957,2.7018029929432,0.204506983593561,1.79616575783129,0.0846452410540843,-0.138135288756442,0.257277218371482,0.217599014056954,2.25919738724218,1.42344678480651,0.228878363137422,0.0674414840188218,0.246379862918573,0.2201086645756,-0.124718929155109,0.200692040521384,0.138711887181733,0.102547342973038,0.124136986748231,0.140599981971081,0.133369098115166,0.764659339192162,0.229776590454672,0.167625029010384,0.981755224236155,0.0978659176671133,1.11723357732214,0.274344961282537,0.0984670815471211,0.0430072398853527,2.92368625641247,0.301210838272966,0.157429817119497,0.256695878540751,1.5063446391313,0.17442965433044,2.78240462712243,0.0807341113557719,0.171042275609112,0.217922452279413,0.0647761152491528,2.28158753680116,0.792795427916856,1.93437206569467,0.118662999855127,0.302214722374306,-0.0110171895688684,0.207249171778821,0.0574146761166459,1.43172571828031,2.34120314034227,0.239841081360628,0.0154816017386459,-0.0713661885408211,0.235140140712354,0.158495922448908,0.315788097300767,1.66167711077377,1.92877662000547,-0.0522238968100857,0.163930166017904,3.17759960798371,0.342095324906073,0.176991444523977,3.33308839374857,0.251135999303566,0.15169399808091,0.139359286418701,0.147293865964104,0.18921434242105,0.022205248777433,0.110116000241,3.97898622467971,0.197707921331585,1.31095159316196,0.0804039973445073,1.60838647553457,0.174478422916982,0.105388169032181,0.205606439307427,0.123113886459054,1.90416133108998,0.188476858829295,0.240430322904886,-0.00604317768650213,0.365135853757032,2.06977216228337,1.4133334544713,3.7184771943289,0.232068120308331,1.57683993113967,0.226921846206344,0.291067615917621,0.293869072411806,3.16202807766821,-0.00271170666800893,0.277631227299668,1.36189826773726,0.250881567494287,0.21718701290671,1.32953019373888,0.0919662296681849,0.101728751615889,0.144540201694465,0.285444288335808,1.31820971025999,-0.055545920884983,0.198990830110132,0.184063899572485,0.118599124333514,-0.0426254834787133,0.00664205894591384,0.0531044165702536,2.35941768080657,0.295117580363473,0.0532035681606901,0.0181429352240904,0.0770769935906275,0.110631711577924,0.222953596818022,0.189336642327416,1.41477861764957,0.296235879530302,1.33087532406326,0.187147810393239,2.98309699236343,0.0685283917574858,0.189928123926072,1.28137739137561,0.238725242739755,1.30316438645273,0.218553505909985,0.192456618532119,0.176385245214304,0.189927911131067,2.20404909359081,0.336524648179921,1.2412426774174,1.46071582409169,1.41758074580152,0.0116609967941806,0.202398218953993,0.143336200934041,0.275568024660208,1.37217020418032,0.187765502323216,3.75499207683283,2.62006649048566,0.158079379938425,0.0758788810116205,2.44163294864695,0.20410001509567,1.40777369816534,0.181659545492063,0.147186667614032,1.32496454359562,"HC"
"Lung-0082",-0.36937908013267,-0.544184421079087,-0.233312320436283,-0.452431528392293,-0.305354395290723,-0.38297302120206,-0.425793917602485,-0.472918582506757,-0.336106708130021,-0.32219507516529,-0.370373906110397,-0.366533914306157,-0.546894556432666,-0.441485713988352,-0.334927027695891,-0.284906406682734,-0.340185608723142,-0.324486675898522,-0.373462105440051,-0.254550457355118,-0.421190354138505,-0.14227149277785,-0.340206585465236,-0.276562052697633,-0.326241420873798,-0.340249496162582,-0.290310942785886,-0.273699785596389,-0.324191821735629,-0.285172238407884,-0.602959953548413,-0.342727771129147,-0.369341220161874,-0.382513031000486,-0.489780191274583,-0.404651096153249,-0.403778404452628,-0.582277731199681,-0.317516671875395,-0.407282116521922,-0.504142107796933,-0.440681575475321,-0.431266311608867,-0.321224545972973,-0.415721229271118,-0.46768384098117,-0.340929860281882,-0.31409076059317,-0.358826986830271,-0.375249681386304,-0.262922503651242,-0.406030501695182,-0.28891173724726,-0.447750907869019,-0.295970488947222,2.06944987470515,-0.516633000012707,-0.379430307693121,-0.571410846056021,-0.543524027153524,-0.425778256526941,-0.304011821624327,-0.548354076733174,-0.268295600085591,-0.433204946585819,-0.409107652196542,-0.458141878314204,-0.276247552573459,-0.519428036703717,1.76260687484318,-0.273812772985513,-0.406908140570529,-0.299198490389342,-0.367431032493869,-0.290248787096086,-0.554209176660432,-0.323059275919126,-0.372177161330285,1.14713930890448,-0.307685736641369,-0.370564394577099,-0.325003995395728,-0.293407483784817,-0.421376471213378,-0.413190806237229,-0.380300072519213,1.58355651793075,-0.445833758448547,-0.389262144050554,-0.3706668589445,-0.290401323765159,-0.35594279591631,-0.297278103052129,-0.396626586870028,-0.362239458073013,-0.326059213165869,-0.415451202541124,-0.548110456587702,-0.329055149905993,-0.232231063557971,-0.512119847633344,-0.471967238660878,-0.411762334398521,-0.420366353400171,-0.37672072371508,-0.34360295716728,-0.332687323982854,-0.25966197319973,-0.238555164098991,-0.291722338477699,-0.314272007067233,-0.517366221300872,-0.341899987277741,-0.306985782102369,-0.356712099981141,-0.356769054755722,-0.485492793799553,-0.428792965475543,-0.423727383918485,-0.418227024805953,-0.224938442088763,-0.322415448694543,-0.582867300655866,-0.349411270703478,-0.264680866523724,-0.409792683448236,-0.275051729848918,0.584356381478576,-0.462923221038498,-0.215253191009661,-0.313993048602453,-0.43228093275378,-0.224728933011257,-0.484014206181707,-0.47418426209123,-0.261932299005258,-0.338128929033954,-0.550582686588953,-0.298231789102216,-0.361214416686956,-0.318456763126199,0.690473027213905,-0.431132447713401,-0.289433398987399,-0.285552343696141,-0.235910808392028,-0.336533751144146,-0.320014222952621,-0.368990645334223,-0.31424706767065,-0.267324796639846,-0.378040599200788,-0.217114398173837,-0.423654987661837,-0.308071535174203,-0.428596605606817,-0.499557354596532,-0.319895623374348,-0.333366273583201,-0.324230769413708,-0.411606528349701,-0.395541310416123,0.922266712835709,-0.30603685750415,0.775460695558818,-0.41005967108659,-0.353908702317958,-0.285935447438231,-0.266085696472114,-0.261654573550199,-0.352088366183878,-0.365573788706637,"Lung"
"Lung-0096",-0.663524537001856,-0.644824883843288,-0.532981572329057,1.03286330458426,-0.4434109886446,-0.648100518307444,-0.652779505608813,-0.650447780074768,-0.61462538043544,-0.587618399235333,-0.607054060444798,-0.64188397045693,-0.670402814408222,-0.604807682200757,-0.595925869791912,-0.585137467647209,-0.626163574280391,0.880514241634465,1.09117274754658,-0.556599677852989,-0.636008819292519,-0.143540412909265,-0.619477118463201,-0.572106508717059,-0.599599966832547,-0.613386050620098,-0.600824116148488,-0.437266386287335,-0.570354598548362,-0.587367169688094,1.14781774526424,-0.59075886723974,-0.632574439335692,-0.619288367592691,-0.625058562292616,-0.643815785992562,-0.645898043991814,-0.675854881104901,-0.506395188391177,-0.61258473640707,1.09730995268237,-0.672835957291372,-0.660883816959984,-0.529423138469702,-0.650010255000064,-0.625603226541135,-0.586872139708003,-0.629508089343194,-0.625503399402271,-0.640046374876486,-0.580847645200256,-0.655663020141226,-0.613642136167515,-0.591661027689471,-0.574426300354042,-0.518432584246347,0.303587077685493,-0.652067850315079,-0.678495901401471,-0.650559495685962,-0.645734947164351,-0.568971736592353,0.741864256410397,-0.552706150347219,-0.681229421748893,-0.659009369727581,-0.654585444682112,-0.574569671944957,0.238927648826724,0.465713197447949,-0.578203835207815,-0.638014048354666,-0.617552956040639,-0.597057046700379,-0.563874217083353,1.00201596045666,1.52382182139751,1.94528313263504,-0.572960848882233,-0.597558135519894,-0.585361620740399,-0.546723126185857,0.402599043950738,-0.621795989533251,-0.622631358882847,-0.618691845891194,-0.498812442569849,-0.617729779350939,-0.614776621349101,-0.701316762996454,-0.57815343336649,-0.613058670052894,1.42425566284811,-0.569505030559287,-0.63942208894398,-0.602850240701526,-0.690716621627457,-0.652928366115587,-0.624153807487568,-0.51491713848689,-0.634988921963924,0.310657537031729,-0.593971361460423,1.51071113625048,-0.611745682431,-0.598381811276386,-0.613173791891444,-0.550674681179094,-0.555308317971477,-0.640110809738119,-0.574648403441875,-0.657941444025602,-0.588487175554334,-0.566759312769907,-0.614306773000052,-0.629209524091013,-0.614063861529706,0.316794717201964,0.92852493922489,-0.601755008718029,-0.530184639276426,-0.617224510184937,-0.692736394555636,1.26431016469239,-0.533063053446043,-0.658933860056747,-0.414059622557381,-0.665912529980085,-0.595250596064071,-0.487473242643714,-0.678285749109322,-0.648992659737107,-0.369984071485542,-0.685401586465647,-0.673955347250685,1.3111318597989,-0.607334290053398,-0.715025268048221,-0.593360201278294,-0.665271309698387,-0.620845273056992,-0.632541107642543,-0.634442407896304,-0.576126645496127,-0.567118844183242,-0.519777877200636,-0.631176233270014,-0.578426859655617,-0.656539263350535,-0.607681070817532,-0.54079535487117,1.79723276353495,-0.548231035630426,-0.655021631076859,-0.625910462923867,-0.69346167890585,-0.644338805877416,-0.632265536542551,-0.618469214694248,-0.649804965464231,-0.674980514545401,-0.630533489612793,-0.543209211852094,-0.615413878542407,-0.584688378196425,-0.67426407508308,-0.614950516808679,-0.579012490427396,-0.566866721623787,-0.526788836389948,-0.650691348480653,-0.669351904286155,"Lung"
"Lung-0001",-0.491773336851916,-0.58995858829067,-0.376791287782486,-0.53179660320641,-0.357505265821744,-0.517837709130863,-0.537442737371135,-0.588472305235085,-0.463845270289631,-0.469856647594144,-0.506030149195684,-0.498938964951972,-0.608073774217691,-0.539328113229609,-0.453546771187059,-0.417987084815403,-0.448213769451926,-0.433464013119618,-0.504038091131255,-0.393751162779032,-0.53546978999969,-0.142825868075948,-0.475191376349047,-0.388203954671303,-0.42950259654472,-0.459967555953786,-0.407607276911005,-0.350771134886772,-0.453096570354257,-0.399326357044782,-0.648891985890076,-0.465498311797735,-0.484121641007223,-0.492098885422637,-0.563687006892153,-0.527835360374586,-0.525131891931741,-0.622717385263646,-0.441162310624683,-0.53716634153178,-0.550975912196193,-0.562351351753811,-0.536377040871073,-0.455776854968492,-0.531887728120117,-0.566723065927955,-0.471317049205441,-0.453100985004411,-0.475460803974783,-0.518020144299185,-0.383018708350299,-0.537169274452452,-0.411578627543238,-0.517897883810407,-0.401478989694679,-0.440488024118557,-0.636501910252536,-0.485710073526767,-0.620401425613488,-0.589927473952543,-0.548779564126121,-0.440971790655124,-0.59395452044572,-0.375731669772843,-0.544046758110622,-0.534061705731904,-0.569946364588485,-0.392843376396224,-0.584330646557248,-0.516724325676364,-0.388796479964756,-0.534645409298884,-0.43813754681669,-0.505165002134609,-0.440874163603395,-0.609496162924531,-0.433080949411134,-0.48891226408006,-0.400898822431502,-0.41718501934263,-0.494754217929209,-0.455166748268509,-0.393965741708969,-0.548059066622646,-0.539816675900714,-0.508965960552277,-0.420169686623901,-0.556455008125985,-0.520977438713536,-0.499075278330156,-0.399099667308821,-0.454523176276243,-0.426632838571453,-0.500713800353291,-0.467886869853788,-0.446174229603738,-0.537124954112607,-0.593211315351925,-0.445977063983353,-0.339015712783325,-0.565675550199606,1.87499184810483,-0.519853170245044,-0.544836187354365,-0.500965453793573,-0.473659771279932,-0.46230425438544,-0.369592007601004,-0.358208650517818,-0.4240203750683,-0.412629176448208,-0.607318753904771,-0.481865775318693,-0.420268076009279,-0.493980932407795,-0.486438410263581,-0.54327857811322,-0.546443972257471,-0.542439533299347,-0.534611057895743,-0.340245176254041,-0.433779555425369,-0.642448709635495,-0.473307420562604,-0.366062222842879,-0.529168066044568,-0.327561953658711,-0.575896281871533,-0.525534276988678,-0.318084300512169,-0.45160459614247,-0.541962606821663,-0.279599053564802,-0.610777103822881,-0.606307110282797,-0.371478734958695,-0.457295054360554,-0.655479726754509,-0.432535168410992,-0.476071891265237,-0.432684006087681,-0.524571502508496,-0.544016869844519,-0.397731757056181,-0.39191407373782,-0.343141577990354,-0.447834932529215,-0.441688570927334,-0.49583398572039,-0.425091746188022,-0.370628284940549,-0.481168012825287,-0.342193689724983,-0.5366666894865,-0.428135172615309,-0.553913403587256,-0.585378244365606,-0.437893340858711,-0.441063893875651,-0.459738567734813,-0.532687630477908,-0.527323205813319,-0.35684272982552,-0.422904010151373,-0.411716448984106,-0.519843925347789,-0.465561283925956,-0.39664528427571,-0.379705712146897,-0.361809026726174,-0.464885626290235,-0.480325955125358,"Lung"
"Lung-0100",-0.618873513472002,-0.624966120218279,-0.511601175531779,-0.567314763974938,0.0757458315906442,-0.628176202049605,-0.633366640239575,0.906392360462526,-0.593709432297281,-0.566491311783803,-0.58510922485476,-0.623133335333614,0.254601380170324,-0.580659085824015,-0.576727308840391,-0.556184563592357,-0.560395490037601,-0.484349120947439,-0.562503855933787,-0.534528506144771,0.385711411740588,-0.143301722232833,-0.599720076120784,-0.504138360740694,-0.536734046921313,-0.584288638919087,-0.529413521614006,-0.418292491730872,-0.546975124937201,-0.517869571649536,-0.681990122334461,-0.568645303405108,0.467312413644443,-0.59922262990108,-0.604106710882546,-0.617186962944347,-0.627000676404834,-0.656760000813759,-0.484710808375326,-0.588963313922482,-0.599232434184564,-0.653192993163143,-0.645529158069959,-0.507277198128652,2.01377016299458,-0.607497567707536,-0.568003381967831,-0.597455994367218,-0.596579058673168,-0.618239317888543,0.729952281330843,-0.636201597074745,-0.538961920190835,-0.564330411192847,-0.511044172239824,-0.494469688553765,-0.679863684758716,0.416295824702558,-0.658071042176449,-0.632548170897545,-0.623925056944604,-0.546365675565819,-0.640542440315581,-0.487298534090158,0.370372493962794,-0.636089445208878,0.916711614058991,-0.513922176972868,-0.629790319550328,-0.548610493013644,-0.508201179639652,-0.614700078987054,-0.582418651867617,-0.575291969954198,-0.543536923318328,-0.650417457572686,-0.547332831057388,-0.576841411415012,-0.543087932804201,-0.530894424866673,2.41593643257447,-0.521290700687257,-0.498390350227029,-0.599744201353312,-0.599984048515798,-0.597511638039877,-0.477625171469555,-0.595573524426774,0.538933802928388,-0.632420855327753,-0.51197733847602,-0.556893860088332,-0.560961116481269,-0.544058302499705,-0.577596304403402,-0.570907531747126,-0.663476922981824,0.252567828317037,-0.567394492613824,-0.449906110263217,-0.613505977328163,-0.56977080579152,-0.566494849842762,-0.630498629560275,-0.592113958630166,-0.579220859650037,-0.591031271102446,-0.483748726737772,-0.482462677338073,-0.561405120626426,-0.514768067073186,-0.645275249021195,0.64611955189105,-0.537905945215182,-0.59206016135934,-0.611786648274023,-0.589873537944517,0.40584945113181,-0.610909098808375,-0.576967931044347,-0.45998532314271,-0.549425485340973,-0.678595009692082,-0.601967236404838,-0.471341576952646,-0.640622179017904,-0.382091135823624,-0.654352112289688,-0.570959760923695,-0.424869149165538,-0.594507151099908,-0.634217328306034,-0.336578867817985,-0.661237462454753,-0.657442963505734,-0.485237106723772,-0.581042981609154,-0.699399683869324,-0.572002359833015,-0.595345505046941,-0.551303156564097,-0.610792456120024,-0.614067104401941,-0.510194063762114,-0.50236529127264,-0.454495248663913,-0.563415517691095,-0.552008743180801,-0.62755430821183,-0.540198276466375,-0.4779036748194,-0.588260558156983,-0.472082137710972,-0.634356888018917,-0.552815120297917,-0.673159545211475,-0.628319375458211,-0.560427936313007,-0.552902365121332,-0.600456486709674,-0.653091103152512,0.533213544744575,-0.474330426051946,-0.544264571836988,-0.520760056257334,-0.633849259263961,-0.5815067802495,-0.511611788364995,-0.497694288138359,-0.465814304662936,-0.582019812697911,-0.599490211768628,"Lung"
"Lung-0101",-0.119789429895773,-0.424129580467419,0.0592738370860114,-0.290588139700324,-0.199006941706835,-0.107953333254881,-0.198116650528333,-0.23727833260935,-0.075618806934569,-0.0210796372041552,-0.0937400576630582,-0.0965299846602933,-0.309773306571906,-0.163150768635778,-0.0930344660452355,-0.0135247193491067,-0.119891686649031,-0.102257167669643,-0.107188054095027,0.0293113537360115,-0.188148664189902,-0.140767692250989,-0.0649419803517462,-0.0488988925765025,-0.115668462553795,-0.0961172184622112,-0.0511171130010338,1.72684148682153,-0.0613258018423136,-0.0523860987033516,-0.390804324381594,-0.0923707925729321,-0.13527790819997,-0.159042618178194,-0.206944625698278,-0.153450441434559,-0.156311118757914,-0.450819631319432,-0.0653751698477951,-0.142418722107425,-0.303420054927917,-0.192569305179839,-0.216921694010772,-0.0468418695228455,-0.178831389877186,-0.232405197766051,-0.0750408083679301,-0.0306173834907695,-0.120984179437247,-0.0841083251026311,-0.0180191027149783,-0.138608799874178,-0.0387661253102103,-0.204274483585787,-0.0808147250703266,-0.0717179468654442,-0.248774106609661,-0.162701759371427,-0.403867831145401,-0.335393448142337,-0.174950691857994,-0.0247193802702256,2.43228830760709,-0.0492090859399918,-0.207173352361995,-0.154297995652704,-0.23014717192763,-0.0384822221809366,-0.272991749306914,-0.275173406182787,-0.0393349144883002,-0.146422876974756,-0.0158702409480255,-0.0865602283415007,0.0169105196146362,-0.322941351585544,-0.0987001291632779,-0.134127809615117,0.015245845574457,-0.084391863193617,-0.117313176715371,-0.0595726194946523,-0.0883463878112693,-0.163041925730396,-0.154971937416097,-0.117921143536861,-0.172399268395953,-0.189704153251021,-0.120664783300334,-0.108812966931871,-0.0687407469243645,-0.154915040907401,-0.0334944578047103,-0.133514860681175,-0.146800423092152,-0.0811174508273792,-0.167330825721581,-0.313948368024606,-0.0906248475223549,-0.0144729434857125,-0.278967093005473,-0.356094745858587,-0.180335357069607,-0.166544130410388,-0.123357538584584,-0.0783876144265723,-0.0683690038989253,-0.0354896993349917,0.00544543384898189,-0.0219366347628071,-0.113699429871911,-0.280261598831468,-0.0564779991986524,-0.0759774907647451,-0.0767898161081596,-0.0923438279913044,-0.234255831513256,-0.188875877698488,-0.181646385699736,-0.158956568638428,0.0101981421080162,-0.0953187760814715,-0.339926972502294,-0.096758919703291,-0.057941286232148,-0.166359202272231,-0.167971473423107,-0.249621538915735,-0.225185992042681,-0.00555723515225334,-0.0333718908805527,-0.208615121940502,-0.112836311866249,-0.225515906234147,-0.204755807257175,-0.0385422693813349,-0.0951221708935712,-0.278535771887587,-0.0243567367441609,-0.126993974686681,-0.0855215063381589,-0.18094626552781,-0.200935507169697,-0.0685884832523443,-0.0686566517636825,-0.0172429476927833,-0.109565397583496,-0.0718926299315886,-0.110328304384032,-0.0882096269987086,-0.056665553270564,-0.167740412032577,0.0379506470899271,-0.193198494954073,-0.0632345462636328,-0.173047230863824,-0.264035794482774,-0.0792715138361149,-0.11374639843011,-0.0478996335099624,-0.164694698166427,-0.126808135662852,-0.0129916556273985,-0.0677182260973545,-0.0925786779695854,-0.186184675992511,-0.126223764000106,-0.0601729795356614,-0.0343887138496328,-0.0574169270469788,-0.12206916877819,-0.131568093929081,"Lung"
"Lung-0102",-0.53013902917371,-0.60066331547406,-0.421766191535334,0.554211904747559,-0.373852472845484,-0.560112381659153,-0.572440166026296,-0.60309411687585,0.706131936301748,-0.516142630347002,-0.548552942529651,-0.540442639806409,-0.622437163864683,-0.551817558406766,-0.490729304943606,-0.459702541799008,-0.482076266661384,-0.459104953775714,-0.536159362761076,-0.437385002947835,-0.571291811330428,-0.142979392241498,-0.517503696338456,-0.423199214875092,-0.461870835061532,-0.497494367835526,-0.444374974890796,-0.37492991286343,-0.493503040860973,-0.435109096450076,-0.661496159950825,-0.503981954051271,-0.520100701044468,-0.526449657152243,-0.575913855617881,-0.566448688374446,-0.563171344824341,-0.633176707331422,-0.458860244663713,-0.560714873838171,-0.565774809040941,-0.600489948504028,-0.569325040284489,-0.480850382789673,-0.568301268039407,-0.579053234578858,-0.51218820531219,-0.496675117012718,-0.512020829443516,-0.562772960318305,-0.420664053499678,-0.578276021957792,-0.450029779560633,0.479270323964988,-0.434551674520848,-0.465988504228169,-0.649630062436196,-0.519024519035082,-0.632804968144764,-0.604543685296364,-0.587335542560249,-0.483903249802635,-0.608283688974698,-0.409408570179504,-0.578791222036765,-0.573229791725479,-0.604992588452034,-0.429391492481852,2.02369928292822,-0.528098974845578,-0.424839262054639,-0.574685921667832,-0.481689370515406,-0.548339079441323,-0.488089180106892,-0.62340896810894,-0.467568332945826,-0.525504038525187,-0.443819169240867,-0.451508654308682,-0.533682748400657,-0.491066628065128,-0.425486723880394,-0.573296301797071,-0.572844148897311,-0.549297557842069,-0.445724242760373,-0.568292891427945,-0.562264902721768,-0.539326169521696,-0.433172239961056,-0.485424173130448,-0.467180361930196,-0.513782503686425,-0.501003097719537,-0.483825471479008,-0.575264796957816,-0.607383273580427,-0.482627396289825,-0.372488418992636,-0.580088024460543,-0.546600365557271,-0.533893443914969,-0.583852489923075,-0.539911195322355,-0.514427368129193,-0.502933965327889,-0.404050665954868,-0.395715221236276,-0.465490505306934,-0.443460205609724,-0.619477596976963,-0.525739438213453,-0.455777533315801,-0.537009207846647,-0.527084554374673,-0.557322518473846,-0.583322845895306,-0.579651032597475,-0.547400761337805,-0.376389214415581,-0.468687737958216,-0.655853993471932,-0.512143896168271,-0.397841213360618,-0.566587462364727,-0.344021803527772,-0.609547620455078,-0.539222001752621,-0.350317730527836,-0.494740299028869,-0.576343414168539,-0.296798636447556,-0.627492994979681,-0.632903689960051,-0.405817150578792,-0.494648856916383,-0.668779754620625,-0.474633893191492,-0.512075104558422,-0.468489667036939,-0.560012337096969,-0.57940161030124,-0.431678950298678,-0.425254211739135,-0.376754125050255,1.39790029084325,-0.479828600721053,-0.535594287394367,-0.459837108801384,-0.403009786770357,-0.513494322303467,-0.381401032815288,-0.572091327024117,-0.465770309235036,-0.593195195420795,-0.598356316092386,-0.474880894401004,-0.474822779910701,-0.502214829586814,-0.570641701483768,-0.568631546481501,-0.392306856822684,-0.459537176945032,-0.444631694246159,-0.554256887472491,-0.50055989176694,-0.431348379428624,-0.415321031687345,-0.393203432298798,-0.500243044946805,-0.516296158532665,"Lung"
"Lung-0104",-0.462792718642393,-0.581801161491994,-0.342818213512357,-0.513004471990353,-0.345156937487831,-0.485904331408922,-0.511006433037969,-0.561111394593988,-0.433599222804948,-0.434893212466645,-0.473909346357584,-0.467587982278131,-0.597231158041116,-0.52988926167278,-0.425459885491807,-0.386476126479535,-0.422634767904973,-0.407660264739975,-0.473120196043004,-0.360791099075679,-0.508410606107654,-0.142703783087597,-0.443229560545295,-0.361769288339635,-0.405052325852259,-0.431620609972855,-0.379833749232706,-0.332522113988657,-0.422574392228843,-0.372296845873779,-0.638010204569877,-0.436428596748472,-0.45694383345634,-0.466151051812607,-0.554438783787742,-0.498667683503832,-0.496397707965108,-0.614718717255409,-0.411885389093252,-0.506412242137337,-0.539831364192514,-0.533542276651072,-0.511488831275904,-0.42391744260116,-0.504381723817936,-0.555741314940898,-0.440443857579501,-0.420186023560382,-0.447844147641478,-0.484214830322983,-0.354582224890277,-0.506118122154803,-0.382533454919062,-0.507358864175958,-0.376496595422412,-0.411757789782801,0.59148645066565,-0.460545058438759,-0.608753974263976,-0.578906033929692,-0.519655207882985,-0.408542290457439,-0.583138978633,-0.350292864055992,-0.517801537889028,-0.504474976613164,-0.543473201405178,-0.365235716154574,-0.573967091859097,-0.508130832082119,-0.36157053814686,-0.504399668073958,-0.405239436589603,-0.472552233401522,-0.40520895637687,-0.598988429619333,-0.407029922183929,-0.461271625253328,-0.368477716254857,-0.39125768425973,-0.465348443895761,-0.424346698805229,-0.370155470223757,-0.518063051860535,-0.50983409270984,-0.478500340043375,-0.400866324946138,-0.541695098567645,-0.48978977705928,-0.468670621470786,-0.373361979293981,-0.431181228355312,-0.3960041121576,-0.490854776137948,-0.442871584106606,-0.4177332918839,-0.508314937736564,-0.582514357019158,-0.418292191808545,-0.313731150968161,-0.554807880673685,-0.515334706605085,-0.498378249686211,-0.515364112167828,-0.471546678897872,-0.442864806088094,-0.431613445239816,-0.343562678757159,-0.329876994275988,-0.392694731275242,-0.389340080616371,-0.598113426614718,-0.448724554690051,-0.393444996253599,-0.461478299267481,-0.455735187856098,-0.532686546472252,-0.518586464880009,-0.51433076765742,-0.515263887695496,-0.312942747779017,-0.407410665692116,-0.632308734622218,-0.443971182793425,-0.342057057406152,-0.500902259466915,-0.315128537343927,-0.550476785005696,-0.515213178050685,-0.29373586125988,-0.419020814620509,-0.515992084952846,-0.266606858853236,-0.580762075028681,-0.575022947750731,-0.34554023488785,-0.429078795900627,-0.645411556070546,-0.400734697830687,-0.448875838864653,-0.405637180475699,-0.497800258877051,-0.51728799851283,-0.37208877794884,-0.366729651093592,-0.317751383406518,-0.421480942313897,-0.412878413334414,-0.465799909623288,-0.398845847117446,-0.346167995426951,-0.456749414426151,-0.312577306640276,-0.509907680758638,-0.399706400458846,-0.524240783524352,-0.575569170402694,-0.40995373902057,-0.41556315797975,-0.427652913776671,-0.504017942150804,-0.496119774379475,-0.330053891609857,-0.39523210443544,-0.386852981169884,-0.493849114451881,-0.439124088861226,-0.370431313134987,-0.352802666338245,-0.338094368479284,-0.438177393258338,-0.453154837682101,"Lung"
"Lung-0110",-0.146218953808708,-0.43684241642755,0.0282913310426466,-0.307726044687658,-0.210268276321097,-0.137075692343997,0.9284020573569,-0.26223072792542,-0.10320236741928,-0.0529653250145038,-0.123033343284949,-0.125121215540213,2.19805377499983,-0.192624186652172,-0.118648930573061,-0.0422618436172961,0.970095151470576,-0.125789473982487,-0.135384321050533,-0.00074731463053519,0.964912538704766,-0.140954782597402,2.60933611953518,-0.0730065786476166,-0.137966434573261,-0.1219688507926,-0.0764458036663872,-0.13317642686519,-0.0891611858499119,-0.0770362668496617,-0.41487469422902,-0.118881570344523,-0.160063318551589,-0.182706326244255,-0.236894622970722,1.8318521627665,-0.182515901443132,0.128776551758348,-0.0920749142120037,-0.170465611911121,-0.325557830083624,-0.218842386514091,0.843628727916593,-0.0758967742500388,-0.203916106607417,-0.257319301861116,-0.103196306999673,-0.060634919841711,-0.14616980776577,-0.11493783838828,-0.0439523907549893,-0.166926593726621,-0.0652545210674998,0.926447145485965,-0.103597979107464,-0.0979191275963105,-0.277138195512261,-0.185651558551988,-0.424960079833255,1.21269656799339,-0.201511300890246,-0.0542941893637152,-0.328124417620483,-0.07240857461716,-0.231108268809627,-0.181280275985539,-0.254289966064892,-0.0636596463221505,0.875505365585077,-0.293610025381818,-0.0641642219628698,-0.174006158159028,-0.0458724094542473,1.30315346351053,-0.0156151649803766,-0.347430742501015,-0.122457946959969,-0.159335309315678,-0.0143213084035188,-0.108036877168734,-0.144130431004956,-0.0876796539408261,-0.110060698218369,-0.190397463273297,-0.182315225736734,-0.145704948559261,0.625812365299525,-0.21682620546333,-0.149107069918213,-0.136541174788534,1.02800812844951,-0.176202253150082,-0.0614270109105298,-0.161376262996836,-0.169613673246558,-0.107054801029421,-0.19360476547112,-0.339088151330318,-0.115872686815504,-0.0375317659818278,-0.303656082704975,-0.368364705035425,-0.204841600920681,-0.193421849521605,-0.150186649301733,-0.106471772709521,-0.0963581747425598,-0.0592277288049448,-0.020392254661402,-0.0505047572828099,-0.134938442468084,1.57728679753271,-0.0867018776809956,-0.100439399157953,-0.106431320426801,-0.12034431938715,-0.260859792439731,-0.214281155531543,-0.207280804135002,-0.186411211548056,-0.0147009190867677,1.02832722285693,-0.365652387022696,-0.123512758839173,-0.0798333345437529,-0.192136837706394,-0.179310405927404,-0.272803418453736,-0.25036044047342,-0.0277623397089323,-0.0630874002834703,-0.23229952107235,-0.124684834845568,-0.252888784049517,-0.233286100012098,-0.0621974655172611,-0.120854619811919,-0.307343338350022,-0.053357888188468,1.0318995462747,-0.110187464776715,-0.205360900806474,-0.225311500080485,-0.0919741724262716,-0.0916241500998456,1.06469834164417,2.16049089865371,1.15578205169326,-0.137718552813911,1.03019542446612,0.985650096833955,0.872798672792178,0.0109413231586218,-0.217601972338359,-0.0891608018076339,-0.200107841367075,-0.288975621511357,-0.104751659551416,-0.13700236572123,-0.0771608643234985,-0.19084066260855,-0.155264803884458,-0.0374223366812202,-0.0929542403378595,0.966917433236295,-0.209891226046692,-0.150333756205991,-0.0840793976840537,1.11201904498809,1.98529496692377,-0.146426340129242,-0.156347403087179,"Lung"
"Lung-0112",0.575104941522736,-0.617169657932177,-0.492100775017578,0.108416257031744,-0.399417263454721,1.41078378166169,0.39704609644602,0.358649600417486,-0.566504694003155,-0.558305482436698,-0.576608445061553,-0.60534869719142,0.823011297950424,-0.571327535804726,-0.548877690073049,-0.524939797399056,-0.535032569802841,-0.476176210323236,-0.55398768730105,-0.505622346842297,-0.61056371199359,-0.143202106216827,-0.583674363850584,-0.477927004039712,-0.512490322468167,-0.55618115675278,-0.501874613738741,-0.410980585085306,-0.537942941946651,-0.491068395123699,-0.675494538187293,-0.560084780558422,-0.576367018271228,-0.5801695547016,-0.594991226256246,-0.606907640392103,-0.619644105003392,-0.15602025691338,-0.476341019199723,-0.579827968559003,-0.589009049202335,-0.644939048855763,-0.620851194249141,-0.498724054741585,-0.617136706785165,-0.598299072678348,-0.560675198736274,0.73776696854193,-0.569195696955689,-0.609780401386017,-0.479536212196774,-0.628629650261306,-0.510162109724476,-0.553807950879,-0.486272819376904,-0.485237599311825,2.60091008251874,-0.571123744452993,-0.649996330180064,-0.625383588578906,-0.615464513336735,-0.537624614064669,0.322481473610739,1.26400611337144,-0.633126800206914,-0.627202379667,-0.629656749407392,-0.486547735351605,-0.619515794714322,-0.543161632787455,-0.481205231835505,0.526601690732697,-0.54979845189493,-0.566862634782545,-0.535657416395505,-0.644086953339157,-0.521501872629096,-0.568617859570135,-0.510940707339985,-0.505186113680246,-0.55490073531038,-0.511493185455947,-0.474781218520366,-0.59120053649656,-0.591214076347547,-0.589296844192406,0.250604631379951,-0.586755439758449,-0.586604389413686,-0.602273045012566,-0.486457072294055,-0.533749095733266,-0.530591129462787,-0.534248399065383,1.73415718157498,-0.542706851847026,-0.634910282256376,-0.629560777967207,-0.539943491315352,-0.424835142449579,-0.602673568761788,-0.562783803354721,-0.555920356056752,-0.622640238373798,-0.584488613577428,-0.571777732882027,-0.5664732629736,-0.457939283393421,-0.454370355749196,-0.530344103511776,-0.491675708333621,-0.638422951042153,-0.557793251081993,-0.511309456253523,0.654986623432748,-0.590649551243181,1.61906306320546,-0.631194932989217,-0.602698853493766,-0.567396936730087,0.755412004617635,-0.52327934958366,0.829380773501022,-0.572878819596934,-0.447539197681663,-0.625106268070132,-0.369762752103942,0.933750385270553,-0.560671956741456,-0.400726395920761,-0.562198624507476,-0.626491946749836,-0.32369642604093,-0.65031151051228,-0.649532828416136,-0.459517724866831,-0.553065082967234,-0.689506743062482,-0.540470527080464,-0.56837919416615,-0.524484811862834,-0.602358235816339,-0.605382625752919,-0.484767706424176,-0.477393616693741,-0.429319540425584,-0.537284155586456,-0.539474378381435,-0.597773948138876,-0.51417409239515,1.40195471719878,-0.564048238442135,-0.442715942144643,-0.625863221730439,-0.524626503191336,-0.65462653237777,-0.618626141163183,-0.532724357206894,-0.527617049380306,-0.568641879695907,-0.629996665094623,-0.600341254560956,-0.447767889371311,-0.51682642746188,-0.496106625208666,-0.608074042273571,0.487794374885553,-0.485619262509087,0.699924085418684,-0.442299978491707,-0.555537200280207,-0.572548625204454,"Lung"
"Lung-0119",-0.00960162348526418,-0.371128266016242,0.188443563686733,-0.219138189892358,-0.152057107782904,1.40334667907866,-0.0976026324004389,-0.133248849761899,0.0393803142308064,0.111855560845062,0.0283871095106809,0.0226702333842357,-0.205089997986468,-0.0402726082365587,0.0137552615336822,0.106283745460617,-0.0226372371320931,-0.00414820358322817,0.0103655127051413,0.154629491960762,-0.0852663828402089,-0.139903910569109,0.0565806989385603,0.0516088976721278,-0.0227055839062343,0.0116612896942001,0.0544811895964903,-0.0471488446345237,0.0547232013291615,0.0503833633816241,-0.290452109876473,0.018155770770102,-0.0319446053895989,-0.0603858246646154,-0.0820795500985593,-0.0425514154289891,-0.0470602850667512,-0.392784053133588,0.045939217536105,-0.0254879262940472,-0.21112505592402,-0.0830337263549524,-0.122293718825807,0.0742914595490802,-0.0742502434274601,-0.128535355540984,0.042342790475885,0.0945292705033225,-0.0159823206170397,0.0444235566233754,1.32778459453376,-0.02054857308888,0.0716671247720998,-0.0967855188831864,0.014171351618655,0.0375178698526831,-0.130520870293103,-0.0670213363112865,-0.315931755458324,-0.23974501989613,-0.0642163761043774,0.0985814915032748,-0.192144693691852,0.0475123221188869,-0.107385859077086,-0.0418056824492447,2.52269431701711,0.066485432413579,-0.164196076479805,-0.198308963453453,0.0641814006118058,-0.0314249202460008,0.109212342686534,0.037437452511607,0.152513939840233,-0.220842188763084,0.00034901893119256,-0.0290347664618914,0.138514802267315,0.0141869924470835,-0.00550887657513951,0.0576089264360577,0.00218313664623321,-0.0489934591380612,-0.0409745392779663,-0.0020871792460215,-0.0990055587020178,-0.0766291145756493,-0.00208553147384918,0.00678920620933011,0.029117047686111,-0.0661661391358766,0.0829596548124982,-0.0173573841106509,-0.0516892890479067,0.0270184252587886,-0.0577916680619676,-0.209137642518586,0.0146363761562542,0.0816620106522697,-0.176035779280591,-0.304939837018873,-0.0781659323683502,-0.0544877452880654,-0.011503807597683,0.0386985580780803,0.0483211547535623,0.0634769488884919,0.113165808572955,0.0971672418003933,-0.0251514781187567,-0.17558563083797,0.0695289195093804,0.0260070941768997,0.0467891159353399,0.0243935273802823,-0.123340776592922,-0.0829582741541736,-0.0747734679241928,-0.0444949200683038,0.114005268705283,0.0049389236052486,-0.23267468130157,0.0147809951719759,0.0333292485393854,-0.0588891959150011,-0.120698124731609,-0.152973545437646,-0.120230743536573,0.087018468075658,0.090515577099009,-0.109872064930091,-0.0634384203038818,-0.111395145998143,-0.0858096474522215,0.0600790368903072,0.0121594475429817,-0.158433625251103,0.0965524885432691,-0.0235913027569076,0.0173137873400334,-0.0791587677835641,-0.0993091140205738,0.0289092166669753,0.0270975611664316,0.0792936349742527,3.22417598844388,0.0376470646516117,0.0038648759952739,0.0115804473519514,0.0363354181436156,-0.0748979552648679,0.150555708249079,-0.0914575157891503,0.0448550748829476,-0.0602283499295179,-0.160058710310039,0.0269582227508632,-0.0167895243597923,0.0740938933821621,-0.055689084676937,-0.00816892523205313,0.0888627388484957,0.0374936975403503,0.0019552259796099,-0.0873492691710753,-0.0257063592032608,0.039495700974139,0.0678999116718136,0.0327490643444024,-0.020521244934465,-0.028260227714919,"Lung"
"Lung-004-EGFR",-0.690699354551622,0.42174762731498,-0.586894983719844,-0.620079161751183,-0.485059976687939,1.36150803416634,-0.680696143889861,-0.681748587623374,-0.653340538785706,-0.630557815607202,-0.644552669454001,-0.671063640525751,-0.708611307839226,0.763621675438899,-0.620740145949328,-0.633307274850142,-0.677284369412542,0.191375212098697,-0.620653966006007,-0.610971809022778,2.40596940585899,-0.14403700468495,0.287018663284627,-0.645058073221218,-0.657078624107883,-0.647085033536497,-0.704030715506775,1.11424587836153,-0.617009830222314,-0.627727251206547,-0.735163863070349,-0.631435841711695,0.735632744196241,0.121715800365518,1.45245072295456,1.3950615864607,-0.668828347829631,2.13782182983075,-0.55810156054603,-0.648790736714853,-0.664821381009624,2.73075757966819,2.58827482187457,-0.57350241946271,-0.684536257088275,-0.655962549651347,-0.618666011346099,-0.67416024053699,-0.65662761664535,0.94138921874045,-0.72240995122715,0.816779251752988,-0.659326760341271,-0.635387358753766,-0.616488108787879,-0.567820716247093,-0.729989119113353,-0.67388699174521,-0.726781867438086,-0.692466418636247,0.142822299967395,-0.618038417056487,-0.693372881816329,-0.6126070171042,0.627866513664279,-0.693296716343631,0.923299001505328,-0.616082313324447,-0.681910393641882,-0.593437986718945,-0.627513670777657,-0.673705127378227,-0.655115866148838,-0.634502079030414,-0.608655702040311,-0.702264599845075,-0.656158077162445,1.82976797762596,-0.615969633600544,0.210573506332002,-0.621129960127409,-0.591370473054754,-0.607874378961561,2.3647072072528,-0.654705513911696,-0.651804639869062,-0.532260818419469,2.36622001503045,-0.644323158174199,-0.730935682370641,-0.645200106976832,-0.64047167526407,-0.726029922430342,-0.612350012018097,1.14608831366226,-0.643820125052019,0.144993068110981,-0.689842090386308,-0.653016218349949,-0.642033369171452,0.0399931535767101,1.04194633549523,-0.637568311251583,-0.675173089222819,-0.640245473861253,2.72472526059665,-0.65602343159733,-0.657147218102818,-0.657178077436519,-0.687135536208238,-0.635927763609116,0.501006289208045,-0.630935832634088,-0.603676534863216,-0.655101655892311,-0.655615863179688,-0.651075289741145,-0.681195838759146,0.124503487116911,0.185006349422652,-0.690011782941893,-0.684545120777701,0.794354392913698,-0.70229847763466,-0.629741727039104,0.138828220584457,-0.457106648549485,0.019453307421798,-0.632400097033471,-0.623332440963819,-0.751824020420984,-0.673538555114519,-0.426391517204307,0.111407497115805,-0.696279042997137,-0.622737963469921,1.22359616492404,1.03347444749593,2.71661234291549,-0.708264965904497,0.232553514383125,-0.660741415429789,0.588385406007047,-0.639586900238245,-0.63976242210166,-0.64928948505157,-0.679607234142507,1.96979101538133,-0.681366742950582,0.77888536561694,-0.628651861548498,0.0982017412563872,-0.655825102756236,-0.683450743914667,-0.712199287819285,2.17630825410654,-0.676927125005699,-0.705886667798773,-0.652564007269422,0.997763622265956,-0.705660063579337,1.58779374183613,-0.692954113061581,-0.710953023874933,-0.659063359839144,1.8346291725176,0.162594421195947,-0.657579895661342,-0.699802266208042,-0.63259313373472,-0.696234016838489,0.175601398734937,"Lung"
"Lung-006",-0.481823601299001,-0.58716463423341,-0.365127523315378,-0.525344817577697,-0.353265790992234,-0.506874221004171,-0.528366525290033,-0.579078653816138,-0.45346108276757,-0.457852868688369,-0.495002313568587,-0.488175426897905,-0.604350413488923,-0.536087875055488,-0.443903875264277,-0.407168623311441,-0.439431889808789,-0.424604972543089,-0.493423242346555,-0.382435188934557,-0.52617972855045,-0.142784560871688,-0.464218124752455,-0.379128304955046,-0.42110823705149,-0.450235375149219,-0.39807196424884,-0.344505811948417,-0.442617580615278,-0.390046482946475,-0.645155902134812,-0.455517987180533,-0.47479085323436,-0.483190376959352,-0.560512983748937,-0.517821403133974,-0.515266763116007,-0.0899659498942195,-0.431110847093605,-0.526607727704768,-0.54714624538094,-0.552460511029721,-0.527832326535879,-0.444838760907334,-0.522444262596177,-0.563522915724845,-0.460717548182658,-0.441800495838348,0.666501857914624,-0.506413975931247,-0.37325578719946,-0.526508675298193,-0.401606728924317,-0.514277156433352,-0.392901939519603,-0.430624251305038,-0.633092355321246,-0.477070325281892,-0.616399633447408,-0.586141529863534,-0.538780479887377,-0.429837971881909,-0.590240339711624,-0.366997922692829,-0.535036149750057,-0.523903877887162,-0.560857497987409,-0.383365009970327,-0.580772171028023,-0.513773996442695,-0.379449166553147,-0.524261326923078,-0.426842843074246,-0.493968262914054,-0.428629449643961,-0.605888317541564,-0.424137012124557,-0.479422575321484,-0.389767885525383,-0.408283548511284,-0.484658516269369,-0.4445854922142,-0.385791109166366,-0.53776072128142,-0.529522941937354,-0.49850638838832,-0.413542383417763,-0.553381346130065,-0.510269972650181,-0.48863663643712,-0.390263306826797,-0.446509330352593,-0.416117268270732,-0.497327589310599,-0.459298527253046,-0.436409779199562,-0.527233790226993,-0.589537864649473,-0.436472188864253,-0.33033492130354,-0.561942410891797,-0.524169831825855,1.0928093955966,-0.534717722931654,-0.490865288628472,-0.463087127252645,-0.451767369606244,-0.360655519885531,-0.348481719044369,-0.413265536454694,-0.404633475903869,-0.604160279319394,4.15284902566666,-0.411059074725928,-0.482822005355891,-0.475897263716323,-0.539640344623942,-0.536879827367088,-0.532789125470427,-0.531294403932502,-0.330871603153734,-0.424726488379907,-0.63896866327303,-0.463235592356239,-0.357820678571036,-0.519463742327105,-0.323293266101498,-0.567169163979333,-0.521988880905588,-0.309724902174456,-0.440417808920967,-0.533046308939481,-0.275138524093086,-0.600472230512163,-0.595566513172763,-0.362573430921407,-0.447607741690435,-0.652025089557003,-0.42161731046729,-0.466734839601516,-0.423398187529933,-0.515380297799565,-0.534840212553933,-0.388927912394822,-0.383267662417273,-0.334424520268553,-0.438786980842653,-0.431797358558623,-0.485522573017518,-0.41608090476246,-0.362230485747718,-0.472784527183684,-0.332025680968374,-0.527479685310979,-0.418374898938416,-0.543726087338381,-0.58201099811562,-0.428301010987269,-0.43230888469212,-0.448722799554223,-0.522844644549287,-0.516610325609547,-0.347645484477322,-0.413403586726041,-0.403180229090819,-0.510919288464879,-0.456484766035527,-0.387645404467888,-0.37046925661552,-0.353667220482478,-0.455716054618873,-0.470997464225581,"Lung"
"Lung-0007",-0.330775220706863,-0.525615621507634,-0.188058220820357,-0.427399322849596,-0.288905707836961,-0.340435915345474,-0.390579231399615,-0.436472267231004,-0.295817223729033,-0.27562175761405,-0.327587139160171,-0.324772592333994,-0.510219175911855,-0.398435839550552,-0.297513671664331,-0.242931987877245,-0.306112899409954,-0.290114590806904,-0.332277681177657,-0.210645746397286,-0.385145956341612,-0.142074159363133,-0.297631598439096,-0.241349548407485,-0.293672246334136,-0.302489724791069,-0.253314997754654,-0.249391034405664,-0.28353451535235,-0.249167366391377,-0.582957086349858,-0.304005229560302,-0.333138808791312,-0.347949016049446,-0.446034209004254,-0.36579806377302,-0.365502809689884,-0.561945197365277,-0.278518119289423,-0.366315877596103,-0.480144993803611,-0.402306221388296,-0.39811377712445,-0.278785966246202,-0.379081640847941,-0.4312934551621,-0.299804983616519,-0.270246128453079,1.69009628733884,-0.33021904818361,-0.225043463179547,-0.364668571123523,-0.250221887607943,-0.410092576894137,-0.262692495026123,-0.28088088354563,-0.475203449319946,-0.345909052284376,-0.556082603229501,-0.518539477914245,-0.386982929727923,-0.260813851938951,-0.511819342434933,-0.234409639725708,-0.398244795470104,-0.369696417987845,-0.422878093991347,-0.239472552560091,-0.481311905738155,-0.42235217090093,-0.237546243987636,-0.366619064125252,-0.255376305044713,-0.323988938520753,-0.24274066852492,-0.51843914132273,-0.288357801102232,-0.335358231934412,-0.220787515625226,-0.273149026913856,-0.331394203006794,-0.283949907164302,-0.261690825200825,-0.381420044858427,-0.373252271511939,-0.339718104151886,-0.31293233085337,-0.406218368690022,-0.347718375121437,-0.330166097683957,-0.256117234899778,-0.324849971403422,-0.256478868186863,-0.355931277263113,-0.328917650805228,-0.288174239362477,-0.377074594623585,-0.51463821317847,-0.292177299132409,-0.198550564995152,-0.476058271538948,-0.454045319946661,-0.375967683091219,-0.381107844859709,-0.337533214244373,-0.302582282636099,-0.291805391328619,-0.224989401884293,-0.20081575954415,-0.249994769360111,-0.283249584593518,-0.480693412527238,-0.297753964818974,-0.271255888669192,-0.313416712986847,-0.315870586918787,-0.446634145752821,-0.391685154628424,-0.386284882532625,-0.378125841789541,-0.188570028440281,-0.287290562637367,-0.545291887300399,-0.310333705458494,-0.232704597925458,-0.372140994454187,-0.258489700283934,-0.434681519675425,-0.426152567448812,-0.182819661837305,-0.270589567270915,-0.397686695729928,-0.207422578307187,-0.444032452036416,-0.432511948412167,-0.22738071686818,-0.300543240998155,-0.508505377524341,-0.255871723244416,-0.324987702121487,-0.28242882727299,-0.375847284123672,-0.395528045349124,-0.255275467863875,-0.252005236300198,-0.202089600872573,-0.301428712106496,-0.281637426926039,-0.32898351907993,-0.279286012288817,-0.234742276450983,-0.345513613987442,-0.177663663167596,-0.388010440542961,-0.270202766604788,-0.389070959693359,-0.463129396987948,-0.282678457958034,-0.299397818643377,-0.281490822804249,-0.373416845508631,-0.353976535228625,-0.208020766979492,-0.269176278803729,-0.273590635035572,-0.375433079674027,-0.318692829609099,-0.251016921905383,-0.230249283631895,-0.230065277329068,-0.31651145522841,-0.329380288946323,"Lung"
"Lung-008",-0.694516324135537,-0.701596121079801,0.398655027419161,-0.62671836882853,7.05047846014538,-0.682561993563547,-0.685532961117016,-0.687220887139376,-0.657868610970037,-0.634719239260261,-0.649087863232998,-0.674722327953979,-0.715388136441103,-0.642390493921096,0.175289146513358,-0.638106056432582,-0.681211411047981,7.10239827608767,-0.625261846488753,-0.615893115436385,-0.66448749190922,-0.144118319255323,-0.658935539688496,-0.648700602068665,-0.661295712684582,-0.651367336424618,-0.707608257999211,-0.477720605221622,-0.622388929729374,-0.631904004821647,-0.741694590846588,-0.636457022716151,-0.661476323813289,-0.65087443930851,-0.655821597620019,-0.691745904885404,-0.672597848918666,-0.72948299347907,-0.563216896470281,-0.653928874307407,-0.67321480607784,-0.70311641464321,-0.689034767445946,-0.578203195089433,-0.69014178369818,-0.661272587497276,-0.622350101138033,-0.678741584586055,-0.660962007101423,-0.682239611995808,-0.726527553648878,-0.685146625988706,-0.662849346594729,-0.642456583772715,-0.621745023007708,-0.573703346745237,-0.735346802463461,-0.677609156067167,-0.735578438538362,-0.699992914546366,-0.677996402228073,-0.623018173001987,-0.699873560771309,-0.617130050823431,-0.709480608390949,-0.698394131039669,-0.688022091477834,0.231063749452111,-0.688037135579429,-0.598972691506295,-0.631135616057255,-0.678839632271113,-0.658774425875137,-0.638917629096447,-0.612571302847857,-0.708634621545056,-0.660949013717897,-0.635405115419349,-0.619853132823401,-0.646565351270249,-0.625895017850004,-0.597291687295537,-0.610843116403726,-0.655299652638286,-0.659541438831135,-0.656208253533278,-0.538236584210059,-0.649733392200945,-0.64831309332884,-0.734887505796125,-0.64798536978954,-0.645031285953915,-0.73057119108243,-0.618275302094321,-0.665020499993327,-0.648906726496099,-0.718744793450299,-0.696381878606737,-0.656721726737043,-0.645744641171548,3.70591405416674,-0.637482207403656,-0.644950867907142,-0.679243317204783,-0.644212891655776,-0.634591332382244,-0.66096238474444,-0.660805704379464,-0.661386761926567,-0.691995552111615,-0.640447584786849,-0.691167844542994,-0.635526139122446,-0.608124666544665,-0.659789118579609,-0.658931921793433,-0.657649155858044,-0.685358911587043,-0.661660952258977,-0.644856675570243,-0.694919458636796,-0.688252532524659,-0.730088639098021,-0.705987000813615,-0.633798123912947,-0.684778835008628,8.20601161787023,-0.695910446053087,-0.639021477944061,-0.627542593927699,-0.755712582163307,-0.67775900763329,-0.431871366887326,2.55022941843424,-0.700091715925287,-0.625480191847784,-0.645809350817103,2.4801014084912,-0.641535635618365,-0.71195147374653,-0.700584905928408,-0.665618260204265,-0.668454396780455,-0.642358378503181,-0.642862757202233,-0.653199480600991,-0.684057921033911,-0.639401401043981,-0.684750979015167,-0.662322829502072,-0.632120899038351,-0.65849734635103,1.00344917834078,-0.688380993106611,-0.715419092948949,-0.722291030502182,-0.682647490548577,-0.709113741132814,-0.655569648293612,-0.690713587654368,-0.71050217527028,-0.668132297586173,-0.697700502024102,-0.714872736812323,-0.663243284013496,-0.699652010340905,-0.651577240113668,-0.660775673064075,0.251486632844897,-0.63731238823726,-0.699907431994874,-0.708319530826736,"Lung"
"Lung-0012",-0.635321363323747,-0.629395050591431,-0.516328147240024,-0.57087477767697,-0.418669529114638,-0.632594548090829,-0.638149716982997,-0.637302436915212,-0.598342722484169,-0.571167336536243,-0.5899656664122,-0.627294275096685,-0.657497923468961,-0.585995929119231,-0.583101472780314,-0.568358142878265,-0.574912764091569,-0.489025444148355,-0.567371201481272,-0.539408717173154,-0.622785775174028,-0.143356790532426,-0.604099682580983,-0.519141264390295,-0.5506107136741,-0.598008767499638,-0.545176291400435,-0.42247945000479,-0.5521413698544,-0.533210077434907,-0.685646394479354,-0.57353735084009,-0.618350127661022,-0.603670359399636,-0.609317439913299,-0.623068660841955,-0.631194217490289,-0.66103264112806,-0.489500055270142,-0.594186072582894,-0.603597698548696,-0.657901732526004,-0.652457975758718,-0.512170028691751,-0.631556631724962,-0.612756334178235,-0.572185082775219,-0.612834179230143,-0.610055917123759,-0.623068912361553,-0.523871503517338,-0.640518955157907,-0.555446407677837,-0.570358207999132,-0.525222843893978,-0.499756738649064,-0.685445698003348,-0.610358492890908,-0.662644367912048,-0.636595088309932,-0.628755478937506,-0.55136343687991,-0.644168930680113,-0.501736240484573,-0.6710774434773,-0.641164448999116,-0.643253739356189,-0.529590809268043,-0.635332427266792,0.12128083468496,-0.523653168960741,-0.619858600681366,-0.601089860794547,-0.580108044259859,-0.548038033290191,-0.653981155576558,-0.562118001657226,-0.581538578150754,-0.558130933170273,-0.54560939441688,-0.568257933409804,-0.526901750969228,-0.511903787638401,-0.604624776210765,-0.604995036232102,-0.60220211631066,-0.482300945565664,-0.600613145519452,-0.598977083250101,-0.649676913400772,-0.526584674487189,-0.570141502077017,-0.578344344456699,-0.549674666195907,-0.591793643500606,-0.585785313836928,0.447672679131501,-0.640445726154983,-0.58310694627521,-0.464256276063536,-0.619709606823491,-0.573732616886289,-0.57255354347458,-0.634981328806497,-0.596465038883131,-0.583467789943104,-0.595932482090121,-0.498521582494986,-0.498542211064622,-0.579183881655333,-0.527985713041086,-0.648147280411607,-0.571253709288704,-0.551443590767834,-0.596983614080262,-0.615655318921511,-0.595914427425548,-0.643477659664042,-0.615596294401442,-0.582443603727842,-0.475480722202111,-0.564391057709148,-0.681797012762303,-0.618616916910407,-0.484965625753627,-0.644779597774482,-0.389147678344937,-0.656979351946733,-0.576851509390187,-0.438688021835862,-0.612999963854928,-0.63862249909703,-0.343952543090024,-0.66748941047361,-0.661954611684495,-0.499958412924356,-0.591877833821326,-0.704454703509325,-0.577234886273416,-0.61078053073238,-0.566653489100661,-0.615608535504676,-0.619027756454521,-0.524747648059731,-0.51665862343205,-0.468905365977535,-0.578372633889287,-0.557836859707524,-0.643027320624203,-0.555094045908383,-0.491786027719571,-0.602119249409008,-0.488890813723542,-0.639205076653137,-0.568949771826674,-0.677665459358814,-0.633206613079795,-0.576284960915712,-0.567375219775152,-0.618666588884938,-0.657943069031463,-0.61359470870362,-0.48953433873205,-0.559969666429369,-0.534871231610628,-0.648602524478961,-0.596511119072833,-0.526489437220589,-0.512963018943719,-0.47927347711086,-0.597177978184153,-0.614911085705084,"Lung"
"Lung-0014J",-0.529916595040115,-0.600601576664921,-0.421505438942497,-0.546047592303929,-0.373757696064178,-0.559867284292534,-0.5722372601943,-0.603021560183024,-0.503654041449708,-0.515874276464985,-0.548306406624242,-0.540202012480312,-0.62235386585434,-0.551745174052801,-0.490513730450371,-0.459460686616153,-0.48187994086163,-0.459041660651443,-0.536093158649127,-0.437132025486828,-0.571084124728275,-0.142978527872385,-0.517258380701825,-0.422996321615203,-0.461683172578332,-0.497276797308767,-0.44416180550563,-0.374789846660465,-0.493268774835418,-0.434901637594121,-0.661443181146355,-0.503758836075173,-0.519892103973419,-0.526250500466022,-0.575843026241475,-0.566224818514707,-0.562950802140659,0.179541376803973,-0.458795436984438,-0.560643928668592,-0.565688869946682,-0.600268831010493,-0.569134016501018,-0.480784092604182,-0.56809015196897,-0.578981795235802,-0.511951245162456,-0.496422485723821,-0.511808864088592,-0.562513495331354,-0.420445795748389,-0.578037695911458,-0.449806849954336,-0.531799833550689,-0.434359927844357,-0.465917225370385,-0.649554039623282,-0.518831370694096,-0.632740434025776,-0.604458869300349,-0.587112005198128,-0.483654344560989,2.72048020463435,-0.409213320420916,-0.578589782827334,-0.573002705525683,-0.60478939971833,-0.429179596174403,-0.597974796851361,-0.528033039975897,-0.424630295539979,-0.574453777370733,-0.481436868564203,-0.54808876756374,-0.487815439933001,-0.62332830563058,-0.467368384220509,-0.52529188909812,-0.44357032842561,-0.451309654954231,-0.53345705108038,-0.490990992989372,-0.425303973565355,2.04840736639708,-0.572775907548894,-0.549063725911617,-0.445576084204914,-0.568224326377107,-0.562025528928964,-0.539092805503822,-0.432974696199479,-0.48524501732623,-0.46694527811752,-0.513706687287051,-0.500811098592014,-0.483607179540101,-0.575043672239744,-0.607301080575573,-0.482414907359786,-0.372294353097968,-0.580004390273026,-0.546497100067224,-0.533811933184524,-0.583626283723397,-0.539685398216928,-0.514191008388633,-0.502698405013325,-0.403850883770528,-0.395497768062428,-0.465250072463659,-0.443281455459664,-0.619407198756592,-0.525485070323731,-0.455571658877149,-0.536759741289752,-0.526848898784945,-0.557241032469985,-0.583109031943078,-0.579435290169681,-0.547326611292731,-0.376179660845047,-0.468485349551631,-0.655776339824631,-0.511918732557771,-0.397656967181424,-0.566370514604999,-0.343926373673053,-0.609352518897181,-0.539142572950623,-0.350130849628683,-0.494490209636058,-0.576144083343739,-0.296698917816531,-0.627408401958122,-0.632841758580012,-0.405618065530002,-0.494432289451952,-0.668702744099208,-0.474389815923359,-0.51186636745321,-0.468282075287938,-0.559806860514682,-0.579196458937883,-0.431482133453757,-0.425060914439895,-0.376559248395345,-0.482521116440292,-0.479607474919093,-0.535363767684748,-0.459635664381617,-0.402822047389999,-0.513306902913754,-0.38117371901322,-0.571885944348059,-0.465552110670096,-0.592967449984637,-0.59828110438215,-0.474666450351452,-0.474627054821113,-0.501968563458631,-0.570421653821684,-0.568392051651364,-0.392101245197176,-0.459324787536082,-0.444440860362607,-0.554057370222798,-0.500356979098328,-0.431147180064411,-0.415114543487483,-0.393021415841367,-0.500038051988033,1.52428136214557,"Lung"
"Lung-0015",-0.689526432623674,-0.690021236973438,-0.583765174431142,-0.618060223572946,-0.483526159600284,-0.677429502202022,-0.679214181958199,-0.680074903014179,-0.651952496893092,-0.629281333003192,-0.643162702889592,-0.669939311966053,-0.706544606168671,-0.635879711994856,-0.619750406976095,-0.631837702743753,-0.676077965133161,-0.551480829713268,-0.61924263810142,-0.608996599564444,-0.659024084635134,-0.144011821515398,-0.653749594194965,-0.643938774019458,-0.655784475125384,-0.645771635970722,-0.702930248514313,-0.470739790894227,-0.615365642933482,-0.626446147753445,-0.733170598557223,-0.629899355403698,-0.65648593977326,-0.645061930975264,-0.649895382669953,-0.683184129327315,-0.667670369121598,-0.718671579900732,-0.556539186483945,-0.64721842107423,-0.662275463425145,-0.697306224716033,-0.68364923149349,-0.572064058404803,-0.682822036115726,-0.654338629872719,-0.617534851391345,-0.672755466404601,-0.655298224983424,-0.676498293262532,-0.721144567456987,-0.680205438149278,-0.658243872151338,-0.633235608856121,-0.614881004245643,-0.566027099258287,-0.728348406004612,-0.672743096545236,-0.724114007666181,-0.69017695331021,-0.671974727154312,-0.616514541468896,-0.691389268936539,-0.61122137237755,-0.70408268257218,-0.691735477176402,-0.681562392977415,-0.614699786555829,-0.68003959078214,1.8792007332316,-0.626401029567393,-0.672133230558675,-0.653991766954171,-0.633148568665475,-0.607454234878207,-0.700320453767446,-0.654690253512737,-0.629272694891671,-0.614777822894622,-0.641936847681375,-0.619671185642786,-0.589563794264087,-0.606960960724979,-0.649328749951561,-0.653224444149159,-0.650454446000725,-0.530443717876749,-0.643549443171229,-0.643098641318602,-0.729721008865336,-0.644342320035301,-0.639074352349973,-0.724635917973517,-0.610541572474839,-0.660200607656777,-0.642263394652784,-0.713452470094549,-0.687847217842156,-0.651877799212765,-0.640893006033023,-0.67337215357815,-0.627377627836277,-0.635323318262251,-0.673923623906411,-0.639027873947591,-0.629621028006989,-0.654510937152484,-0.656022744291113,-0.655886434633953,-0.685645925432578,-0.634542365797103,-0.684749036160889,-0.629529408972231,-0.602314015313048,-0.653665280605076,-0.654596141287682,-0.649071013059888,-0.679918051785738,-0.655849275005375,-0.637521969647806,-0.688004280777048,-0.683405407204057,-0.722842721102818,-0.701164423637684,-0.628496779429663,-0.679850818053669,-0.455881736424311,-0.690152915652065,-0.630382756399345,-0.622040852276553,-0.750628229242631,-0.672243510529378,-0.424729644877462,-0.721867506497073,-0.695107599407631,-0.621893569244719,-0.640159122051082,-0.743927933851384,-0.635762386819531,-0.707131338431602,-0.695777036006839,-0.659247919532752,-0.661867537761694,-0.638733389150411,-0.638808413431611,-0.648088534093915,-0.678241799449428,-0.630314958348536,-0.680325847967641,-0.655863433855877,-0.627585548883231,-0.653598611316769,-0.652896695461187,-0.681940433943391,-0.711207987050668,-0.716837449348769,-0.675178969902392,-0.704893224251063,-0.651638834631457,-0.685507155033579,-0.704175713438106,-0.662257727479454,-0.691498135881611,-0.709748183832538,-0.657780383471248,-0.694821826140696,-0.645606769980285,-0.656596543742007,-0.698361533039273,-0.63114724818012,-0.695104543424699,-0.703721234793502,"Lung"
"Lung-0016",-0.674032143184886,-0.656408350518241,-0.54569023694164,-0.592265579689013,-0.462351056002812,-0.659872763432987,-0.659824162694178,-0.658301989159687,-0.627009420413189,-0.600149836602511,-0.62007329396661,-0.652947515315598,-0.67990478703579,-0.615978985773845,-0.605637633179692,-0.59791975702621,-0.660156388396954,-0.518128412324157,-0.597579602291666,-0.569715922151437,-0.642167035938934,-0.143670271233458,-0.6311592397731,-0.612652430996977,-0.637102190722231,-0.625065471185961,-0.643423605794202,-0.448586613760737,-0.584265676412426,-0.601958136190848,-0.707410055902859,-0.603886898720096,-0.641022457559302,-0.627192090635979,-0.631684106101424,-0.65724558401105,-0.652388921945271,-0.686915871534207,-0.519311127746978,-0.626623751283551,-0.630006430018404,-0.679382568727331,-0.666987425434746,-0.542605295834873,-0.660530846229222,-0.633219033705148,-0.598034546023272,-0.642188549290081,-0.637231681581103,-0.652964453635369,-0.62446398723453,-0.664872754752546,-0.636868918113154,-0.605669053046931,1.63847564150735,-0.532734596065137,-0.706916923293979,-0.65762763970416,-0.690308170658672,-0.660900806554353,-0.653461933267974,-0.582409842432067,-0.665775020656055,-0.584385901066436,-0.687362126924401,-0.671332593294994,-0.661767343530975,-0.586178855023208,-0.655828920207903,-0.569989574856833,-0.604475254794991,-0.651620948820341,-0.62849026722154,-0.609972913164128,-0.575937934800882,-0.675198403775785,-0.631526668341812,-0.610493242128497,-0.584234741128665,-0.625392914734904,-0.598403377231529,-0.56190339821151,-0.594732910767042,-0.630992809798599,-0.633872815108853,-0.631239900694453,-0.507234605615226,-0.624602508397657,-0.626792841558482,-0.712450468865587,-0.617630318938676,-0.620779397655558,-0.686691766084846,-0.584682583108416,-0.645233344951451,-0.615847137338911,-0.697037646886559,-0.66211471979912,-0.634523521747069,-0.553699011705074,-0.645026512715481,-0.597776102476214,-0.606646562360503,-0.657473672554239,-0.623010719769629,-0.609714426319163,-0.626304228978574,-0.590598890210512,-0.598763874309104,-0.652751055576815,-0.610369598395485,-0.665078499315638,-0.601626445413308,-0.578411482855554,-0.627503683783374,-0.639477167326954,-0.623259293184328,-0.663102911671056,-0.637974046143641,-0.615255633794855,-0.572061549282109,-0.65766954324559,-0.700727795275741,-0.68446974911436,-0.569882567636324,-0.664555301584731,-0.433130199248149,-0.672396452416615,-0.604460421238682,-0.524819275809909,-0.726395433722603,-0.655216454068573,-0.389911711593092,-0.695017876599656,-0.67963959581179,-0.591714418890869,-0.619078164824559,-0.722724495834062,-0.605631136416412,-0.692121425997638,-0.66233013522331,-0.639738038366381,-0.6417307690186,-0.615458265001628,-0.605747122308087,-0.558721771681864,-0.658515080249893,-0.594197018085699,-0.666534071413117,-0.630513216029942,-0.578312945792093,-0.638405193380247,-0.593657126949193,-0.662191368380072,-0.669514977235002,-0.69994313786917,-0.652495569671739,-0.675119753442724,-0.639348560167204,-0.661238022207638,-0.684722006307283,-0.643426361141485,-0.584298368743013,-0.657857498765063,-0.622824370569348,-0.679797785881152,-0.626873885956621,-0.619219906824631,-0.608131051983182,-0.563162765915233,-0.680155252322402,-0.689381701482976,"Lung"
"Lung-0017",-0.681167247168479,-0.671479322089663,-0.562524208627955,-0.603948044466704,-0.47276986527915,-0.668843972690587,-0.668710684261195,-0.668251984434093,-0.642105752103663,-0.616720708537781,-0.633305778771584,-0.661925828486031,-0.692023189562012,-0.625084924169154,-0.612689775618068,-0.614821876652446,-0.667484797108385,-0.534854433226945,-0.609246425220862,-0.587085961378926,-0.64990975822955,-0.143829631749841,-0.6450843566498,-0.635946560157734,-0.646584576396421,-0.636445120290231,-0.695072309408623,-0.459359902297624,-0.602707182599793,-0.616361945364479,-0.719143946207791,-0.619035562633036,-0.648137360306491,-0.63538807727111,-0.640035114886168,-0.669105102078476,-0.659422476768551,-0.701218468288484,-0.536449035227424,1.30078740164936,-0.644562479568295,-0.687614572133767,-0.674648852350656,-0.560087141295924,-0.670715592946358,-0.642869097701897,-0.609485835479712,-0.658928824451366,-0.645857870000406,-0.666923644036661,-0.682442342690133,-0.671931513094667,-0.649883585493439,-0.618170320997027,-0.603143607488534,-0.551742814897825,-0.716730897222119,-0.664589348574785,-0.705555959724213,-0.674165418382906,-0.661952781562102,-0.600210747653281,-0.677437166890331,-0.599090297795092,-0.695054362839752,-0.680677701670611,-0.670834446137853,-0.60149896050935,-0.666864123878494,-0.579889178249057,-0.617456084352457,-0.661009316254679,-0.642895393049297,-0.623547350658819,-0.591891429521297,-0.686640525357936,-0.644288121264056,-0.619092726534925,-0.599113347646349,-0.634179606302582,-0.609348097080384,-0.576719596797029,-0.600435616450623,-0.639398672339638,-0.642735583292185,-0.640872127728742,-0.517744187146071,-0.633280471518853,-0.634392698663599,-0.721060055840014,-0.638203209746182,-0.629166854219843,-0.711433363255641,-0.597816791626761,-0.652125905511315,-0.631253476647545,-0.704593208053404,-0.673824580466135,-0.643767914532387,-0.605251001757576,-0.657882946940173,-0.611094237403571,-0.619632280148955,-0.665036155377261,-0.63037118066315,-0.621315502397866,-0.643661731928267,-0.643669365049692,-0.639904603817466,-0.66942213698581,-0.624715893566138,-0.674088726149325,-0.619015704838735,-0.592661854125596,-0.643482709625205,-0.647318953173716,-0.634995457554351,-0.670831527323321,-0.646173975698473,-0.625415923516586,-0.627727711561009,-0.675276730248523,-0.710841082978344,-0.693074097654934,-0.618826031986166,-0.671597645559254,-0.447240340579388,-0.680550820133281,-0.616233809246421,-0.574462631597616,-0.740611767817658,-0.663038998613911,-0.413165955127573,-0.707244128845091,-0.686761057792894,-0.615852211155393,-0.630747127818032,-0.732439953472867,-0.621840699250411,-0.699041447756928,-0.687708859362329,-0.648672386011415,-0.65094551507946,-0.632625297920249,-0.63199173413018,-0.610489133449276,-0.668540511489274,-0.615158168531179,-0.672894738903635,-0.645138180729411,-0.61998203459647,-0.645398430134229,0.495756749938768,-0.671239726830447,-0.704117618519766,-0.707715557759439,-0.662848366046084,-0.697788822889314,-0.645024064523198,-0.67628829751323,-0.693645127311581,-0.652475348516031,-0.638917386122347,-0.701156892585414,-0.648656804465923,-0.686721135363655,-0.635676347503924,-0.649570544438772,-0.662982924048303,-0.6115139232332,-0.687046033534085,-0.695996480724991,"Lung"
"Lung-0020J",-0.712198281091418,-0.746257534299595,-0.614183190392495,-0.658969830047002,-0.514347807082987,0.925335516006204,-0.708231023897806,-0.713106487586685,-0.679070956049414,-0.654148091014436,-0.670340777983384,-0.691668059828227,-0.747867278888857,-0.665883071059604,1.45246197451967,-0.660674132536367,-0.69942560622812,-0.583884022889876,0.483712894004427,0.141989176903685,-0.683988909124869,-0.144482649435837,-0.677394412415577,-0.665575429033089,-0.680945436028688,-0.671372294143729,-0.724107528932477,0.451631444870559,0.0513496926907102,-0.651410454784404,-0.772880940594182,-0.660153457629097,-0.0615324157851004,-0.671708096873763,1.49849487308341,-0.723103024045784,-0.69008355113824,-0.770549396187636,-0.587559402934306,-0.67817440774585,-0.714468076422706,-0.723860085541973,0.265467936628716,-0.600391559665689,-0.0917025822755171,-0.686399885808756,-0.639477752469098,-0.700165998817626,-0.681209169731337,-0.702744348968751,-0.745596333959478,-0.702669548945557,-0.679139356726815,-0.676631083830369,-0.646659640114808,-0.601918007000506,-0.125645253251034,-0.69484492809753,-0.778849608665434,-0.736495188608322,-0.699579704805134,-0.646513476162284,-0.730947071467625,-0.63836662453485,-0.728661753589621,-0.722353253767432,-0.711264329006444,-0.641780097066321,-0.717231138793789,1.7587313356451,-0.647937107205636,-0.703020850554327,-0.675731919321532,-0.659595349793068,-0.630826308699589,-0.200687715876626,-0.683436537426635,-0.657485592477978,-0.637945886345334,-0.66295383765696,-0.648337172311737,0.0706824015736239,-0.62452031722646,-0.676728568899738,-0.682276651433539,-0.676807441116109,-0.567264933222014,-0.671985932250895,-0.666899302577199,-0.753173585616195,-0.660764355456137,0.642268071449617,-0.751706576045553,-0.646565959159236,-0.682098870865251,-0.672896465032129,-0.737522659958919,-0.177823366495259,-0.673903868352502,-0.662941604147492,-0.71797505933778,-0.675992765556251,-0.680799242040985,-0.698183415705762,-0.026796723533315,-0.6522804512571,-0.684190358461574,-0.677736493049293,-0.680992173345279,-0.714764560051969,-0.66161923125912,-0.169148676058531,-0.657066364105583,-0.629021826492506,-0.68177313076609,-0.674245891187612,-0.689189835276327,-0.704743139551985,-0.682480845404574,-0.671537847107441,-0.717880318963241,-0.705396647280671,-0.756284921140914,-0.723034319025904,-0.652691310198335,-0.702250381297263,-0.480134231446274,-0.716473137645085,-0.670893320185048,-0.647188282274016,-0.77366899536663,-0.697434204885422,-0.458827187944166,-0.763304874808499,-0.717764380645445,-0.638070693803729,-0.666029610890818,-0.775691794427403,-0.662220059943761,-0.728976777275301,-0.717570801795045,-0.688553817489229,-0.692219854805075,-0.655076091118262,-0.657139660783485,-0.671348515095601,-0.704823045923035,-0.673015811546058,-0.700366247221582,-0.685570801070908,-0.648170541068487,-0.675879438823394,-0.685843204933684,-0.711536457802417,-0.730211930516573,-0.741668058702833,-0.709804294801996,-0.723946105521462,-0.669391020459657,-0.70920294496505,-0.733172758228939,-0.689167806798049,-0.719855734019672,-0.733007542483594,-0.682704194136561,-0.716735081562858,-0.673000852545889,-0.675493732454571,-0.726399425366431,-0.659461272327502,-0.716880619859937,-0.724535358850592,"Lung"
"Lung-0020J-1",0.171441328990837,-0.284044996406479,0.400674566699885,-0.101743077956738,-0.0749166615870381,0.212950167165101,0.0675459008166933,0.0376757319390921,0.228328448386072,0.330273383350437,0.229046907023134,0.218520936956445,-0.0330911545693924,0.161621101042178,0.189215035212918,0.30313382268216,0.137155695094791,0.157048730099257,0.20351070273015,0.36053218194161,0.0837733011301607,-0.138145598172403,0.256247298794031,0.216747198235688,3.32259620993692,0.188745669225359,0.227983404601055,0.0668534378324709,2.90232363338613,0.219237680808745,-0.125569426452923,0.199755314372159,0.13783612479574,0.101711214575601,0.123078739953057,0.139660099155207,0.132443183930833,-0.297429287795235,0.22883318740031,1.50519194188656,-0.059480698324312,0.0969375902329603,0.0331838115144712,0.273318341495827,0.097580743533597,0.0421269302621744,0.235208716382226,0.300150205066452,0.156539913517142,0.255606555114963,0.267743561084947,0.173429079461665,0.253113350971976,0.079823129226723,0.170237256985939,0.21699666536578,0.0637739046009825,0.0901854077855878,-0.171449282395586,-0.082590844552304,0.117724512978815,0.301169732397971,-0.0119466863186751,0.206429446009927,0.0565689649002865,0.143023666429347,0.0358857797596073,0.238951467643265,1.25999115309692,1.98973162384393,0.234262827274816,0.157521300693585,0.314728007098359,0.241170578463821,0.375315757602489,-0.0530891997086569,0.163090712367377,0.143637287161459,0.341050605413945,0.176155976659538,0.178190039451009,0.25014287136255,0.150926749283223,0.138392711708465,0.146327724065265,0.188232635399329,0.0215832281067424,0.109157675451479,0.19274489988162,0.196728178768221,0.189901299920624,0.0796518395419701,0.274298397846016,0.173493974089116,0.104582090532608,0.204689974525247,0.122185528693829,-0.0369294480285533,0.187584757078027,0.239615567404764,-0.0069155331657926,-0.220890285333602,0.0897024997500671,0.129625356399076,0.172276325277388,0.231075800668772,2.911654204712,0.226083091752334,0.290154672560331,0.292859652483446,0.120336331679131,-0.00359884830572474,0.276563303244416,0.193571827211818,0.249834220923142,0.216197649535025,0.0588970741363532,0.0910685650172468,0.100822990559934,0.14357012521641,0.284564510235252,0.169666315419573,-0.0564548971771393,1.47489166157556,0.183290370621718,0.117688302878763,-0.0430261308936099,0.00582295537459702,0.0522149079960157,0.239124033890151,0.29406761891253,0.0523667086695557,0.0177242820483883,1.38250001668875,0.109623628318399,0.222117769179287,0.188427417483338,0.038898982903157,0.295211159050583,0.146303403653141,0.186276268695589,0.0880821431400828,0.0676670956397457,0.189101818988664,0.184425544957164,0.237907083388692,0.155269966334768,1.47157389375455,0.191488817354834,0.17553951212308,0.18913971651801,0.0776458972349332,0.335570306507377,0.075706963256759,0.222450625442268,0.125137562731459,0.0107797782823629,0.201497908937309,0.142514479561871,0.274534114591715,0.123411477767188,0.186760020497213,0.256213563765366,0.210361076532251,0.157278193534558,0.0750412388445331,0.139447738445746,0.203255310832109,0.235964195483136,0.180895377681601,0.146326036533265,0.141478709130172,"Lung"
"Lung-0024J-1",0.242953441904092,-0.249647034353739,0.484505984844562,-0.0553719136259242,-0.0444461228386947,0.291748462523836,0.13277970524464,2.77015823484216,0.302963114467591,0.416548600207255,0.308307689619791,0.295882123550254,0.0348485279378066,0.241369279786238,0.25852178797779,0.380889762677162,0.200274032792367,0.220721649509322,0.279803209280743,0.441863911311167,0.150544113258324,-0.137315210003643,0.335115767511459,0.281976960757168,0.190369225915692,0.258694142618019,0.296516920103381,0.11188443177423,0.32071237507813,0.28593527300214,-0.0604406329088421,0.271487281231116,0.204899650779236,0.165739676410282,0.204116430747447,0.211633795047959,0.203347199622752,-0.259764078227942,0.301076453681608,0.242522353106998,0.000418945793351214,0.168026406102106,0.0945975619703705,0.351934121120989,0.165454122604667,0.109538671428955,0.311390913379669,0.381370640817738,1.42668849703571,0.33902401062452,0.337912975738036,0.250050409384318,0.324784757332849,0.149583688322566,0.23188341605424,0.287890935011342,0.140520498106269,0.152282199076413,-0.114378588472754,-0.0205148179615298,0.189591311579387,0.381192251693049,0.0592316725943242,0.269201838705243,0.121331253211341,0.21603140898941,0.101210536500392,0.307075691294978,0.0851681604536678,0.857768421144365,0.301445128610634,0.232155211053341,0.395906861054587,0.321645328284257,0.463322656137767,0.013173366885205,0.227373813131756,0.2118428882456,0.421052411756056,0.240133856654471,0.250751260118453,0.326193935603973,0.20968059679037,0.212410401017465,0.220312269842494,0.263409116385791,0.0692158966000386,0.182543608040955,0.269703078123174,0.271754226821942,0.253411209824385,0.13725005926485,0.349877356371351,0.248880415210214,0.166309412081605,0.27487038043911,0.193276667234086,0.0310929283220811,0.255899507668924,0.30200735029963,0.0598871010746895,-0.187690644319025,0.156010666447735,0.202350180738225,0.244869626665973,0.307064967360591,0.315779883707456,0.290312649930799,0.360065417235836,0.370158313257758,0.177804134426895,0.0643360701421988,0.358342052563806,0.259760032525453,0.330037201905193,0.291960433190293,0.13088117282774,0.159809307490548,0.170183733933469,0.217855970478533,0.351935548830641,0.234733768652179,0.0131520603293697,0.270435149769582,0.242525135346224,0.187436557969476,-0.0123456303959478,0.0685477018560405,0.120331080070861,0.299205855626325,0.374470840351434,0.11645115569103,0.0497836152374348,0.150174414215316,0.186819930592366,0.286123199720989,2.71425253999311,0.116845523007564,0.37368149485884,0.213411950337752,0.25301658572835,0.1541424384574,0.133622833743583,0.252378026697495,0.246570226025275,0.300559524024698,0.220300653753748,0.288716630599031,0.265600426209151,0.240303475551111,0.249497538181484,0.137900842566921,0.408651222722516,0.14173706792043,0.292601011805224,0.198357248420298,0.0782611196936797,0.270441226397086,0.205439690182732,0.353708164370778,0.194156345044054,0.263757111996227,0.322317275199032,0.278643831295225,0.218630891565034,0.139185621083279,0.20468374082879,0.267940489407825,0.302349723758194,0.239413291481369,0.212230847896568,0.208525726710417,"Lung"
"Lung-0025J",-0.679640515805353,-0.668198886527243,-0.558829241101975,-0.601421057775981,-0.470837436970139,-0.667277580975242,-0.666803164826263,-0.66611215701249,-0.639775981030604,-0.613086148683746,-0.631514686939122,-0.660462120938679,-0.689409246849001,-0.623128223289913,-0.611398902279144,-0.611114788601143,-0.665916207620295,-0.531180757415331,-0.607432297636208,-0.583273718810794,-0.648250180332626,-0.14379583472049,-0.643190988702244,-0.63317292119637,-0.644908661307001,-0.634748048654438,-0.687600490962789,-0.457322126557359,-0.598657994818591,-0.613208534405182,-0.716615123514855,-0.617067491360656,-0.64661409456834,-0.633629654708579,-0.638243202230022,-0.66656822519581,-0.657916971381686,-0.698114001131361,-0.532684545253061,-0.634086609678197,-0.641405783857477,-0.685850031839908,0.145948085036606,-0.556247975950776,-0.668524981507119,-0.640793577198413,-0.608018112145242,-0.655259809782249,-0.644140032225794,-0.665180706071054,-0.669695377318023,-0.670420843723376,-0.647038264099186,-0.615468373211675,-0.599559316493622,-0.547564555144612,-0.714623142689968,-0.663099869910705,2.27539935664685,-0.671296897322387,-0.660131092432478,-0.596303490069633,-0.674923062740224,-0.595869987596621,-0.693407343401583,-0.678670946730974,-0.668887453524036,-0.598141829548995,-0.664486868090805,-0.577753963595355,-0.614617156972806,-0.658992302095122,-0.639741364445352,-0.621802198128401,-0.58839216103169,-0.684174438227911,-0.64239924001433,-0.617245795437048,-0.595852781609292,-0.632762354365208,-0.607476350890181,-0.574357394219313,-0.599240878608947,-0.637594665643022,-0.640832284608316,-0.639129537379138,-0.515470589815999,-0.63141693694061,0.971430658425529,-0.719477417257375,-0.637077067756107,-0.62736685483569,-0.708049501376081,-0.59552302843871,-0.650651093346701,-0.62921858070064,-0.702976018743638,-0.671299342231208,-0.642287357710415,-0.59391691980753,-0.655104525877648,-0.6082014881194,-0.616823005569087,-0.663416168418137,-0.62879403365522,-0.619801361713958,-0.639855248560001,-0.632001433116473,-0.636821696302308,-0.665769879929117,-0.62292996493638,-0.672153969938539,-0.61520027822398,-0.59042634409341,-0.641127460667685,-0.645987984764714,-0.632463161007197,-0.669175704008852,-0.644414915586081,-0.623228716848233,-0.615489098765058,-0.673790943513782,-0.708667130769393,-0.691594937454874,-0.608065453484822,-0.670090589048633,-0.445678434589033,-0.678802804405097,-0.613691663597928,-0.563548176846215,-0.737505399087392,-0.661362559012889,-0.410577242472305,-0.70460864070337,-0.685237028218965,-0.614443178994581,-0.62903522102247,-0.730354194465884,-0.618287048736773,-0.697561876900799,-0.686233414679351,-0.646753594761655,-0.648965562782303,-0.631504924930097,-0.630743398711443,-0.599107700452961,-0.666774263762692,-0.610550538451889,-0.671535086583773,-0.64298276238199,-0.617219757110773,-0.643901582031102,-0.629460624633122,-0.669297084216708,-0.702817793742699,-0.706051404662585,-0.660620048101142,-0.69648667029465,-0.643811920456079,-0.67299378936393,-0.691730798327311,-0.650696516603617,-0.626908995789046,-0.699586904139478,-0.646994212680774,-0.685240399461555,-0.633872132402291,-0.648283941845955,-0.65092333890976,-0.600883567763645,-0.685572529661478,-0.694582721340977,"Lung"
"Lung-0026J",-0.659605160718595,-0.640629060545499,-0.528423263709276,-0.579838924035279,-0.436630530533666,-0.643865432737206,-0.650181544080985,-0.64755860896347,-0.610174789212015,-0.58311893569065,-0.60237991069729,-0.637901112431525,-0.666921355381555,-0.599657089020325,-0.592426898297234,-0.580548038278054,-0.612118163126852,-0.501002462388787,-0.579820167688175,-0.55189461213316,-0.633733270908023,-0.143491714753976,-0.615276011161783,-0.557591252652308,-0.586174340970653,-0.609185326358117,-0.585573692291657,-0.433213520564654,-0.565367507326525,-0.57252528475451,-0.694810022590534,-0.586047152435815,-0.628692734021023,-0.615021387318948,-0.622613995806751,0.393140664699236,-0.641884075210962,-0.67183412784562,-0.501767306417636,-0.607548949528424,-0.61462693117293,-0.669916608526024,-0.658626212460462,-0.524698325735561,-0.644962166374557,-0.622802119190769,-0.582858942363978,-0.624950738036132,-0.621284159613773,-0.635405073748813,-0.565233192805663,-0.651527920682864,-0.597693452995382,-0.58581993284844,-0.561560460358445,-0.513313200864679,-0.696283277560984,-0.646961736624217,-0.674198270999876,-0.646783210569218,-0.641093265245763,-0.564151940720954,-0.653262180673632,-0.538737720622071,-0.678960043268021,0.402746667209883,-0.651938166055895,-0.56974695116575,0.255045010007922,-0.559381267109613,-0.563254090348822,-0.633047432093147,-0.613616426877647,-0.59242060980927,-0.55954283907553,2.09659077232122,-0.600009975723851,-0.593542564125605,-0.568908162010026,-0.583321454675014,-0.580681638067592,-0.541289577758107,-0.546536517540699,-0.617099509626992,-0.617806719726583,-0.614183699663153,-0.494287163443524,-0.613501846202484,-0.610458188700558,-0.693901367936565,-0.564020887588824,-0.604093041782957,-0.622894714653078,-0.564070482806997,-0.628179101568532,-0.598183105911408,-0.686573385043959,-0.649561537293149,-0.620416860360823,-0.501033403976034,-0.631320514140967,-0.583757303303454,-0.588097882271149,-0.646418322410767,-0.607570510366684,-0.594306931532785,-0.608458564912908,-0.53638199563423,-0.539751426126176,-0.624747938376585,-0.561860377851769,-0.655310645793859,-0.583771919891892,-0.56257246163616,-0.609568575813931,-0.625510966300659,-0.610696275917107,-0.654674718909188,-0.627567218226213,-0.596466075544272,-0.515192895649621,-0.602745372002546,-0.689794919584934,-0.661287324916488,-0.519881834556476,-0.655372083671309,-0.407232442698015,-0.663516996478384,-0.591880918746708,-0.474103532351579,-0.660394018363996,-0.64669241302027,-0.362850066814733,-0.681784741198761,-0.671850444046121,-0.53768671298099,-0.60311128742923,-0.712186474626634,-0.588951644233479,-0.650337977096758,-0.605993880776433,-0.627911739612327,-0.631705740359889,-0.562046104310701,-0.553290096018353,-0.505836139813306,-0.616705276402085,-0.572782378785222,-0.652854366524279,-0.593269466718633,-0.527364227681848,-0.630759826009809,-0.531968701209687,-0.651584295424123,-0.610300244800471,-0.689149960671927,-0.641341701499109,-0.616923921485288,-0.604466779152816,-0.645688808781626,-0.670325732427946,-0.625902114842097,-0.528499480263327,-0.600219255231244,-0.571035866095347,-0.672213223703302,-0.610662743497088,-0.564618417931591,-0.552094278728754,-0.513767134787126,-0.636025877139699,-0.654432263451446,"Lung"
"VU271-CRC",-0.662090971795915,-0.643291431429684,-0.53131296370569,-0.581949263054622,-0.440928181788459,-0.646551015344293,-0.651832879917609,-0.649394591174523,-0.612996742140467,-0.585971626905108,-0.605343323906319,-0.640426920240476,-0.669132865587927,-0.602922129259091,-0.594646010489471,-0.583457757390442,-0.621020552593825,-0.503866341149817,-0.582793302703241,-0.554877381324958,-0.635179951443827,-0.143522719663257,-0.617939950345466,-0.566791443468288,-0.594683892521256,-0.611849055688954,-0.59523985380347,-0.435782333558286,-0.568528873513686,-0.581932502432845,-0.696958312055785,-0.589034285858991,-0.631154518695618,-0.617727088857672,-0.624167901341727,3.52810421770732,-0.644429617932539,-0.674386275718162,-0.504700816435585,-0.610741361893995,-0.617231301288742,-0.671954864288746,-0.660061624286824,-0.527693374420179,-0.648162618693088,-0.624582116542011,-0.585403665462105,-0.627840398585895,-0.623959687591377,-0.638347876593636,-0.575130086176106,-0.654150197457113,-0.607802191538634,-0.589521964208583,-0.570255209573773,-0.51655794200046,-0.698103209780789,-0.651317997459456,-0.676926382871316,-0.649181222008898,-0.644036326313893,-0.567207398425914,-0.655394833304162,-0.547591317024194,-0.68040300408875,-0.657223787865779,-0.653620768989393,-0.573042612855686,-0.645990117962276,-0.561188388534371,-0.572729672780112,-0.63619622009543,-0.616112799536468,-0.595360076467101,-0.562288954481715,-0.665008134697605,-0.609076646679154,-0.596407357815464,-0.57147788705511,-0.592345076426832,-0.583648608293348,-0.544733428263956,-0.554823326925611,-0.620077108304853,-0.62086549126951,-0.617042061722314,-0.497155426386021,-0.616579820062992,-0.613196350213228,-0.69984842438481,-0.572978505510954,-0.611564538149085,-0.633554585442496,-0.567515091106741,-0.636885298170446,-0.601142128614616,-0.689201107145851,-0.651700293580346,-0.622786955322604,-0.509833318091822,-0.633650205805844,-0.586127798319515,-0.591820367495084,-0.649143878173222,-0.610217960518419,-0.596890796330402,-0.611448089285165,-0.545441114791265,-0.549611835948901,-0.63565036085143,-0.569965799834255,-0.656982776983477,-0.586761271094704,-0.565227140604661,-0.612572610368643,-0.627856618310508,-0.612835352516573,-0.656121162894104,-0.630422552315731,-0.599818681594131,-0.524695098119572,-0.61192267025582,-0.691664253762512,-0.671497364336446,-0.528236473870451,-0.657893324905429,-0.41155970755376,-0.665039934951751,-0.594021128249039,-0.482577642990299,-0.67173431688512,-0.648154824610885,-0.367371806146147,-0.684081731542809,-0.673188916887143,-0.5467142205401,-0.605789087667407,-0.713990854849829,-0.591746859885331,-0.65980315696272,-0.615407124487348,-0.630846951822039,-0.633464131005475,-0.570970760212069,-0.562055158191262,-0.514672817836577,-0.625877389100657,-0.576359904414595,-0.655191539383065,-0.602403959908602,-0.535877266133543,-0.63207332774862,-0.542276241022728,-0.65405841217998,-0.620194454366842,-0.691884368815181,-0.643246064194303,-0.626647882628111,-0.613341929428829,-0.648299165670004,-0.673277339907657,-0.62883856897403,-0.537822935313973,-0.609850048736758,-0.579689224733115,-0.673517431352244,-0.613381626741244,-0.573741799082397,-0.561457482026456,-0.522020667412387,-0.645321278759972,-0.663888765077921,"Lung"
"Lung-0029J-1-WT",-0.667438169510749,-0.649003708889682,-0.537544746466685,-0.586458561175932,-0.45020536757213,-0.652333376008886,-0.655342492475057,-0.65330191498976,-0.619076085729247,-0.592120137803706,-0.611730826666632,-0.645863280671081,0.165663602124706,-0.609964927162106,-0.599420261820846,-0.589729295209247,-0.640237821773517,-0.510045506397508,-0.5892036073924,-0.561309470265576,-0.638251365938387,-0.143588025897799,-0.623676845149266,-0.586651565750161,-0.613053156565838,-0.617585098262598,-0.616105850331268,8.41978746323153,-0.575348351877201,-0.594953914266536,-0.701537079776549,-0.595474031660394,-0.636451603917978,-0.623054785415317,2.00440987490309,-0.649507298103413,-0.648822577049126,-0.679851899786339,-0.51103054857074,-0.617625733198085,-0.62280637773057,-0.675219862499658,-0.663107502576778,-0.534154760382155,-0.655061477525744,-0.628370560049207,-0.590884550666802,-0.634065430673818,-0.629720457619907,-0.644688425199442,-0.596494155300198,-0.659795104353422,-0.629623563247195,-0.597515915719715,-0.578870785495642,-0.523562986900727,-0.701972677310071,-0.654094800105276,-0.682766240545026,-0.654304533346636,-0.649175808618923,-0.573796758928855,-0.659941340088706,-0.566703258363007,-0.68346417177587,-0.663889719276911,-0.657197765778938,-0.578742407316664,-0.650301406975199,1.53919999130572,-0.59318427307498,-0.642983857452553,-0.621486448688453,-0.601696395768318,-0.568207860354908,-0.669472154824641,-0.62390165229717,-0.602581356589103,-0.577013062548093,-0.611824045396187,-0.590045428987274,-0.552168481665865,-0.572711765437684,-0.626494855990013,-0.627459141169581,-0.623200837916303,-0.502012147423121,-0.620229540576835,-0.619095131886799,-0.705324471503812,-0.592314994378042,-0.616547668850053,-0.656565666584403,-0.574950326033349,-0.641736176042495,-0.607519479223324,-0.69320639817378,-0.656260863868377,-0.627885386553208,-0.528829377402418,-0.63862539088544,-0.591206834333521,-0.59985931129753,-0.653644848593273,-0.615919852857128,-0.602455636330966,-0.617891060756017,-0.564996710737445,-0.570897149345761,-0.644654889991617,-0.587462683859618,-0.660537476012361,-0.593206128658412,-0.570946662092228,-0.619047488887462,-0.632903600927419,-0.617398469414111,-0.659191089984405,-0.633833817888801,-0.607051879391544,-0.545207162138211,-0.631733375182795,-0.695641228797717,-0.677781803211871,-0.546271334420176,-0.660983007831263,-0.420900819156796,-0.668273514160881,-0.598588946367551,-0.500870402008148,-0.696214212992467,-0.651259300551582,-0.377132722831994,-0.688901045182614,0.334509248102488,-0.566201577662442,-0.611556087962054,-0.717826141435084,-0.597769604097813,-0.68023530161258,-0.635727156420091,-0.635236742884686,-0.637092389481738,-0.590236095145903,-0.580975983861491,-0.533748238077122,-0.645676900156532,-0.584083734407614,-0.660218108333069,-0.622122263079124,-0.554254057226526,-0.634859172661384,-0.564526757909498,-0.657629798329245,-0.641552730059346,-0.696004394692351,-0.647301333174678,-0.647638649148507,-0.632500398342954,-0.653917318800905,-0.679633823501986,-0.635166079645668,-0.557949143682822,-0.630639697616593,-0.598368919984294,-0.67628198413357,-0.619236956528582,-0.593436115092164,-0.581669493512078,-0.53983727257573,-0.665386929193822,-0.68430217632313,"Lung"
"Lung-0030J-1-WT",-0.552045945551894,-0.60672453895367,-0.447446985911926,-0.552487796476534,-0.3831867732481,-0.584251336541669,-0.592423794539227,-0.610235979661108,-0.526749662859313,-0.542572054457086,-0.565309629305196,-0.564141352885738,-0.630641845842553,-0.558944694231074,-0.51196063451019,-0.483522183059555,-0.501411846181287,-0.465338547477058,-0.542675834976508,-0.462300046310542,-0.591746284540724,-0.143063094745417,-0.541664148025329,-0.443181605196301,-0.480353188737026,-0.518922281163339,-0.465369432082029,-0.388724641875357,-0.516575247224518,-0.455541139572331,-0.666674967225635,-0.525956220166551,-0.540644843790295,-0.546064042773011,0.552870305980254,-0.588497005409393,-0.584891977586573,-0.639079901799584,-0.465243131318354,-0.567699103417111,-0.574246163380891,-0.622267192683048,-0.588138439034715,-0.487378330699827,-0.589093499999017,-0.586086062406115,-0.535525748437985,-0.521556066850704,-0.532896705056804,-0.588326941984951,-0.442159649650976,-0.60174808842348,-0.471985493661229,-0.539879427173189,-0.453436268986461,-0.473011837371486,-0.657111868981094,-0.538047159518533,-0.639132340780773,-0.612900817476143,-0.604208639192364,-0.508417231660443,-0.616469704002549,-0.42863817341192,-0.598630406990106,-0.595594877108473,-0.61814305008638,-0.450260567804463,-0.605891152438741,-0.534591685902997,-0.445419790268676,-0.593675097602765,-0.50655758224691,-0.555660298682552,-0.515049085056894,-0.631352793894527,-0.487260724284966,-0.546398042891776,-0.468326805922868,-0.471107544762425,-0.543610606102403,-0.498519337543005,-0.443485291840434,-0.579843442478126,-0.579560201688232,-0.572327011391771,7.72849819946322,-0.575041535825812,-0.576121975654577,-0.562309539666152,-0.452627773139551,-0.503068727760398,-0.490333109862168,-0.521251762221473,-0.519912555381106,-0.505324434677129,-0.597042752660496,-0.61547941839031,-0.503554837357156,-0.391601426773867,-0.588328728322637,-0.553398289587438,-0.541926939818679,-0.606130906550848,-0.562149321401295,-0.537705778632669,-0.526133642597374,-0.423726655136285,-0.417131576803902,-0.489170064317915,-0.461064808493699,0.950389025334734,-0.546414264075672,-0.476053531604183,-0.561578472074443,-0.550293615028866,-0.565351016912791,-0.604380784694601,-0.591774833037067,-0.554703161397545,-0.397027560126483,1.50465101851583,-0.663497774488871,-0.534319631103033,-0.415987104799651,-0.58795404110992,-0.353420423306469,-0.628762627815837,-0.547048349899575,-0.368723108176515,-0.519370904626224,-0.595974950209762,-0.306619645822071,-0.635824683805699,-0.63899298867209,-0.42542448082683,-0.515977981440836,-0.676358349394295,-0.498672381423615,-0.532633038880188,-0.488934798424164,-0.580249151623617,-0.593837326927679,-0.451062891487613,-0.444291522707137,-0.395946982343768,-0.502644796433642,-0.501606663171846,-0.558297529568097,-0.479676806907602,-0.42149971383424,-0.53195273438201,-0.403788534109064,-0.592318892989979,-0.487260076287713,-0.61562520715278,-0.605761557186801,-0.496000889726247,-0.49409919716356,-0.52646889253047,-0.592313580952635,-0.589120962459868,-0.412556971379118,-0.480454816457069,-0.463426390285434,-0.573906783980781,-0.520544193598229,-0.451163942698105,-0.435657477603974,-0.411129724670994,-0.520432228745729,-0.536835244118314,"Lung"
"Lung-0037",-0.729979134918579,-0.798646507230526,-0.636527334026654,-0.694282186817401,-0.295902125827534,-0.719204968088675,-0.73156801839721,-0.740093762559088,-0.700784402269156,-0.673944465227648,-0.69213560729982,-0.708703463996087,-0.782532102339451,-0.690210071706789,-0.65374371048681,-0.683958915178965,-0.717779153486572,-0.610951985004609,-0.669235592751957,-0.663172953386401,-0.703832109821343,-0.0361113179406658,-0.696089588278453,-0.682545526032358,-0.700900988487899,-0.691778438844866,-0.740574577771267,-0.532090104413057,-0.674609302910883,-0.671298115454357,1.43031632616306,-0.684752787915575,-0.697095338101418,1.24279465319065,-0.698855539220228,-0.756401786999121,-0.707707682529407,-0.817257925361666,-0.613195516398229,-0.703338399847154,-0.357540308060393,-0.744974527075433,-0.727601023661573,3.40769907713892,-0.744355536487416,-0.712612531740231,-0.656805473220799,-0.722058099676751,-0.701860809362906,-0.723624894295123,-0.764760205623413,-0.720312530738896,-0.69547234656217,-0.713665522137621,-0.672718875272072,-0.632050820370615,-0.786555987628107,-0.71216518314084,-0.827369257137113,-0.776317587420923,-0.276432856718012,-0.670890332008512,-0.763949831806711,-0.660217647826251,-0.748037284279063,-0.747053121945097,-0.735226052117622,-0.663572354402388,-0.748062766627569,-0.653816518244719,-0.664871139430652,-0.728034458123513,0.626876915385248,-0.680774355135992,-0.649380869121207,-0.77132237131727,-0.706563376220052,-0.680273505323016,-0.656314745027061,-0.679412841900801,-0.671552199358063,-0.655655990929628,-0.638147262728786,-0.698725505142087,-0.705722999937708,-0.697867676200878,-0.599023324634116,-0.694928213473982,-0.685766093620767,-0.771526901915143,-0.673409061667754,-0.688349721284435,-0.773127402765009,2.68363484850926,-0.699270732355473,-0.20895688599635,-0.756445031876697,-0.761042010214055,-0.691210041541026,-0.6802411110174,-0.756042302463645,-0.720062896053823,0.0683021984240836,-0.71737554210769,-0.681456864552925,-0.670192510351021,-0.708158589835668,-0.694732042115521,-0.70089291719588,-0.181226831121645,-0.683315897742576,2.20098645670622,-0.679206037454708,-0.650545688133196,-0.704348568962725,-0.689565439199164,-0.722907123968717,-0.724406591371978,-0.703790789643038,-0.699543880912186,-0.74135928610657,-0.722584679074687,-0.783509617458227,-0.74010986920101,-0.671864174353316,-0.286682593860074,-0.500079859725261,-0.737416270082289,-0.705166662747584,-0.667187085835776,1.00469702251007,-0.717434522878694,-0.489030470761921,-0.79784544419288,-0.296537613249582,-0.650543657688965,-0.686689202644776,0.287965669735569,-0.683392159652997,-0.746008719745854,-0.73456922043124,-0.712223257334573,-0.716832462088038,-0.667663425289845,-0.67135301523174,-0.689658940146606,-0.72595839643227,-0.709324130986767,-0.715964505501578,-0.709546612800452,-0.664274238235308,-0.693396339810417,-0.709825667739456,1.47023578671866,-0.744882385163935,-0.761238158826106,-0.738297991649982,-0.738665925046941,-0.683118880707505,-0.727860105508693,-0.756387814028283,-0.710680738393774,-0.742420154163641,-0.751203628269392,-0.702440550235924,-0.733860961907961,-0.694986766867122,-0.69014901585149,-0.748674704882892,-0.682234296741949,-0.733874432231446,-0.740716437672054,"Lung"
"Lung-0040",-0.703888518136298,-0.724498291467243,-0.603946709127619,-0.643491891881922,-0.502751786227758,-0.692217389208631,-0.69750302885536,-0.700828985223634,-0.669059722509396,-0.644986056957135,-0.660302122706868,-0.683704909015816,-0.732373294282202,-0.654759035696202,-0.631852777780958,-0.649997682548848,-0.690861122087242,-0.571749877949404,-0.636675724435914,-0.628109980679629,0.448710831576312,-0.144313918255449,-0.668703402790394,-0.657644815425235,-0.671687246474111,-0.661936063577648,-0.716368750014361,-0.491239663038696,-0.635786577553546,-0.642210512900996,-0.758027145171674,-0.648925962544225,-0.670863476958841,-0.661870350724254,-0.667035891756493,-0.708162051115356,-0.681861118207844,-0.750674823103987,-0.575983779027919,-0.666687348322298,-0.694568601821823,-0.714080878517604,-0.699176719894535,-0.589877942505224,-0.00641352580445157,-0.674480154048337,-0.631415831272891,-0.690055609455956,-0.671658909982718,-0.693076506330153,-0.736636098720277,-0.694431860256617,-0.671489585919845,-0.660266866709465,-0.634832822892048,-0.588454693356543,-0.0370996035318658,-0.686746300743649,-0.757967823907253,-0.718990550188791,-0.689388002569594,-0.635382583664531,-0.716141008481014,-0.62832721135611,-0.719636942987631,-0.711021367116378,-0.700271598377128,-0.631765678016895,-0.703339915213356,1.10512415042972,-0.640036399957615,-0.691574014744108,-0.667760709750501,-0.649831408316074,-0.622223247867716,-0.724566472887235,-0.672807146104107,-0.647039330575135,-0.629421855020041,-0.655254490557768,-0.637713435589577,-0.61211075411631,-0.61810812937541,-0.666604363574946,-0.671522600081528,-0.667085217653026,-0.553334683419601,-0.661460939562376,-0.658143244623629,-0.744584164335938,-0.654784136896813,-0.656308857093094,-0.741753564776445,-0.633093144228337,-0.674073005632066,-0.661533201599951,-0.728693101148289,-0.712762492371734,-0.665825590807745,-0.654858872096327,-0.701156722480149,-0.65732906069125,-0.663599633127409,-0.689264768874269,-0.653987724760253,-0.643952293777662,-0.67320153051,-0.669783302028783,-0.671755962736587,-0.70401104339145,-0.651620823755392,-0.703339508186632,-0.646886016434778,-0.619140309228129,-0.671385512893709,-0.667058769647659,-0.674136772622422,-0.695612839344209,-0.672651729456602,-0.658861039145403,-0.707042771015125,-0.697345928420862,-0.743870120969301,-0.715030982869803,-0.643791219292192,-0.694037750402596,-0.471100246300402,-0.0980394733919893,-0.655660450023967,-0.637926205466453,-0.76524205168867,-0.688161906316768,-0.445819574570588,-0.747799650954214,-0.709456769081379,-0.632176836850138,-0.65648781538039,-0.763943437760128,-0.65245458450827,-0.720986403202494,-0.709598171923972,-0.677703259312505,-0.680966692924556,-0.649124140668451,-0.650447678602365,-0.66281184611873,-0.695033730611471,-0.656932231129964,-0.693040512375924,-0.674574151881213,-0.64063217158521,-0.667706051799612,-0.674832830447215,-0.700588342220211,-0.723285145473377,-0.732551463095259,-0.696903398534204,-0.716999548541132,-0.662916550549684,-0.700505894305605,-0.722468646835311,-0.679238869465475,-0.709409068995407,-0.724489769366177,-0.673538218347077,-0.708713210868137,-0.662879864119205,-0.668594629070785,-0.716076150807502,-0.64899246927819,-0.70891298431839,-0.716929949006285,"Lung"
"Lung-0042",-0.642669181008076,-0.631365486343298,-0.5184385228344,-0.572453954926202,-0.421800354849549,-0.63456466100627,-0.640283170330052,-0.639683715720847,-0.600409606781226,-0.573254020010722,-0.5921329730839,-0.629149079630758,-0.659161448185437,-0.588378975037544,-0.584732964209216,-0.570486339468499,-0.581398127466346,-0.491114031844719,-0.569543864357277,-0.541587415403043,-0.624765571659965,-0.143380944480568,-0.60605282830484,-0.525843575132852,-0.556809895833782,-0.599962070360117,-0.552218060363252,-0.424350223533016,-0.55444836757921,-0.540063206610591,-0.687265183963764,-0.575720879262443,-0.620159256621576,-0.605653956601507,-0.611643588229711,-0.62569562880459,-0.633063551368213,-0.66293097887352,-0.491639147012534,-0.596517734671133,-0.605536770415712,-0.660001566926051,-0.65355297030904,-0.514355078522741,-0.633896777686698,-0.615104048007355,-0.57405015135923,-0.614950833382133,-0.612018506085326,-0.625223560007894,-0.531081359930253,1.23846738757143,-0.562810592648285,-0.57305206543598,-0.531556941983388,-0.502119184868821,-0.687936985730772,-0.616738893114027,-0.664675777830044,-0.638390110071921,-0.630910465378002,-0.553594745173414,-0.645774847829753,-0.508186058261527,-0.67299329750358,-0.643428791163572,-0.645458478473388,-0.536590523790365,-0.636858146489553,-0.553039675670464,-0.530556101648938,-0.622160894499223,-0.604967870030638,-0.582257442495218,-0.550046678871201,-0.655559035237863,-0.568723043591496,-0.5836345876971,-0.560013882465258,-0.552183075138678,-0.570426247172669,-0.529409015660698,-0.517940702814725,-0.606802767393837,-0.607231485559801,-0.604294756862298,-0.484390052009327,-0.602862643790823,-0.600982717087598,-0.657385785369708,-0.533110271621898,-0.576059677337474,0.666785967326756,-0.552183898391373,-0.598136080976001,-0.587949955302884,-0.67746270642583,-0.642055224745822,-0.590126237302187,-0.470666986459822,-0.622481646355228,-0.575493499309984,-0.575261454050071,-0.636980278436962,-0.598405602761054,-0.585361865536534,-0.598119589003031,-0.505121122967456,-0.505725489325114,-0.587126262931402,-0.53389048805203,-0.649416334195351,-0.573438615874147,-0.553387414816507,-0.599180786306501,-0.617379396714488,-0.598613574122945,-0.645466534769148,-0.617687309147654,0.440505236521291,-0.482403047506703,-0.571076691290105,-0.683212708102851,-0.626054899258256,-0.491051954824858,-0.646632451663823,-0.39230007749716,-0.658139134495366,-0.579484189507141,-0.444861385400101,-0.621261336485389,-0.640586483510886,-0.347246616300257,1.70709478074438,-0.663966347465874,-0.506534924444843,-0.59384082796981,-0.705824672239538,-0.579281255289558,-0.617675885183687,-0.573511008222601,-0.617757275082693,-0.621241387747857,-0.531249232463547,-0.523043944295025,-0.475342858767481,-0.585054489809596,-0.560441204254692,-0.644747216250703,-0.561748496132252,-0.497987750075952,-0.608310401297043,-0.496399824808206,-0.641367713591238,-0.57615767309658,-0.679673924308081,-0.634645100688245,-0.583368836732149,-0.573840739483,-0.626801665019719,-0.660106946139164,-0.615744078369887,-0.496326447090841,-0.566985669908243,-0.541175176791453,-0.655193313185449,-0.601249785891238,-0.533135792358094,-0.519784083778385,-0.485286150270039,-0.603949649705111,-0.621800118085608,"Lung"
"Lung-0046",-0.695301269612462,1.29437852242517,-0.593500378674578,-0.628097064290055,-0.49113861333148,-0.683369885439336,-0.686530340964355,-0.68835117556391,-0.658801901272704,-0.635576438362445,-0.650022781899547,-0.675474695200786,-0.716791635240988,-0.643419335654015,-0.624621016160676,-0.639096049043301,0.122589684466717,-0.559527899941433,-0.626212320900942,-0.616909006710249,-0.665348496080148,-0.144134921292645,-0.659752244113407,-0.649449685332657,0.116073611824038,0.168053340105912,-0.70834327347601,-0.478832082698009,-0.623500584525483,-0.632764413698325,-0.743046105630074,-0.637493644353803,-0.662261816220796,-0.651791408621027,-0.656756617210055,-0.693103796014563,-0.673373253899271,0.218770856541685,-0.564274788202621,-0.654989616091198,-0.674961904358101,-0.704032119117711,-0.689882840263931,-0.579173716193995,-0.691299721022694,-0.662369446878184,-0.623108296016294,-0.679685603698237,-0.661854928728882,-0.683144545043942,-0.727374272208746,-0.685924061021222,-0.663573488183351,-0.643923242010835,-0.622831264143782,-0.574921883819256,-0.736452111082978,-0.67837453942993,-0.73740969249692,-0.701555397925663,-0.678946369594692,-0.62404619889904,-0.701219152389417,-0.618062834576861,1.87930462225598,-0.699445600957973,-0.689042126272911,-0.621525655822551,-0.689304508761988,-0.600118922860507,-0.631880672770798,-0.679899191454255,-0.659526884213566,-0.639827750573621,-0.613377623608304,-0.709952918346196,-0.661936981452775,-0.636373650505433,-0.620652723517919,-0.647293304987947,-0.626878348308311,-0.598517397256132,-0.611452914409022,-0.656241915161026,-0.660539019281917,-0.657115702448591,-0.539477552091029,-0.650709919736971,-0.649134573433529,-0.735699990064306,-0.648556975595992,-0.645971319405469,-0.731506008028592,-0.619501530891487,-0.66577869055411,-0.649956713207487,-0.719577583534605,-0.697735993620625,-0.657483906413124,-0.646507897836251,-0.684358469916223,-0.639099708097472,-0.646483893627948,-0.680081138941467,-0.645029739900322,-0.635374052042567,-0.661981298134512,-0.661557901091109,-0.662253284337516,-0.692997375298621,-0.641379246387278,-0.692181411965069,-0.636472689035053,-0.609042115133582,-0.660755588765063,-0.659613408002693,-0.659010946721007,-0.686215956472778,-0.662577672485958,-0.646018033000619,-0.695930819993378,-0.689014663865751,-0.73123417468322,0.178711494029658,-0.634633265900634,0.651537230184494,-0.4619428422169,-0.696817925269004,-0.64039401382789,-0.628409731749153,-0.756511711884047,-0.678628085622509,-0.433012189736701,1.25128465830508,-0.700875876180738,-0.626043051655765,-0.646700374205287,-0.751932895443934,-0.642446326328109,-0.712709097854118,-0.701340647292992,-0.666624349806606,-0.669495227000878,-0.642927174213027,-0.643499524028627,-0.654003900200047,-0.684974567523195,-0.640846034213331,-0.68544634802957,-0.663342900262775,-0.632834102543081,-0.6592682107271,-0.66358131565339,-0.689397813179382,-0.71608007076954,-0.72314949657303,1.72644830205915,-0.709776269520847,-0.656186780007071,-0.691533045737027,-0.711500168082219,-0.669058836126079,-0.698678156821195,-0.715678596011272,-0.664103785864704,-0.700411462800125,-0.65251939143459,-0.661432058139279,-0.705465156859295,-0.638285557929617,-0.700662444460533,-0.709041993999987,"Lung"
"Lung-0058-EGFR",0.0193221354994458,-0.357215680812874,0.2223499836621,-0.200382928352659,-0.13973300655043,0.0453319462770491,-0.0712181954139568,-0.105941620521181,0.0695670197510749,0.146750398615364,0.0604448921627767,0.0539597062393257,-0.177611142694931,-0.00801769354454698,0.0417870414842221,0.137732880109644,0.00289157907411259,0.0216049185081795,0.0412227476813356,0.187524888869929,-0.0582602883684954,-0.139653036864691,0.0884798064847374,0.0779916998708158,0.00169671598626923,0.0399526196988337,0.0822002263304075,-0.0289356278443418,0.0851854957289933,0.0773598433494444,-0.264110145547739,0.0471684517888368,-0.00482011999557708,2.70649995989744,-0.049303079907342,-0.0134409647873673,-0.0183824768273635,-0.377549998380454,0.0751586985032325,0.00520583435125111,-0.186898071163691,-0.0542811739139088,-0.09745433925542,0.106088364571739,-0.0467982051956968,-0.101270031181,0.073155409696814,0.127379653642637,0.0115801525494147,0.0781625454461661,0.118480529551532,0.0104416576494997,0.100655311517348,-0.0685701926156864,0.0391047310782611,0.066191736210294,2.64273329958407,-0.0419056943332837,-0.292848966698942,-0.214637776399952,-0.035149161096381,0.130947365858692,-0.163355924709118,0.0729012175555955,-0.0811921313000929,-0.0122770017292931,-0.1030717884846,0.0940389271384851,-0.135637745735767,-0.178132424066564,0.0913539258346633,-0.0012385203846209,0.142045907670611,0.0699862358342871,0.188109172850798,-0.194041659065504,0.0263489347154471,-0.0014483578550441,0.170872299070512,0.0400634587678403,0.0238392040887169,0.0883685077578748,0.0259466929934198,-0.0190562957826115,-0.0110507811413866,0.0283186685018747,-0.0797400697215826,-0.0469474712761209,0.0290409407933068,0.0371342099167726,0.0548042390214333,-0.0428699875142204,0.11352828845577,0.0131333840246261,-0.0267230826456317,0.0554035625929822,3.42639686245388,-0.18162534091006,0.0422669313264911,0.106896964809843,-0.14901681405075,-0.291511924236473,-0.051346959272039,-0.0250734935522579,0.0178572484210958,0.0694331043431259,0.0789517493238707,0.0894552088610424,0.141441878836576,0.128431425488954,-0.00190807489176971,-0.148108702415849,0.102605117918659,0.0527775477424834,0.0792279797484116,0.0550365108579714,-0.0942261184397344,-0.0551554224870914,-0.0467198509548363,-0.0144492984693092,0.141254130520429,0.0312560782575212,-0.204521480668013,0.0440596759999342,0.0572873164612002,-0.0306788461202131,-0.108289102458685,-0.127603920968484,-0.0926805053490506,0.111319136318625,0.123035430082732,-0.0839524965547906,-0.0504717159429686,-0.0814390059156509,-0.0545868636394908,0.0859666462935395,0.040320346432145,-0.126907400562337,0.128290567421157,0.00355139169086035,0.0443075477783666,-0.0524400486410508,-0.0726326840444797,0.0545018849112354,0.0522325726235141,0.104634014651702,0.0169379367055449,0.0664006974590276,0.0338400260103665,0.0377748526460465,0.0607477172006085,-0.0505272655254474,0.180113984754668,-0.0647510075456727,0.0732280705222517,-0.0306139467812165,-0.132765235464564,0.0548430078114144,0.00866117975053374,0.10611659611549,-0.027075645538269,0.0229732858747749,0.115599018055087,0.0651113116915317,0.0267699123118144,-0.0614054594231171,0.000678966767198221,0.0656582409801615,0.0947501743990386,0.0564171950439524,0.00613458723367701,-0.00114241930271304,"Lung"
"Lung-0061-EGFR",-0.697151751121251,-0.707876125913233,-0.595740344723032,0.598815551983674,-0.493610822614679,-0.685275018609262,-0.688885315934442,-0.691022525918622,-0.661004968615965,-0.63759917926539,-0.652229910861233,-0.67724833659043,-0.720113879430956,-0.645849850018967,-0.626180505702427,-0.641434197958447,-0.683923832356071,-0.562135318024725,-0.628456952707778,-0.619309169316047,-0.667379987645769,-0.144173899365481,-0.661678589464293,-0.651215636697737,-0.664212448113059,-0.654331423672995,-0.710075108349623,-0.481467059579358,1.16055953329846,-0.634794801445364,-0.746243906375713,-0.639942945029827,-0.664114095164802,-0.653955977538436,0.108033198927869,-0.696317087434453,-0.675201544439358,-0.735320868307986,-0.566776850727858,-0.657495872069895,-0.679109732228908,-0.706192726246033,-0.691883106653194,-0.581466895302523,-0.694036595602843,0.471983525586235,-0.62489649435528,-0.681913654006849,-0.663962094929588,-0.685279823961136,-0.729370310450658,-0.687757000448097,-0.665280267177437,-0.647398573285334,-0.625399110719281,-0.57780659585665,-0.73906263676744,-0.680178814736356,-0.741757685026546,-0.705259144711455,-0.681188832550853,-0.626475126316515,1.77750012282375,-0.620265431432092,-0.712334174293808,-0.701928771601409,-0.691451042926434,-0.623723125232345,-0.692302471429851,1.53616060714934,-0.633637411766976,-0.682402063673371,-0.661300898800341,-0.641976157496898,-0.615279976929006,-0.713072171278916,-0.664269796814645,-0.638661137587424,-0.622539037363446,-0.649009275410124,-0.629201167454832,-0.601417963191869,-0.612889528776498,0.105977809883472,-0.662894989855037,-0.659257513259557,-0.542419738357283,-0.653016124117417,-0.651072493763063,-0.737615131093842,-0.649902931682409,-0.648190637150939,-0.733711056480605,-0.622402880053987,-0.667566084191228,-0.652437400094444,0.076489779678573,-0.700940936451692,-0.659280929283234,-0.648307311119558,-0.687930648328198,-0.642944161704124,-0.65011837860216,-0.682057353502377,-0.646956739496168,-0.637220211543303,-0.664387757701631,-0.663330964000555,-0.664297466836224,-0.695362373499625,-0.643578567683077,-0.69457504427169,-0.638707643233766,-0.611208653784222,-0.663037423839253,-0.661219380503684,-0.662234900490545,-0.688237666073945,-0.66474152500415,-0.648764138357508,-0.698317943095601,-0.690810976325964,-0.0774842867089757,-0.70853198413336,-0.636603384413788,-0.687382017113354,-0.463901354642029,-0.698959206937104,-0.643644652559394,-0.630455790530942,-0.75839490276538,-0.680678480626277,-0.435720907392761,-0.735503948456426,0.068660545031568,-0.6273685293035,-0.648803319312836,-0.754510128667066,-0.644595977637579,-0.714494503084657,-0.703121663848478,-0.669000511624674,-0.671954033973454,-0.644266538817535,-0.644999589625479,-0.655900755093785,-0.687137403081405,-0.644268478166543,-0.687084862712831,-0.665751988532466,-0.634515194838266,-0.661085776191276,-0.665995257794184,-0.691798926954751,-0.717636730788931,-0.725173927278013,-0.686625627352949,-0.711336660285273,-0.657640339005413,-0.693465374651626,-0.713855936537552,-0.671245750903338,-0.700985082246615,-0.717578088218628,-0.666133631333101,-0.702201446117692,-0.65474368866141,-0.662978360690627,-0.707746883820625,-0.64058340778447,-0.702441802097784,-0.710744224353752,"Lung"
"Lung-0062-EGFR",-0.686706629825576,-0.683652637109831,-0.576398099756781,-0.613246301803031,-0.479863840709839,-0.674531600409863,-0.675659700341252,-0.676066221613196,-0.648622003953372,-0.626216934621755,-0.639828085787739,-0.667236244784619,-0.701605810562582,-0.632222767445014,-0.617370006386398,-0.628314350998203,-0.673178324330293,-0.547599872126271,-0.615858514725851,-0.601398149994328,-0.655944260621075,-0.143950898340481,-0.650823434945127,-0.641247923058838,-0.652676531787495,-0.642618922167968,-0.700282489896658,-0.466858034857187,-0.611429512306424,-0.62337080627934,-0.728404242909573,-0.626217829952898,-0.653668124202602,-0.641789861234634,-0.646559856663849,-0.678398557828866,-0.664887172121557,-0.712695264460403,-0.550597727914918,-0.643450970002447,-0.656217059985944,-0.694031149785478,-0.680610134524372,-0.568617815647399,-0.678716667515957,-0.650449404453021,-0.614817226171273,-0.66938406239772,-0.6521070817584,-0.673262452233705,-0.718102331504247,-0.677413885956069,-0.65563969971687,-0.628101324092956,-0.611033133800819,-0.561741673400037,-0.724414752290596,-0.66999287348675,-0.717765970945321,-0.684716729304377,-0.66858491399138,-0.612863118959673,-0.686646927030635,-0.607898251958623,-0.701035157466227,-0.687991932354811,-0.677930599502385,-0.611384062074233,-0.675564521106603,-0.587716287685824,-0.62372682121218,-0.66836546562514,-0.651289616869783,-0.629901008763861,-0.604569182759278,-0.695671696223241,-0.651169843116727,-0.625825781633402,-0.611330844566653,-0.639320578867477,-0.616174608341914,-0.585244720825772,-0.604762819190136,-0.645968982804507,-0.649673284920326,-0.647214187193902,0.871394685261186,-0.640072873569173,-0.640157773684851,-0.726800234400675,-0.642276476565624,-0.635722320111221,-0.721287462707292,-0.60621731121513,-0.657476811040576,-0.638532935362178,0.186613677724439,-0.683079213618439,-0.649141426514275,-0.638151633820831,-0.668093827426061,-0.621797897434609,-0.629970496350675,-0.670922250670931,-0.636103629426339,-0.626816424256197,-0.650884680221648,-0.653318935394243,-0.651427100234352,-0.68207208129672,-0.631218434145718,-0.681140179480063,-0.626156139251093,-0.599046693162912,3.23889381781883,-0.652143252514575,-0.644282418003646,-0.676848987899686,-0.652577109147032,-0.633413233072007,-0.673788595819651,-0.680664565327677,-0.718775309515142,-0.698436908365468,-0.625506784130346,-0.677066449935303,-0.452949560170182,-0.686907870822123,-0.625565608587623,-0.615539953466707,-0.747751781232159,-0.669133670573003,-0.420775499581834,-0.716897452288786,-0.692291651053273,-0.619860248117632,-0.636976761657991,-0.740039716856943,-0.632512030300704,-0.704404479377533,-0.69305733707537,-0.655667160861001,-0.658167666617328,-0.636677902233087,-0.636512398194648,-0.645202419290979,-0.674963425701936,-0.625252686261852,-0.677821629479234,-0.652232233254861,-0.625021458484717,-0.650831569014386,-0.645992184863628,-0.67831848932075,-0.708821201147048,-0.713758405696549,-0.670994562895026,-0.702501461678565,-0.649411636425231,-0.682567156491205,-0.700614050692179,-0.658949671301314,-0.684111811871066,-0.706850988169613,-0.654698829128805,-0.692090483955069,-0.642247036679341,-0.654229956941042,-0.694902201897682,-0.627679414982464,-0.692387922259178,-0.701118455766264,"Lung"
"Lung-0074-EGFR",-0.69714621982928,2.82212301552106,-0.595733640180056,1.46440289011795,3.96198850397766,-0.68526932279125,-0.688878268912989,-0.691014526798856,-0.660998377387076,3.27497216531446,-0.652223307024068,3.1020695054097,2.9717983218316,-0.645842574325975,-0.626175845118722,-0.641427199997263,-0.683918138614119,-0.562127502956405,-0.628450235023671,-0.619301983974017,-0.667373911718405,-0.144173783190763,-0.661672829324752,-0.651210358047597,-0.66420632206512,-0.654325196234671,-0.710069933671813,-0.481459152308971,-0.626120859213472,-0.634788728190061,2.13789332747148,-0.639935612242792,-0.664108557434767,-0.65394950143026,-0.658957309466127,-0.696307457058775,-0.67519607884848,-0.735308519678545,-0.566769354713489,-0.657488368842422,2.52274462810617,-0.706186264039184,-0.691877125614515,-0.581460029797517,-0.694028399903232,-0.664954143332017,-0.624891147598637,-0.681906988753148,-0.663955791899622,3.18519261629758,-0.729364344224582,-0.687751521248383,-0.665275166181626,3.83658462456831,2.20374241104402,-0.577797947759242,-0.73905482353823,-0.680173421746793,1.83422380827635,-0.705248031074295,-0.681182123394488,-0.626467854660352,-0.704393789687006,-0.620258840087681,-0.712328183246736,0.103032942425731,-0.691443833544423,-0.623716549311254,-0.692293488777311,-0.602824032199375,-0.633632160066283,2.40481577217021,-0.661295595824628,-0.64196972974049,-0.615274287483823,2.23411307597021,-0.664262815971523,-0.638654291217477,-0.622533396225325,-0.649004146511849,-0.629194214522708,-0.601409269939049,-0.612885236596018,-0.658459864342854,0.638845934929307,-0.659251105839557,-0.542410908700355,-0.653009222062143,-0.651066698360217,-0.737609407077139,-0.649898911788831,-0.648183996602376,-0.733704462728512,-0.622394185388235,-0.667560741505503,3.42525836944935,-0.721535279425263,2.3409917409034,-0.659275557343029,-0.648301932347023,2.72764830751384,2.86266515265972,-0.650107471620331,0.087991988089843,-0.646950976738929,-0.637214691230484,0.202023444027805,-0.663325664572077,0.912930719603579,-0.695355297471507,-0.643571987454287,1.46522861045054,-0.638700955373684,-0.6112021700236,-0.663030596015519,-0.661214581348234,-0.662225235138092,0.0484844340534664,-0.664735051309081,1.96587604052066,-0.698310801694347,-0.69080560775977,2.27841141853722,-0.708526644175469,-0.636597492787651,-0.687376553179925,-0.463895488461172,2.21438465052851,0.486928777458812,-0.630449670838722,-0.758389275230189,-0.680672348467791,-0.4357127699942,0.557877602243451,2.14812061000403,-0.627364570329665,-0.648797028367017,0.5325182090218,-0.644589546366523,-0.714489167710749,-0.703116341488852,2.31184938911325,-0.671946673642058,-0.644262538557181,-0.644995108047889,-0.65589508421624,-0.687130934198903,-0.64425821275769,1.64050134482156,1.09975399838655,-0.634510170415105,-0.661080342702608,-0.665988033597635,1.2157378412551,-0.71763208105285,1.77374187252201,-0.686617253245629,-0.711331999240052,-0.657635996895692,-0.693459597692212,-0.713848888515644,-0.671239208450897,-0.70097818211178,-0.717572411042738,-0.666127561297885,-0.702196096497912,1.32683500922126,-0.66297374093172,-0.707740059529684,-0.64057653162615,-0.702436484572024,-0.710739138193458,"Lung"
"Lung-L-13",-0.597337934509116,-0.619130068283136,-0.500541371047542,-0.56260174222825,-0.402485200441618,0.612397712369298,-0.627088757113961,-0.62497415706382,-0.57401931179405,-0.560358504328763,-0.578740346665151,-0.613137835665852,-0.647607637384082,-0.573666567432573,-0.555855865024429,-0.532768681759506,-0.541387661991178,-0.478224365112464,-0.556123002429238,-0.513811260822518,-0.61251681483229,-0.143227481231332,-0.59161526355953,-0.484494685784331,-0.518564981949895,-0.563223943572893,-0.508774935022461,-0.412812272512823,-0.540206796307364,-0.497783865818751,-0.677134926381968,-0.562231346980164,-0.583119333139561,-0.586616283061063,-0.597276639484394,-0.609483632125866,-0.621490999337191,-0.651117846688541,-0.478438457624403,-0.582118209790893,-0.591803915877694,-0.647010454588414,-0.627034659467255,-0.500867723410016,-0.619437906525676,-0.600605164781315,-0.562514051775525,-0.572996793872858,-0.57605704361962,-0.611902424016898,-0.486601244565955,-0.630530397481213,-0.517378370660757,-0.556443413224115,-0.492479684738483,-0.487550198432481,-0.672544119724952,-0.577375981879495,-0.652029539600378,-0.627189930289082,-0.617586961144836,-0.539815918045665,2.45834359112658,-0.468394885959679,-0.639647414145057,-0.629431597566318,-0.631827961267005,-0.493406846940373,-0.622090622478594,1.06663279137885,-0.487969505642263,-0.607935911430536,-0.557971973560006,-0.568976525731461,-0.537633599537673,-0.645685575890404,-0.527974239399369,-0.570680418851463,-0.518995717549099,-0.511627749189235,-0.557031901482914,-0.513947380561755,-0.480696870467909,-0.593343270280873,-0.593413326291344,-0.591357567107256,1.13243118237845,-0.588966516661849,-0.58858054334859,-0.609827069235971,-0.492851590068662,-0.539548392888015,-0.538200823672868,-0.536706076802826,-0.559007375154494,-0.549772990875173,-0.642068118721595,-0.63198908066728,-0.546821786176471,-0.431117081210262,-0.605387024062804,-0.564542194470256,-0.558568616414685,-0.624612460881705,-0.586402070230758,0.615094319544876,-0.574098381612284,-0.464406259209469,-0.461409343840021,-0.538126946551942,-0.497461874409029,-0.640690416304559,-0.559941020710246,-0.51797363915016,-0.585603223997191,-0.598277753951559,-0.581966740008338,-0.633158268499023,-0.604758578713253,-0.569795583794446,-0.439696811695119,-0.529830689160022,-0.674333557117184,-0.580167395546224,-0.453503270949597,-0.63212889583958,-0.372851829163934,-0.649320084104203,-0.563248989690503,-0.406775755423922,-0.570294051337787,-0.628431131407612,-0.326924331358863,-0.653049497409526,-0.651518162751247,-0.465962134312395,-0.560075400527643,-0.691987733802067,-0.548371340636428,-0.575136041959697,-0.531204584323466,-0.604473930320175,-0.607560744956729,-0.49113869381049,-0.483650675919453,-0.435627723603233,-0.543831793383869,-0.544381788678891,-0.605235901727547,-0.520694874993036,-0.459727164833767,-0.570115028955865,-0.450074120079873,-0.627994213774436,-0.531689619690399,-0.661998682366607,-0.621055946825884,-0.539665939545864,-0.533952696500512,-0.576613546942305,-0.637119637115067,-0.60245738281656,-0.454423564971708,-0.523701500811723,-0.502283943341691,-0.614532442119953,-0.561861226184461,-0.492132112626217,-0.477702559074311,0.557918043871847,-0.562172849556583,-0.579299277918361,"Lung"
"Lung-L-15",-0.486736568571723,-0.588545117986621,-0.37088684152024,0.881095848225409,-0.35535915327107,-0.512287757683084,-0.532848165297179,-0.583717038600052,-0.458588573159466,-0.463780078773411,-0.500447623671205,-0.49349023249419,-0.606188829766116,-0.537687887260965,-0.448665331669914,-0.412510548936225,-0.443768194733689,-0.428979377891717,0.71408023392279,-0.388022775545366,-0.530766962816022,-0.142805035949521,-0.469636482424631,0.766946927234595,-0.425253192788872,-0.455040918525774,-0.402780298334206,-0.347599494829269,-0.447791882320564,-0.394628686915349,1.43882199058851,-0.460446058680983,-0.479398197290176,-0.487589208495721,-0.562080399567216,-0.522766081706753,-0.520137953385839,-0.621333155112494,-0.436074045472954,-0.531821346087022,-0.549036808992262,0.591627531449477,-0.532051524288439,-0.45023975853811,1.99200969322684,-0.565103195923045,-0.465951355790415,-0.447380436445123,-0.470661089295855,-0.51214485441039,-0.37807650950357,-0.531772651860566,-0.406530639846465,-0.516064686467018,-0.397137104020464,-0.435494772009892,-0.634776162360878,-0.481336448752792,-0.618375258281987,-0.58801069372543,-0.543717814488951,-0.435335614202372,1.88483870434906,2.51850418193937,1.84223826752982,-0.528919596696736,-0.565345386526731,2.51466438550833,-0.582529223615278,-0.51523081599226,-0.38406467061701,-0.529388765395998,-0.432419926962213,-0.499496974009842,-0.434675628321406,-0.607669764963467,-0.428553337658478,-0.484108381296045,-0.395264104841311,-0.41267890501506,1.79731060416933,-0.449810290845523,-0.389827568420445,-0.542845824634706,-0.534605768290573,-0.503671102109067,-0.416814804436893,-0.554899231743217,-0.515557091092993,-0.493791015236381,-0.394626513228319,-0.450466396602449,-0.421309632677481,-0.498999457334223,-0.463539267712923,-0.441231256616379,0.657610069878752,-0.591351623343468,-0.441165493539845,-0.334621311048719,-0.563785502462019,-0.526450686678629,-0.51801288821467,-0.539714004922723,-0.495852534836303,-0.468307673448656,-0.456970258647974,-0.365068166980089,-0.353284670413141,0.905115272618813,-0.408581582352315,-0.60572012499056,-0.476105903406277,-0.415606283209882,0.807811915560408,-0.481102257128292,-0.541436608957073,1.81687089332448,-0.537554291095149,-0.532932071796848,-0.335500073691988,-0.429196699861976,-0.640687205809072,-0.468208846378024,-0.361890177410357,-0.524255530468029,-0.325401053002411,-0.571478428719234,1.85024232717225,-0.313852594838672,-0.445941605931833,-0.537448986724837,-0.27734103844102,-0.60556055723761,-0.600869991020013,-0.366970680180553,-0.452391130138858,-0.653731183907193,-0.427008315934748,-0.471345276633058,-0.427983326746147,-0.519918718714527,-0.53937145026389,-0.393275063177376,-0.387537075972864,-0.33872881751079,-0.443254666469536,-0.436681428330776,0.771092629929201,-0.420530266133712,-0.366377139935433,-0.476924113645,-0.337046426895152,-0.5320160320921,-0.423194313976359,-0.548756366893182,-0.583673737733233,-0.433037498954901,-0.436631921557006,-0.454162151009059,2.55035463791583,-0.521900117439451,-0.352186888131169,-0.418094693250143,-0.407395232469081,-0.515326083870982,1.81030069542144,-0.392089353226009,-0.375030021421796,-0.35768747081006,-0.46024379360115,-0.475603674134444,"Lung"
"Lung-L-26",-0.431387181043445,-0.572896705992218,-0.306002481921423,-0.492639931137477,-0.331775377199134,-0.45129896559316,-0.482358101808161,-0.531461091703002,-0.400822372613856,-0.397004252730011,-0.43910087284792,-0.433613742736137,-0.585491113004898,-0.510635301569576,-0.395022862431682,-0.352328525498779,-0.394915473270979,-0.37969741784448,-0.439615282184586,-0.325073140527858,-0.479087276599191,-0.142565246168194,-0.408593377124461,-0.333122732169165,-0.378556207309049,-0.400901766386359,-0.349736304055724,-0.312746127575402,-0.389498306488075,-0.343005671916579,-0.626220346588814,-0.404926507235783,-0.427491954592866,-0.438032063523303,-0.544406517547692,-0.467059435328659,-0.465259224706631,-0.605960340522741,-0.380158755337943,-0.473084829386173,-0.527790842041845,-0.502322635828136,-0.484518129803633,-0.389392231104725,-0.474574186723226,-0.526136512543413,-0.40698738769341,-0.384516941150756,-0.417916699836132,-0.447580896172705,-0.323766351880666,-0.472468800945633,-0.351057961390215,-0.495963959879113,-0.349423828480146,-0.380623586635949,-0.583179915224222,-0.43327439009727,-0.596163078532864,-0.566984206553358,-0.488093905138328,-0.373399289697114,-0.57142939098559,-0.322725495974452,-0.489360279510696,-0.472412612482418,-0.514784927203954,-0.335318017178363,-0.562741948298356,-0.492536726843207,-0.332066497437772,-0.471623149768582,-0.36958861540279,-0.437210629325071,-0.366559504580265,-0.587605748591985,-0.378799105672024,-0.431318188247433,-0.333343811875514,-0.363160909687851,-0.433482176055798,-0.390947817690219,-0.344352902074136,-0.485557155588101,-0.477342751879726,-0.445485544311638,-0.379947777019609,-0.509466647032892,-0.45599252423243,-0.435721890450801,-0.345470720287163,-0.405886170197361,-0.362812562824777,-0.461994114941975,-0.415763173533715,-0.386912591909478,-0.477094276880351,-0.570933087836116,-0.388290820280809,-0.28633093296666,-0.54305258293753,-0.50075462315238,-0.469258097344104,-0.483425995503192,-0.439666322363642,-0.409493108141696,-0.398354618475145,-0.315355376215495,-0.299174719779658,-0.358747950815255,-0.364102296884374,-0.576272539501744,-0.412810281122703,-0.364377526619389,-0.42625604625095,-0.422462909164346,-0.521227152482504,-0.488398013100646,-0.483870033871645,-0.482640227011898,-0.283355820481054,-0.378835389900133,-0.62130892121267,-0.41218026958344,-0.316043287781195,-0.470271344528504,-0.301654769436911,-0.522930341420725,-0.504049192287939,-0.267350094783696,-0.383710623226264,-0.487848509991211,-0.252527557419551,-0.548235573747235,-0.541121119447837,-0.317431361110761,-0.398501574960853,-0.618170074620716,-0.366273360006466,-0.419404188535029,-0.376327243311905,-0.468788962694244,-0.488322620082505,-0.344300152506759,-0.339437951291246,-0.290236693937839,-0.392921812739588,-0.38165759944516,-0.433252767278108,-0.370403853088242,-0.319661019749387,-0.430287618318388,-0.280482807282615,-0.480909643220692,-0.368898883987153,-0.492085341624987,-0.558070376480023,-0.37967632362237,-0.387928677783763,0.999789406998752,-0.472949351129173,-0.462305432255154,-0.301023528636549,-0.365244784319929,-0.359909091718186,-0.465679218107157,-0.410474792368883,-0.342023918567906,-0.323648539584988,-0.312395413894079,-0.409234380013409,-0.423710208713211,"Lung"
"Lung-L-33",-0.547493254190173,-0.605468069487059,-0.442110007913669,-0.551440718726283,-0.381246920642786,-0.579234783345538,-0.588270800510496,-0.608752432282445,-0.521998179708959,-0.537079496364291,-0.563956990740552,-0.559216290660761,-0.628936623928696,-0.557463841028093,-0.507548343476295,-0.478571989562038,-0.497393529575943,-0.464043093176858,-0.541322211788766,-0.457122206548164,-0.587495439652961,-0.143045930234091,-0.536643127367253,-0.439028868488335,-0.476512189370893,-0.514469136128092,-0.461006367821943,-0.385857823810884,-0.511780385510824,-0.451294956101358,-0.665605072018939,-0.52138953219476,-0.536375363796037,-0.541987784734709,-0.581437682994992,-0.583914928189005,-0.580377999651928,-0.637857340207737,-0.463916629742451,-0.566248138829242,-0.572484456346765,-0.617741449774098,-0.584228641941588,-0.486021836142102,-0.584772462149653,-0.584625009990798,-0.530675744486806,-0.516385312398401,-0.52855828439859,-0.583016318180899,-0.437692438783717,-0.596870127856365,-0.467422661165766,-0.538216423532476,-0.449511676012773,-0.471551734533498,1.16518534290973,-0.534093877846628,-0.637822060005232,-0.611163434600969,-0.602860330053981,-0.503322740426786,-0.614768307520758,-0.42464188077931,-0.594507431195541,-0.59094696914784,-0.616763952846398,-0.445923560381425,-0.604262540020975,0.189605201919792,-0.441142748653037,-0.592239137835955,-0.501389475025601,-0.554319324489806,-0.509446282532825,-0.629701991722158,-0.483168255112513,-0.54205585471936,-0.463233633342487,-0.467034506926902,-0.542259557565904,-0.496969947050725,-0.439744832733369,-0.57848372841628,2.01875712910828,-0.567541034560026,-0.457283515916944,-0.573639719705331,-0.574866037390427,-0.55753313987929,-0.448584527786788,-0.499401839638938,-0.485521510014442,-0.519699143975406,-0.515982795342587,-0.500856524070826,-0.592516861882826,-0.613796704459444,-0.499205700375696,-0.387629364986621,-0.586615547356652,-0.552267418017285,-0.540256509070606,-0.601501010075104,-0.557527798100037,-0.532868063612249,-0.521312289903285,-0.419637594657263,-0.412680833700272,-0.484248982687922,-0.457406223136792,-0.624966459103171,-0.545052475046144,-0.471839777342106,-0.556472492068758,-0.545470312281466,-0.563682039188521,-0.600004527698309,-0.590466186371866,-0.553185664748681,-0.392738502889224,-0.484478003112537,-0.66190992903379,-0.529711073917962,-0.412216028954064,-0.583513642616431,-0.351467203860162,-0.624769368494615,-0.545421308505339,-0.364898105954223,-0.514252176668301,-0.591895127974215,-0.304578645447091,-0.634093155978602,-0.637729170096144,-0.421349689034811,-0.511545366676661,-0.674784350328662,-0.493676707188409,-0.528360692723143,-0.484685894952374,-0.57604354052374,2.19461479182784,-0.447034524369048,-0.440335192217824,-0.391958326245457,-0.498504733487695,-0.497080750209791,-0.553579345924956,-0.475553724469714,-0.417657140567914,-0.528116710554182,-0.399135967677946,-0.588115203924312,-0.482794076822631,-0.610963806210161,-0.604222967399001,-0.491611736154084,-0.49009317564976,-0.521428417598111,-0.587809734918513,-0.587316840441532,-0.408348596269486,-0.476107716433058,-0.459520479986274,-0.569823146076315,-0.5163910596406,-0.447045875957595,-0.431431161126817,-0.407404285863378,-0.516236516254987,-0.532566815102153,"Lung"
"Lung-L-4",-0.49751108288521,-0.591566528974512,-0.38351746838783,-0.535517175195675,-0.359950057420169,-0.524160059124553,-0.542676745811727,-0.592442866084697,-0.469833553138642,-0.47677890542049,-0.512389606669569,-0.50514600909353,-0.610221285402118,-0.541196473006135,-0.45910757102304,-0.424225801839636,-0.453278044257945,-0.438572784569524,-0.510159390153159,-0.400276781846346,-0.540827119643877,-0.142849404934465,-0.481519356674352,-0.39343763881112,-0.434343398858336,-0.465579843989948,-0.413106036361692,-0.354384178836094,-0.459139523102894,-0.404677811916533,-0.651046494399232,-0.471253697725219,-0.489502456431545,-0.497236183678029,-0.565516823334537,-0.53361014133527,-0.530820847525511,-0.624291172783411,-0.446958720458649,-0.543255211359628,-0.553185977444687,-0.568055134716563,-0.541304548795444,-0.462084560884631,-0.537333521785912,-0.568568080279235,2.66659457856873,-0.459617674472399,-0.480928505152975,-0.524713110776578,-0.388648723520902,-0.543316956487292,-0.417329154423158,-0.519986964616899,-0.406425144831947,-0.446176197742169,-0.63846722055233,-0.49069238496176,-0.622710499017049,-0.592111637116535,-0.554545768224958,-0.447392365771069,2.01809484649267,-0.380768187818724,-0.549242934642486,-0.539919453017078,-0.575187670551865,-0.398309296477531,-0.586382880897916,-0.518425654179224,-0.394186825282398,-0.540633631512858,-0.444650899985825,-0.511621861787492,-0.44793536222279,-0.611576805417699,-0.438238678520129,-0.494384713447391,-0.407317735651876,-0.422318259184194,-0.500576138707307,-0.461268675262447,-0.398679833374585,-0.553997846584889,-0.54575279660481,-0.514997715705431,-0.423991474899614,-0.558226854069672,-0.527152147639695,-0.505094963556583,-0.404195359755597,-0.459144546604671,-0.432696886350391,-0.502667144741832,-0.472839537030515,-0.451805126653805,-0.54282892343396,-0.595330092808772,-0.451458270918105,-0.344021692752744,-0.567829256422791,-0.531452776432969,-0.521950442851171,-0.550671234808219,-0.506789948555626,-0.479756731948517,-0.468380593653305,-0.374745440741847,-0.363817911405309,-0.430222402475532,-0.417240082822324,-0.609139213168984,-0.488427260854502,-0.425578660426628,-0.500415986795664,-0.492517207178967,-0.545377427222168,-0.551959358482042,-0.548004665050388,-0.536523762232175,-0.345650664830912,-0.439000216743748,0.960789324405246,-0.479115574159446,-0.370814900710801,-0.534764289644649,-0.330023591454864,-0.580928977042352,-0.527579674864562,-0.322904941663661,-0.458055716743999,-0.547104397026353,0.245372376425125,-0.615086049434026,-0.61250092499634,-0.376614185307455,-0.462881468145179,-0.657470938301523,-0.43883120470015,-0.481456318907677,-0.438038888969968,-0.529871824117995,-0.549308802347445,-0.402808698499977,-0.396900227590115,-0.348168471730328,-0.45305264395711,-0.447392568207586,-0.501780301280096,-0.430288057122219,-0.375471070836801,-0.486002544479872,-0.348057308069347,-0.541964588760876,-0.43376366105861,-0.559788156045339,-0.587319795907408,-0.443424980607008,-0.446112673207221,-0.466091066235445,-0.538363816861684,0.698590869149378,-0.362146534909913,-0.428382649913532,-0.416639058391313,-0.524990524430871,-0.470795468718609,-0.401835273938506,-0.385032128693845,-0.366504188344286,-0.470173472706331,-0.48570544600451,"Lung"
"Vumc-NSCLC-49",-0.423094518336379,-0.57002202438441,-0.296281252235914,-0.487262654345291,-0.328241963207452,-0.442161385137494,-0.474793482120934,-0.523631900425437,-0.392167613484892,-0.386999636110184,-0.429909661608409,-0.424642811786045,-0.582393202026401,-0.501387571067899,-0.386985936929344,-0.343311818292401,-0.387596166599241,-0.372313800961537,-0.43076827713711,-0.315641778880627,-0.471344422960852,-0.142527546012948,-0.399447659250224,-0.325558581188079,-0.37155988147215,-0.392790425900272,-0.341789044423247,-0.307524259154665,-0.380764533921575,-0.335271308982809,-0.623107973048713,-0.396608349902137,-0.419715157372499,-0.430607217353666,-0.54175594187242,-0.458713246697052,-0.457037077957569,-0.6036325723645,-0.371781306878927,-0.464284693678458,-0.524618278063664,-0.49407905934534,-0.477396489883361,-0.380275815474896,-0.466703477601438,-0.518319335715349,-0.398153174323868,-0.375098485295294,-0.410014328174734,-0.437907670277936,-0.315629390681168,-0.463583664996905,-0.342746826751909,-0.492960015792657,-0.342275238073395,-0.372402570054513,-0.574280253503613,1.49876926072746,-0.592844240667265,0.877487902774978,2.46491289861243,-0.364119746212096,2.40412694739456,-0.315446305656466,-0.481850337611047,-0.463946514091667,-0.507209760536349,-0.327418219704769,-0.559779232760279,-0.486751958832263,-0.324275926831429,-0.462968478274347,-0.360174981440931,-0.427878644441556,-0.356354079293331,-0.584601212146192,-0.371344731151609,-0.42340895411241,-0.324066670298742,-0.3557419290719,-0.425067857081105,-0.382128810691617,-0.33753970889232,-0.476973942104555,-0.468763381774838,-0.436767955431568,-0.374424214121515,-0.500956693101797,-0.447068326796401,-0.427021746022011,-0.338106006255763,0.599884303659773,-0.354048301984635,-0.453252178737954,-0.408605171391659,-0.378774356145227,-0.468850431056761,-0.567877251468203,-0.380368928988707,-0.279095878789675,-0.53995273433595,-0.496904737955127,-0.461568892833886,-0.474992704776532,-0.431248283255552,-0.400681278885149,-0.389572592963803,-0.307907210581748,-0.291067754377904,-0.349784270462442,-0.357438235576605,-0.56839469417219,-0.403327082303898,-0.356702233029399,-0.416955576130723,-0.413677331658578,-0.518204936642858,-0.480426723086389,-0.475826847529149,-0.474025917721184,-0.275543363590407,-0.371290060572255,-0.618402703867742,-0.403785848071965,-0.309174326644667,-0.46218322168736,-0.298097007934058,-0.515656676236376,-0.501105292456813,-0.260382907517275,-0.374386932891957,-0.480417171686862,-0.248809904200828,-0.539646919491035,-0.532169308755742,-0.310009185687876,-0.390427630072198,-0.609131265110901,-0.35717381028186,-0.411622170639805,-0.368587925935193,-0.46112850175864,-0.480674283774031,-0.336962538967805,-0.332231551450167,-0.282971413458739,-0.385380746836149,-0.373413713213073,-0.424658662728977,-0.362893716939237,-0.312661827075619,-0.423300355353919,-0.27200822355399,-0.47325268324314,-0.360764129339587,-0.483594665959011,1.1195793330921,-0.371681542678156,-0.380631766446783,1.01281183400215,-0.464745659493141,-0.453376722373538,-0.293358033096389,-0.357326603316881,-0.352794531537963,-0.458240929616041,-0.402909917803157,-0.334522918440485,-0.315950364098517,-0.305609579974588,-0.401591949253875,-0.415935325834533,"Lung"
"Vumc-NSCLC-57",-0.4747057790277,-0.585161574899126,-0.356783522407056,-0.520729351850657,-0.350232963818124,-0.499031182408381,-0.52187360252375,-0.572358641920054,-0.446032463100149,-0.44926562891893,-0.487113242184394,-0.48047542819225,-0.601687315270707,-0.533769642586935,-0.437005559324705,-0.399429333576103,-0.433149526003717,-0.418267409501062,-0.485829612678296,-0.374339989798549,-0.519533822643376,0.875707975119713,-0.456368101584781,-0.372635784492276,-0.415103096649859,-0.443273186766372,-0.391250611010899,-0.340023737534456,-0.435121141524214,-0.383407864846464,-0.642483240003467,-0.448378282164512,-0.468115812609895,-0.476817425677694,-0.558241630301576,-0.510657638077907,-0.508209466646115,1.90753169871151,-0.423920250861165,-0.519054327290037,-0.544408792126889,-0.545384820825363,-0.521719625582858,-0.43701388866827,-0.515688614783532,-0.561233054305293,-0.453134897966165,-0.433716374101158,-0.459196524328573,-0.498111178007198,-0.366271607848095,-0.51888231682042,-0.394473051682402,-0.511688503452241,-0.386766106216971,-0.423567924889375,-0.629669309751692,-0.470889639157272,-0.613538704066679,-0.583434422127562,-0.531627354650181,-0.421873082482901,-0.587583883178081,-0.360749991866169,-0.528590158444515,-0.516637190960963,-0.554355522455522,-0.376584394819004,-0.578226765528195,-0.511663364566474,-0.37276230384969,-0.516832782474986,-0.418762860101984,-0.485958361609028,-0.419869850229216,-0.603307510342345,-0.417738715840901,-0.472633860422067,-0.381805057750793,-0.401915631796934,-0.477436273051284,-0.437015894047375,-0.379943156598973,-0.530393511224674,-0.522159030759071,-0.4910238402039,-0.408801356271018,-0.551181661823064,-0.502610086615061,-0.481169061308831,-0.383941968626262,-0.440776401000796,-0.408594660249294,-0.494906028165159,-0.453154615597105,-0.429424505853942,-0.520157868839993,-0.586910534430462,-0.429672609976082,-0.324124873750144,-0.559273070888836,-0.520865368643526,-0.509424395041583,-0.52747919573298,-0.483639852316775,-0.455523689940813,-0.444229513675032,-0.354262552861424,-0.3415232859177,-0.405571761137683,-0.398913527357859,-0.601899521839207,-0.46234791357556,-0.40447115748105,-0.474839154045767,-0.468356359009878,-0.537038724162515,-0.530037848186371,-0.525885435678237,-0.527639018625506,-0.324165954845798,-0.418250123063778,-0.63647829719896,-0.4560304276824,-0.351924858822246,0.646146429258643,-0.320239540783641,0.452963102689492,-0.519453789898235,-0.303744772215604,-0.432415027057469,-0.526667785278664,-0.271947559283354,-0.593100350489453,-0.587882925914578,-0.356202772015761,-0.440677650985459,-0.649552416442894,-0.41380691470219,-0.46005531792712,-0.416755316894222,0.55473137134275,-0.528275433491057,-0.382629835298137,-0.377082209674666,-0.328188528642194,-0.43231427494191,-0.424721402487848,-0.478146014857305,-0.409634746727331,-0.356222884660544,-0.466787165696687,-0.32475171084147,-0.52090750431387,-0.411392613531715,-0.536438305055607,-0.579601842186275,-0.421438868890225,-0.426045743423639,-0.440842360956234,-0.515803188614494,-0.508946566417276,-0.341065977170222,-0.406607192481791,-0.397073604874923,-0.504534799266095,-0.449991624499958,-0.381207088133319,-0.363861699204648,-0.347842751128339,-0.449156344452332,-0.464324066733672,"Lung"
"Vumc-NSCLC-59",0.43300998691336,-0.644736168634959,-0.532884952837929,-0.58309214667334,0.0318868777750581,-0.648010820209652,-0.652724829798178,-0.650386935104934,-0.614531092334778,0.618513610170078,1.99664548222301,-0.641799629606318,-0.670329420021402,0.418269613775667,-0.595851790927026,0.574615954839354,-0.62586572131015,-0.505424664123138,2.44395064315164,-0.556499950679789,0.907614025250503,0.183319233588069,-0.619388131373559,-0.571798692015561,-0.599315257293151,0.433333276471229,-0.600500709165717,-0.437180438784318,1.56877093971111,-0.587052426355704,-0.698120303730688,1.50644540255467,2.48358673878408,-0.619197984528675,-0.625007121179727,-0.643695305271731,-0.64581304483787,0.546691550296482,-0.506297067819314,-0.612477997835673,-0.61864299587544,0.976484507143721,-0.660836341228061,-0.529322971371764,-0.649903277270519,2.26352356405199,-0.586787127382319,-0.629411540812226,-0.625414036388228,-0.639948040021541,-0.580516518473285,-0.655575448476033,-0.61330392160033,-0.591537139255036,-0.574332159797685,-0.518324014233484,-0.699086416868557,-0.65202455758436,1.71848624929684,2.20459859126119,-0.645636605761887,2.05505051576619,2.27366513071137,-0.552409929877948,-0.681181704019161,1.03548235133966,-0.6545297238194,1.15287107034279,-0.647084379644549,0.466039477416532,-0.577886804551891,-0.637908796116045,-0.617469591357538,-0.596958792401904,-0.56378243230974,-0.666140975385566,0.402886635766213,2.12262931405635,-0.572874996669276,-0.597256226403128,-0.585262434353416,2.36323206322216,-0.559333463191709,-0.621696468647096,1.77341973955058,-0.618596330911599,-0.498716478733731,-0.617676460728818,1.96661630584081,1.88546294036193,-0.5778537325823,-0.612972181459985,-0.639356271906659,-0.569389786578516,-0.63934540948457,-0.602751344293978,-0.690628903123122,-0.652857393840444,-0.624074695167756,-0.514622714100414,-0.634911535327712,1.28835757507643,-0.593846779841715,2.55753927642869,0.412933286914873,-0.598295494967988,-0.61307387733979,1.32210996684928,-0.554978411898035,2.28725086531698,-0.57437721512537,-0.65788607032741,0.547203136264582,-0.566670608026962,-0.614206366933928,-0.629131215949166,-0.613992859020652,-0.656901914134681,2.29506490126439,-0.601642878816805,-0.529866717976757,-0.616917459414614,-0.692674458268068,-0.673939794460786,-0.532783526904994,2.25152261947324,0.0761471363143866,0.778423078407945,-0.59517953200152,-0.487189718873701,-0.677906329447849,-0.64894427724813,-0.36983278474444,-0.685325291241098,2.22391838785427,-0.551627485385896,-0.607244837174685,-0.714965520657201,-0.593266796098133,-0.664954627087796,-0.620530328107739,-0.632443023471858,-0.634385896926609,-0.575828047543487,-0.566825585860612,-0.519482222780421,-0.630869355996125,-0.578307150917404,-0.656461260943858,-0.607375452203751,-0.540510528668282,-0.632782079125473,-0.547886169641285,1.32435343206856,-0.625579425990652,-0.693370378362481,1.92946986087027,0.515556072509407,-0.618172273083155,-0.649717803254101,-0.674881917066263,-0.63043536017239,-0.5428972710198,0.521398130665296,-0.584398857210816,-0.674220969618991,-0.614859693029078,-0.57870724359628,-0.566553450908833,-0.526512692640394,1.16963363569737,-0.669035512029004,"Lung"
"MGH-NSCLC-L01-TR458",-0.51114477628786,-0.59537746692651,-0.399499821669426,1.67555224174852,-0.365759226890687,-0.539182853946381,-0.55511348768421,-0.596895483798828,-0.484062557332643,-0.493227165819371,-0.527500574095278,-0.519894820956536,-0.615324983405997,-0.545635290576767,-0.472320815317399,-0.439049872936681,0.641735740761564,-0.450711945697946,-0.52470445952471,-0.41578257264121,-0.553556890080167,-0.142904510701415,-0.496555529957806,-0.405873610099301,-0.445845827544358,-0.478915431506068,-0.426171863955095,-0.362969280576307,-0.473498430684977,-0.417393623065365,-0.656165832494902,-0.48492930600307,-0.502288032392205,-0.509443128517645,-0.569863018397021,-0.547331834946065,-0.544338607966072,-0.628017358896231,-0.453326416024645,-0.554654645116746,-0.55844196194705,-0.581608127075947,-0.553013002235163,-0.475189255879725,-0.55027349520802,-0.572950756411082,-0.491953536579595,-0.475102247280411,-0.493920533912748,-0.540616542608124,-0.402026433207435,-0.557924715616635,-0.430993216919075,-0.524954029637997,-0.418177906678135,-0.459692100111384,-0.643134386679979,-0.502531059268218,-0.627273775974424,-0.597304065417069,-0.568247082002903,-0.462648557329822,-0.601188213192883,-0.392735664673964,-0.561589782566793,-0.553838286310267,-0.587641752367156,-0.411297093099989,-0.591259634076299,-0.522468021250299,-0.406995045612948,-0.554862491629455,-0.460127545277521,-0.526964270520929,-0.464713765531931,-0.616520877381357,-0.450494169947923,-0.507388024573883,-0.422569978312488,-0.434515560660377,-0.51440984316939,-0.475767713964734,-0.409881179699079,-0.567610900066068,-0.559857856189386,-0.529330016222135,-0.433072582585168,-0.562435021584464,-0.541824126472766,-0.519398584225956,-0.416303443328915,-0.470125573961414,-0.447105918698164,-0.507310236455766,-0.484607772400453,-0.465184931810225,-0.556382358607619,-0.600365660232954,-0.464482391259274,-0.355916606833448,-0.572949297034063,-0.537782245780625,-0.526937482255342,-0.564536130102305,-0.520629769166414,-0.494243969961671,-0.482818832311459,-0.386990724343723,-0.377146305989486,-0.444959293870559,-0.428196246348594,-0.613462027171817,-0.504018275434423,-0.438197357614481,-0.515706583145593,-0.506961285554039,-0.550366751104537,-0.565064693633978,-0.56122820258565,-0.541068748630124,-0.358494867680037,-0.451405243972361,-0.649220064744146,-0.492916565858117,-0.382107933291317,-0.548061705796076,-0.335872789865937,-0.59288737020749,-0.532442242035131,-0.334359464586449,-0.473384488682449,-0.559322015370643,-0.288283392565959,-0.620269851443007,-0.627218301873405,-0.388816739260332,-0.476155574792264,-0.662199369886186,-0.453791474450673,-0.494250478007736,-0.450762845555103,-0.542466135427703,-0.561883179957321,-0.414872227046975,-0.408748032021718,-0.360113079877939,-0.465450661830112,-0.460946069815582,-0.515909585278763,-0.442635224405456,-0.386978212794818,-0.497490073196094,-0.361990091826829,-0.554553144260852,-0.447137743025796,-0.573747396026541,-0.591932370265705,-0.456568936422529,-0.458109284605678,-0.481185498159781,-0.551851235859264,-0.548180434525387,-0.374749123447,-0.441400670290798,-0.428335872263782,-0.537219569348129,-0.483232629628458,-0.414167420989839,-0.397688445253421,-0.377660554207451,-0.482738141197867,-0.498487874659058,"Lung"
"MGH-NSCLC-L03-TR488",-0.677464307163488,-0.663576179884538,-0.553652073718646,1.60581439654409,1.91109185797429,-0.665045729613011,-0.664089879577213,-0.66307224503291,-0.634749972759165,-0.607991136558175,-0.628220653042416,-0.65837568528309,-0.685703164188997,-0.620346944986301,-0.609558189839414,-0.605917962755102,-0.663680801179788,-0.526035672471434,-0.604852531115039,-0.577931859935838,-0.645887286211994,-0.0885624357787125,-0.638455568968628,-0.629275157800425,-0.642522114142916,-0.632332377653833,-0.670176326648849,-0.454438414513698,-0.59298579544525,-0.608782493378051,-0.713027668365238,-0.612105202856535,-0.644443634427275,-0.63112762378174,-0.635693734209308,-0.662970110078187,-0.655771493175989,-0.693730972871082,-0.527412608935645,-0.631224214554984,-0.636946290746963,-0.6833377776332,-0.670670380418041,-0.550870645013576,-0.6654132051682,-0.637845205977158,-0.605008396326781,-0.650113941873011,-0.641694773444725,-0.661041463587124,-0.651855297150412,-0.668267788627093,-0.643040935597316,-0.611642639914282,-0.594533600695674,-0.541715910800109,-0.71162613017669,-0.66097661933434,0.33949611509764,-0.667236836972421,-0.657539044919313,-0.59082892021291,-0.67135718168022,-0.591351062659164,-0.691060691427781,-0.675817259986338,-0.666118693332368,-0.593432784531694,1.71153039421755,-0.5747265089698,-0.610629748532727,-0.656124941725662,-0.635314796823778,-0.618056860333233,-0.583486921220423,-0.680676113976589,-0.638958714263922,-0.614619658522043,-0.591279385194743,-0.630741955735288,-0.604815537056925,-0.571013307335084,-0.59753633127768,-0.635028297613688,1.64847786970904,0.983511518958141,-0.512253388319469,-0.628766953826777,-0.630547768757826,-0.717221098761806,-0.635469254087338,-0.624806134512218,-0.703296970621464,-0.592269283177001,-0.648548870461099,-0.623978154969951,-0.700671334229869,-0.667718474024136,-0.64017730732254,-0.57805424781367,-0.651170248331214,-0.604119232845369,-0.612847794773234,-0.661108739092171,-0.626548034245861,-0.616793585067032,-0.634518628518625,-0.615671519681976,-0.626054209896534,-0.660646002269852,-0.620388925312293,-0.669402589079001,-0.609852998109499,-0.585695957567559,-0.635761661125059,-0.644089831707761,-0.628873587451931,2.35887079793134,-0.641911780731047,-0.62012352696411,-0.598360486028886,-0.671672487033324,-0.705577804357041,-0.689485723386315,-0.593005431157179,-0.667942589043233,-0.443329145851111,-0.676314188285712,-0.610089850689248,-0.548272796230778,-0.733139761934296,-0.658975424132092,-0.402426382485227,-0.700870380437851,-0.683064876312235,-0.611315853350889,-0.626413495490772,-0.727387667308408,-0.613303879502229,-0.695451817647446,-0.684129323554906,-0.644025226062476,-0.646151117641462,-0.629905389888538,-0.628962246984765,-0.583178758061638,-0.664259608750266,-0.604100933824262,-0.669595742945464,-0.638075726971153,-0.601874205454935,-0.641768415073749,-0.622184969669293,-0.666534202150716,-0.696898859273693,-0.703680307816913,-0.657456187445983,-0.69462812933886,-0.642081987802015,-0.668369322897542,-0.689006838045381,-0.648165091869194,-0.610102592070536,-0.684512332738938,-0.64462633369734,-0.683129106937443,-0.631305389453539,-0.64447039212641,-0.634045285241363,-0.586005799741936,-0.683471297017694,-0.692566001869633,"Lung"
"MGH-NSCLC-L07-TR459",-0.603363313119136,-0.62076709586135,-0.507140070237755,-0.563926254100593,-0.405052549173611,-0.623999246596285,-0.628846956856139,-0.626931831263516,-0.580307786602756,-0.562075554568573,-0.580523425894673,-0.619198190343026,-0.649864653750535,-0.575623513548047,-0.561695427143758,-0.539320144981065,-0.546705808335477,-0.479938185397666,-0.557909166641209,-0.520664008454984,-0.614149652667959,-0.133085161506335,-0.595580627723283,-0.489990733933686,-0.523648453150346,-0.569117574990191,-0.514549346678819,-0.414345321972161,-0.542100918802593,-0.503403588533818,-0.678501083160225,-0.564026857065923,-0.588769888248515,-0.592011113512212,-0.599188446340144,-0.611639146667696,-0.623034699329136,-0.652701856899078,-0.480193544175508,-0.584034135350511,-0.594143746877897,-0.648742210832509,-0.632209182821188,-0.502661348343202,1.48039177315102,-0.602534340849823,-0.564051501308386,-0.579840164266168,-0.581798840055721,-0.61367692062986,-0.492513491777017,-0.632119221393476,-0.523417170819842,-0.558649441740781,-0.497673790088018,-0.489485806123729,-0.674593261866556,-0.582608056038028,-0.653725910563101,-0.628695836370075,-0.619361805458553,-0.541649123302265,3.15791214657768,-0.473683884100525,-0.64510407443421,-0.631295844690203,-0.633643616039065,-0.499146772993377,-0.624245140963282,-0.545682993028694,-0.493630068377022,-0.609829556542986,-0.564811840406165,-0.570744588934834,-0.539286391584972,-0.647016989090508,-0.533390524900563,-0.572405408177565,-0.525736410182264,-0.517018317778709,-0.558814581675807,-0.516001522971871,-0.485647279029534,-0.595135369623282,-0.595252818378097,-0.593080833882089,-0.473216961659279,-0.590816023309754,-0.590232949037685,-0.616148520619805,-0.498202729016568,-0.544401432002032,-0.544568861499106,-0.53876293741154,0.451901152808806,-0.555686164174209,-0.648058027396816,-0.633345761051129,-0.552577765411179,-0.436374010404228,-0.607658149490685,-0.566009750277924,-0.560785479528921,-0.626261252658692,2.67209811279807,-0.575207092418371,-0.580479327098445,-0.469818033386098,-0.467299796358042,-0.544639880910034,-0.50230392501186,-0.642527250276114,-0.561737550475102,-0.523550442579486,-0.587410976711106,-0.604661280286835,-0.584178615033913,-0.634799502824085,-0.60648093753597,-0.571802616208344,-0.445373276819008,-0.535313061655335,-0.675533736320197,-0.586266711243182,-0.458494200035597,-0.636689281967626,-0.375436868591702,-0.650999982179589,-0.565405932588494,-0.411838054785437,-0.577068565904617,-0.630052127380649,-0.329625546755521,-0.655340589508408,-0.653177850106153,-0.471355024221542,-0.565941860620036,-0.694062809533498,-0.554982996531346,-0.58079039036687,-0.536827906894891,-0.6062432055886,-0.609382404838724,0.607819235559505,-0.488886785115231,-0.440906614972752,-0.549311068110992,-0.546515217196995,-0.611480305431401,-0.526151676422097,-0.464812719053655,-0.575191915149846,-0.456231680966085,-0.629776083207558,-0.537600263639443,-0.668167935518413,-0.62308878086192,-0.545474879785531,-0.539254570583954,-0.58328449549316,-0.643080370097114,-0.604227038231424,-0.459993249220843,-0.529454784181799,-0.507453322616348,-0.61993703964826,-0.567357800084317,-0.497582275899242,-0.483295988296124,-0.453122404923287,-0.567725775131138,-0.584948442082806,"Lung"
"MGH-NSCLC-L11-TR477",-0.656448734067246,-0.63724253351247,-0.524760731024997,-0.577146718747379,-0.431187197590826,-0.640457655369936,-0.646667279946193,-0.645209612915443,-0.606595422040337,-0.579501820635618,-0.598622560874332,-0.634695224033472,1.8673121953434,-0.595519495347002,-0.589609428306561,-0.576858682547855,-0.600842546055443,-0.497373970892729,-0.576051280405884,-0.548113953946064,-0.63068821343853,-0.143451745739262,-0.611896184832677,-0.545938445390868,-0.575396285810256,1.63621708785925,-0.573330694368185,-0.429960041073248,-0.561361444490454,-0.560610260744157,-0.69206439825284,-0.582260218486063,-0.625567490159781,-0.611588629109327,-0.618611505329743,1.43801541529255,-0.63865311501772,-0.668583499498514,-0.498050725895418,-0.603502649967127,0.162577237105897,-0.666283417922501,-0.656785795009892,-0.52090329415496,-0.640904479674172,-0.620524868325876,-0.579630675495259,-0.621285413105802,-0.617889185770778,-0.631672772907243,-0.552697953782951,-0.648199980031089,-0.584889894432601,-0.581132221473443,-0.550547836944482,-0.509203920070235,-0.693953203153934,1.56298028938537,-0.670722468798562,-0.643723740385239,-0.63736055913806,-0.560279370914755,-0.650537013207541,-0.527523904027574,-0.677109626128494,-0.650207057907637,-0.64978370136369,-0.557577070158025,-0.641380365717436,0.493599071879404,-0.551252476689897,-0.629055296307016,2.47277711716519,-0.588693803378367,-0.556060898312716,-0.660237231702515,-0.588526282476792,-0.589909869044076,-0.565648370982973,-0.571892286826499,-0.576920489290967,-0.536928202584784,-0.536040583868658,-0.613324033454347,-0.613928727822754,-0.610558569033658,0.588483097434222,-0.609599961527398,-0.606985065331038,1.34367435729337,-0.552675319083088,-0.59380355233691,-0.609393101238094,-0.559707519106357,-0.617151979086842,-0.594431052352507,1.13301297528071,-0.646829023263298,-0.611171477952601,-0.489887580464375,-0.628347288090123,-0.580739089227792,-0.583384634008292,-0.642960035744011,-0.604211823260183,-0.59102886244812,1.71581287174983,-0.524907867368078,-0.527262396552614,-0.610939113068135,-0.551594186419016,-0.653169573199076,-0.579982300022589,-0.559205501592949,-0.605759647444717,-0.622533041648863,-0.606707548085572,-0.651415109834803,-0.623945658583021,2.20747019610632,-0.503157565496484,-0.591121560076774,0.1851836474101,-0.648355460363655,-0.509299988634769,-0.652171352395346,-0.401751601665268,-0.661565222751602,-0.587379470613587,-0.46337036605531,-0.646030586605075,-0.644817951380426,0.450707770483151,-0.67865154923685,-0.669983932902494,-0.526252623434156,-0.59971399981537,-0.709875823463227,-0.585406614114349,-0.638349539152426,-0.594071224294369,-0.624189201821571,-0.627868984828423,-0.5507422849472,-0.542188415392545,-0.494643751753466,-0.605088032412852,-0.56825180673189,-0.649886282079967,-0.581699870967512,-0.516581756071062,-0.626872714910418,-0.518913344295526,-0.647839666161721,-0.597768405038918,-0.685679077643011,1.66644238538635,-0.604607715519343,-0.593225662783431,-0.642375535978979,-0.666580990043488,-0.622178144336346,-0.516690548591238,-0.588021053830897,-0.560075667292178,1.03845911023721,-0.607213279963875,-0.55306289650275,-0.540235002594116,-0.503313348900243,-0.62425247747164,-0.642454817219591,"Lung"
"MGH-NSCLC-L12-TR478",3.41635779480407,2.02790120529916,-0.0643709151855358,-0.358981962125375,-0.24394859125186,-0.224174625041197,2.36028942998349,-0.336858164309209,-0.185699072815202,-0.148328800483561,2.52800169136332,-0.210631653980952,-0.409978997933508,-0.280773063750749,2.68831528891325,-0.128208618907319,-0.21298627339384,-0.196169718847993,2.52384629958377,3.86065192918757,-0.286630363620418,-0.141472321703742,-0.181266772326201,-0.145107664969969,-0.20465504171066,-0.199285718480726,-0.152198661352758,1.30235736173526,-0.172411043145446,-0.150759804485469,-0.486864175469938,2.47632955244183,-0.234191337558596,-0.253479566485743,1.0264423664574,-0.25960598544994,0.989753064745567,1.28032471666878,-0.171928308996925,-0.254348039152066,1.63906831573607,-0.297419720715581,-0.307502148561643,-0.162793964948613,-0.278939288882221,-0.33183221714891,-0.187403560707345,1.28219729244445,2.6012317399513,-0.207142515026529,-0.121513473725753,-0.251619238760618,-0.14447581602725,2.8797054449569,2.34029074237461,-0.176281422013522,-0.361969299434303,-0.254289645463993,-0.488042618691961,2.2571544095621,2.58636429840224,-0.142746306133651,1.78142185359416,-0.141793430999117,-0.302692637040468,2.71706262675481,-0.326496053327615,-0.138960097225002,-0.377133906830475,-0.348750127523526,2.2315694581295,-0.256502028225226,-0.135602669543985,-0.205254158682628,-0.11289273802327,0.645551168487643,2.75082524504958,-0.234725709975406,-0.102750530311478,-0.178754207263508,-0.224335273591558,-0.171741961326523,3.34627611975138,-0.272212199368498,-0.264093326950049,-0.228800543813457,1.60785784210446,-0.297942635386488,-0.234172046979484,-0.219470490457325,-0.162412871894113,3.02161905822416,-0.14496748081477,-0.244703935652661,-0.237843370357368,-0.184628033083812,-0.272184667014606,-0.414276026305204,-0.191383734825539,-0.106495919006715,-0.377495727550321,-0.405061606727716,-0.278134690855965,1.92185165835564,-0.230426952002774,-0.190465662238172,2.70345515790267,1.00269121936578,-0.0976674192773385,-0.135946083414509,2.83390252383152,-0.380460263580114,-0.177095226301092,-0.173599890939089,-0.195082908774831,2.94042632093583,2.55883793080321,-0.2902630695435,0.93947296058652,-0.268522351229238,-0.0891688441813938,-0.191288155032004,1.80216773690609,-0.203527939860617,1.94431948110116,-0.269232396033356,2.84632632506806,-0.342135609554624,1.75893658953612,-0.0941731995365596,-0.151960322481397,-0.303134643997919,-0.160121308325581,-0.334755381301249,-0.318614285166643,-0.1329452483421,-0.197815034647026,2.71632632277941,-0.140094313972487,2.14141733418404,-0.183958227899986,-0.278380008511845,-0.298215036482457,-0.161915915854524,-0.16031517151343,-0.109650372893188,-0.205480549848865,1.74685599626253,1.08758213356324,2.75624613776588,-0.145688595852898,-0.256611720112478,-0.0698379598689268,-0.290587709097101,-0.166700852042147,-0.281040511888554,2.21283914905242,-0.180957487862937,-0.206556137917336,1.23183807710139,2.89135095786221,1.11774209100381,1.05548232756648,-0.168429922069325,-0.183069084991903,-0.28079259778422,-0.222441739698868,-0.155578533415631,-0.132302149881691,-0.143726250154624,0.943189873138456,-0.230457174690537,"Lung"
"MGH-NSCLC-L18-TR479",-0.677227769876188,-0.663077424192757,-0.553095520866011,-0.597458113561859,-0.467803096018306,-0.664803207198356,-0.663795367725752,-0.662742547668962,-0.634209330485394,-0.607443240371478,-0.627651353279668,-0.658148901293276,-0.685301733272647,-0.620045191452975,-0.609358069168086,-0.605359109958983,-0.663437862586406,-0.525482726778669,-0.604572559938187,-0.577357577006425,-0.645630646266109,0.299090464396203,-0.637946085617811,-0.628855336866484,-0.642262877652984,-0.631849484716851,-0.668304550343825,-0.454126443068844,-0.592376116590785,-0.608306151544576,-0.712638942084245,-0.611530879323814,-0.644207779051373,-0.630855984444167,-0.635416960109968,-0.662580283536586,-0.655538329560835,-0.693257501547299,-0.526846053223771,-0.630913699057116,-0.636464376364629,-0.683064921280672,-0.670416417932962,-0.550292705398705,-0.665075733534612,-0.637525449792802,-0.604521377441303,-0.649560399256211,-0.641429229016805,-0.660477252132796,-0.649938841432057,-0.668033786210429,-0.64261047137252,-0.6112286084475,-0.593993078670553,-0.541087571924512,-0.711300898121181,-0.660745828155182,-0.697072848176719,-0.666797550985215,-0.657257633035093,-0.590240399735235,1.28242187014731,-0.590864796525684,-0.690805699931266,-0.675507561462629,-0.665818207260888,-0.592926190395762,-0.660747888513017,1.80669811159898,-0.610200418842886,-0.655813823759931,-0.634838419647828,-0.617491959251368,-0.58295944023729,-0.680297055321876,-0.638439868054655,-0.614334674329354,-0.590787395645833,-0.630522336721848,-0.604526832656505,-0.570651431666462,-0.597350949409219,-0.634749710354211,-0.637832118044382,-0.63638034646126,-0.511905354164788,-0.628479365157357,-0.630302401307011,-0.716975824513148,-0.63529431246487,-0.624528156516399,-0.702785278799181,-0.591916735697642,-0.648320373460556,-0.623410061433602,-0.700420865291011,-0.66733056735221,-0.639947985032776,-0.576350213517517,-0.650744450559404,-0.603678382110043,-0.612417759993607,-0.66085805952463,-0.626304057467874,-0.616299238091658,-0.633944710894037,-0.613917292364172,-0.624144818930814,-0.660094720486039,-0.62011306013358,-0.669103987580615,-0.609278064145898,2.38866726128274,-0.635184646795318,-0.643883447235871,-0.628484829775749,-0.666561283021712,-0.641640007678646,-0.619786892954945,-0.596520459105381,-0.671442183883828,-0.705242681714481,-0.689256410403886,-0.591387620831354,-0.667709129371117,-0.443068294882845,-0.676043907028158,-0.609699887969996,-0.546631851220679,-0.732669525468256,-0.658716134861447,-0.401550783155786,-0.700465350260921,-0.682828794429687,-0.610978783974276,-0.625901282229669,-0.72706568781731,-0.612767901213579,-0.695222394441719,-0.683900555202205,-0.643729143886465,-0.645845757029591,-0.62973135202152,-0.628308614336897,-0.581467604723374,-0.663986493899365,-0.60340803800813,-0.669384859829373,-0.637547723400128,-0.600225722379419,-0.641536587586044,-0.620188995490574,-0.666234332411153,-0.694982923252924,-0.703422657773363,-0.65711317096497,-0.694425946902318,-0.641893806030493,-0.667871597217548,-0.68871109787163,-0.647890236508491,-0.608297178181737,-0.682647405170749,-0.644369103558732,-0.682899579866523,-0.631026755925926,-0.6427037209779,-0.63223217441654,-0.584407567932778,-0.683242845843076,-0.692346690840915,"Lung"
"MGH-NSCLC-L19-TR461",-0.668585600174132,-0.650226741651021,-0.538884793636745,-0.587420708292423,-0.452201948864652,-0.653575152540849,-0.65608800174869,-0.654132835775328,-0.620382229885294,-0.593441670524033,-0.613103786120545,-0.647030401904426,-0.674854067306316,-0.611479652606581,-0.600444882332326,-0.59107728363478,-0.644373649278979,-0.51137477980168,-0.59058179469226,-0.562692516877203,-0.638903224506457,-0.0324668165975086,-0.624909057846201,-0.59092574431462,-0.617006481399909,-0.618817051896952,-0.620596507227521,-0.442520935438822,-0.576815095127508,-0.596107781710286,-0.702511990345343,-0.596858412704537,-0.637588558208372,-0.623743189801629,-0.628170805704237,-0.651179218955873,-0.64941671411709,-0.681020304360693,-0.512392273036975,-0.61910606912544,-0.6239977284736,-0.67591282748412,-0.663753658832574,-0.535544608902772,-0.656264385598609,-0.629176246694397,-0.592061905864606,-0.635402846102071,-0.630957600905724,-0.646050845632962,-0.601092004447558,-0.661007159574018,-0.631569213287285,-0.599236719756088,-0.580175375578189,-0.525070654769329,-0.702794896384882,-0.654683490845615,-0.68401416126718,-0.655397567326794,-0.649888973641106,-0.575213716420589,1.08025274879575,-0.570816417830813,-0.684113443647771,-0.66532215781345,-0.657957752892814,-0.579966869580435,-0.651219158708993,0.0625035367103654,-0.597586391696635,-0.644442920431523,-0.622640220326463,-0.603058431224237,-0.569480062078623,-0.670422674259347,-0.625157578710532,-0.603908254907296,-0.578202156040329,-0.61601619438928,-0.591420681291592,-0.553768725204729,-0.576561609832135,-0.627457561842818,-0.628876516446559,-0.624524227043768,-0.502877360024356,-0.620956803957687,-0.620362479048763,-0.706499247413287,-0.596476479642565,-0.617251681237298,-0.661517975959267,-0.576550354365291,-0.64231889581819,-0.608890126651792,-0.693844677236324,-0.657232272355618,-0.628979460994056,-0.532917597422555,-0.639686436186707,-0.592293028413754,2.57670362952781,-0.654282448720575,-0.617144636457785,-0.603650963155403,-0.619275794093647,-0.569205350937264,-0.575478049149259,-0.645988161097037,-0.591228260203263,-0.66129271941663,-0.59459167240094,-0.572175591100742,-0.620439195995821,-0.633986841752151,-0.618370747057343,-0.659842460040594,-0.634522751699371,-0.60860781949393,-0.549621647764104,-0.63599691843515,-0.696486728290379,-0.678884500178915,-0.550152690903332,-0.661578205288781,-0.422911158187712,-0.66895983614769,-0.599562630380461,-0.504807261880892,-0.701482632074574,-0.651918116885291,-0.37923340984067,-0.689916310586105,-0.676629199643309,-0.570395531904413,-0.61279480676346,-0.718640901552607,-0.599063766414886,-0.684632587462562,-0.640100314031307,-0.635985309420197,-0.637863560817323,-0.594382267079918,-0.58504801254059,-0.53785353768924,-0.649938034329864,-0.585746157766512,-0.661296582527273,-0.62403355096157,-0.558209001987627,-0.635449929094407,-0.569315383124193,-0.658388519367145,-0.646149332378445,1.04202665678281,-0.648164142124602,-0.652156158307826,-0.636623571201532,-0.655123433186074,-0.680966781346837,-0.636525810403849,-0.562280587728008,-0.635113923421627,-0.602389053994563,-0.676867948886227,-0.620494618732935,-0.597674609807136,-0.586019403598753,-0.5436716574199,-0.669705340316835,-0.686578948842683,"Lung"
"MGH-NSCLC-L20-TR500",-0.550373313012119,-0.606263115159022,-0.445486210986784,-0.552103354165736,-0.382474082592791,0.681144734725097,-0.590898008493545,1.418457858042,1.93650848500363,-0.540554120302803,-0.564812731262185,-0.562331913439176,-0.630015350782541,2.52772944446318,-0.51033958424083,-0.481703510528438,-0.499935539843951,-0.464862606695581,-0.542178560794663,-0.46039773785511,-0.590184548653983,-0.010584377053345,-0.539819454004065,-0.441655913688796,-0.478942027730347,-0.517286221369581,-0.463766467445362,-0.387671389458429,-0.514813642694598,-0.453981116263226,1.08079382676904,-0.524278445353001,-0.539076261472955,-0.544566449087483,-0.582353961755018,-0.586813576674696,-0.583233568136549,-0.638631000453317,-0.464755782632401,-0.567166058657022,-0.573598851321438,-0.620604460849338,-0.586702002140063,-0.486879972085409,-0.587505975623167,0.988490393995597,-0.533743884968172,-0.519656361497319,-0.531302794337271,-0.586375849438709,-0.440518422151696,-0.599955953854262,-0.470309135327428,-0.539268403685552,-0.451994396170663,-0.472475373944339,-0.656541007777145,-0.536594746640522,-0.638651239015691,-0.612262477590349,-0.603713351816432,-0.506545544973607,2.06859236323925,-0.4271699585551,-0.597115649470469,-0.593887262539601,-0.61763645048068,-0.448667176299393,2.27790176685119,0.187320307978852,-0.443848429855272,-0.593147584940682,-0.504658849470943,-0.555167682787168,-0.512990647734614,-0.630746304944493,-0.485757174722286,-0.544802748009258,-0.466455603701635,-0.469611134160856,-0.543114278294411,-0.497950067107925,-0.442111068744892,-0.579343947686272,-0.579047763288168,-0.570568671116241,-0.45816751361151,-0.574526559316188,-0.57566062695381,-0.560554717941675,-0.451142308124254,-0.5017215342205,-0.488565355838401,-0.520681318690943,-0.518468784215499,-0.503682950097758,-0.595379966500691,-0.614861189650105,-0.501956989522281,-0.390142114189825,-0.587699280434774,-0.552983035954636,-0.541313179256225,-0.604429909297606,-0.560451400404046,-0.535928430045098,-0.524362305434108,-0.422224357907922,-0.415496399465948,-0.487362087318983,-0.459720665341606,0.95282644827894,-0.545913993367111,-0.474505422599339,1.97678853653601,-0.548521561427271,-0.56473781523267,-0.602772973122752,-0.59129411750643,-0.554145648330715,-0.395451785243,-0.487098511514133,-0.662914451884188,-0.532626473782073,-0.414601633291015,-0.586322664322059,-0.352702821750893,-0.627295527380133,-0.546450550849738,-0.367317824428184,-0.517490313506691,-0.594476047058741,-0.305869794059748,-0.63518852960602,-0.63852877041714,-0.423927425831734,-0.514349464350226,-0.675780132018484,-0.496836999531892,-0.531063403551178,-0.48737377580245,-0.57870403436958,-0.593329532981773,-0.449582892649691,-0.442837989711211,-0.3944815731056,-0.501123761193194,-0.499943868861612,-0.556564096118911,-0.478162010207846,-0.420087974585708,-0.530543401359398,-0.402079208045009,-0.590774481880216,-0.48561929385059,-0.613912635340158,-0.605196311582792,-0.494388340026821,-0.492627407971939,-0.524617051121092,-0.590658893904402,-0.588627320184623,-0.411010838643843,-0.478857716988634,-0.461991381376477,-0.572406478975019,-0.51901835614349,-0.449650988736603,-0.434104753313773,-0.409761019946811,-0.518890748183569,-0.535267047924258,"Lung"
"MGH-NSCLC-L22-TR462",0.867059265423736,-0.55617579179938,-0.262536540506056,-0.468596841365473,-0.315976638713704,0.939742348337609,0.638231053411109,-0.496454906229707,-0.362124875956237,-0.352271220598491,-0.398004770585429,-0.39350256629737,-0.570578806049357,-0.469286488177293,-0.359087847588335,1.02823509531203,-0.362189103738922,-0.346683501987195,-0.400058208076192,-0.282903268393653,-0.44446712734665,0.068704457948137,-0.367700686571645,-0.299301605209275,0.716912732181076,-0.364634024364691,-0.314202206747798,-0.289397905776617,-0.35044752186609,-0.308423486633449,1.56869235162421,-0.36773403765688,-0.392720035472084,-0.404833801670929,-0.518030498404452,-0.429741631116817,-0.428496041399137,-0.595408087308753,-0.342701180966245,-0.433737319298213,-0.513628767123243,-0.465463635059164,0.60693567468426,-0.348630557890318,2.1380404908381,-0.491184046545428,-0.367487508234458,-0.342404773896185,-0.382583307375733,1.00103194552528,-0.287384053525666,2.69707991282049,-0.31389689196078,-0.472069927829854,-0.317460772172047,-0.343865456578049,-0.543387400544645,-0.401077684469894,1.25194011322119,0.391849573894478,-0.450831526345049,-0.331908232852657,-0.557623114832009,-0.290178496248292,-0.455781534310458,0.782005634173108,-0.480914546476662,-0.299996134526865,-0.544042695021968,-0.466671646436811,-0.2972329942162,-0.432926044946852,-0.32749800798709,-0.395485094453692,-0.320928608902439,-0.574176325553274,-0.345468815505606,-0.39595411202713,1.1192501183568,-0.32998887412784,-0.395859744795996,-0.351515929550249,-0.313889486922727,-0.447179556611378,-0.43898233756768,-0.406507120819732,-0.355250607103964,-0.471416609025148,-0.416090304504886,0.926527126103924,-0.312541323597143,-0.376021939107015,-0.323625457844283,-0.422906828745421,-0.383758035107588,-0.350524594670847,-0.440234071824396,-0.557278023805031,-0.352870150886105,-0.253981276475944,-0.529207135651497,-0.483540866266375,-0.434877826166182,-0.445718737005984,-0.402027257498252,0.929416224519472,-0.359088083403668,-0.282052847465406,-0.262926539805799,-0.318669193529922,-0.334305685986134,-0.541048810133101,-0.370408632604649,-0.330059454490561,-0.38467142141865,-0.38318049227689,-0.507727148344986,-0.452756470212299,-0.447907025315596,-0.444123591249116,-0.248424458451286,-0.345098419050196,-0.607132774025831,-0.374646804637466,-0.285330520775077,-0.434107414146641,-0.285747167409653,-0.490408045887647,2.2138118348111,-0.236198135273615,-0.342022175267031,2.79756190756773,-0.235905041314592,-0.509833647775599,-0.501095434252628,-0.284245040805504,-0.362401037593256,-0.577755396917637,-0.32558709828535,1.83865065144318,-0.341722905530288,-0.434537210908417,-0.454125080402539,-0.311491928595834,-0.307216415185044,-0.257751888425953,-0.359203904679418,-0.344797213713054,-0.394826471744105,-0.336824239352805,-0.288365956413386,-0.399045895563946,-0.242590917904002,1.85135435838728,-0.33252645165327,-0.454121501348377,-0.523081823293985,-0.34392974717154,-0.355302443146109,-0.351831398220509,-0.436268685043002,0.856047380841987,-0.266749265930459,-0.329840704514344,-0.32809819268665,-0.432420852422542,-0.376650430089085,-0.308485154168561,-0.289228157028011,-0.282054328543687,2.50542462572347,-0.388946849071723,"Lung"
"MGH-NSCLC-L23-TR524",-0.670314670064216,-0.652067834652248,-0.540905978720292,-0.588866850596329,-0.455214524910647,-0.655447036938401,-0.657206322037764,-0.655379894114333,-0.622351532126133,-0.595434529021386,-0.61517423305553,-0.64878951652407,-0.676363168675636,-0.613301211056036,-0.601988981339205,-0.593110041301499,-0.650614063791548,-0.513380072838847,-0.592660342196613,-0.564778507813939,-0.639880686914229,-0.14362238525929,-0.626766657901853,-0.597374912203671,-0.622971523615691,-0.620674207754604,-0.627372312173247,-0.444321525093026,3.71770971784298,0.438152615431759,-0.703975948389841,-0.598946208133745,-0.638917551331252,-0.624775714792613,-0.629222557605831,-0.65370140669914,-0.650307299907365,1.41127599161123,-0.514446562580945,2.42214319120549,-0.625789567782564,-0.676951943038375,-0.664722384691919,-0.537641194888189,-0.657540484418796,-0.630385463887754,-0.593836893841402,-0.637419277535225,-0.632822499077486,-0.648105103694169,-0.608029548266224,-0.662783150751376,-0.633145551106678,-0.601833414321256,-0.582142561417316,-0.527345551921146,-0.704028464965031,0.291563891903432,-0.685891080800333,-0.657040351210691,-0.650958637696207,-0.577350916670698,0.1897398520955,-0.577022629284629,-0.685086756347381,0.990398010430861,-0.659097899454179,-0.581812925541311,-0.652597145955827,1.09469483304206,-0.600763789807521,-0.646643274961658,0.567771393620603,1.96604128164241,-0.571398543467168,-0.671850031957018,-0.6270507623166,0.336841266281496,-0.579994890207844,-0.621776678429231,-0.593494777186213,-0.556183325840929,-0.582370513805618,-0.628515815117987,-0.631014012283684,-0.626519650324133,-0.504177867755365,-0.622047876479943,-0.62227328731615,-0.708269321859266,-0.602755608306481,-0.618307693440976,-0.668990353192735,-0.57896446326706,-0.643192287531756,-0.610956995838141,-0.694801422351821,-0.658691217004533,-0.630628144408239,-0.539086178561471,-0.641280883416616,-0.593927284823456,-0.602787264340281,-0.655238381698051,-0.618991095531459,-0.605453002982304,-0.621363894350518,-0.575555630136819,-0.582390018658787,-0.647998126208615,-0.59691001487794,-0.662425745369241,-0.596681266933267,-0.574028534226243,-0.622537891911761,-0.635619341018272,-0.619831212028699,-0.660819076197023,-0.635556038586552,-0.610955002472281,-0.556282520377558,-0.642430039050473,0.128726662747089,-0.680545868101916,0.415672935485329,-0.66247032869756,-0.425944492834063,-0.6699890073357,-0.601025476618157,-0.510747460656407,-0.709431976880315,-0.652905973700079,-0.382403067588221,-0.691440961163072,-0.677531292829354,-0.57672365194378,-0.614662238162302,-0.719863150431217,-0.60101512279743,-0.690069696751894,-0.646698828158505,-0.637108370733608,-0.639020679288069,-0.600638289961544,0.430120353823428,-0.54404788966451,-0.65424367950999,-0.588254595567616,0.42158675414907,-0.625959482227809,-0.564176488458216,0.883035022161791,-0.576540782695473,0.848611270355998,-0.653084994898898,-0.697643970430801,-0.649459340821786,-0.658972479752782,-0.637662770246615,-0.65694129388166,0.328597321680538,-0.63857608627411,-0.568816161623204,-0.641864936032598,-0.608454902385694,-0.67774609927734,-0.622390586969624,-0.604069935505762,-0.592582840298516,-0.54945723498485,-0.676221249263123,0.376765947395817,"Lung"
"MGH-NSCLC-L25-TR480",-0.606158792861236,-0.621525501858093,-0.507944367678088,-0.564539219388357,-0.406243672891414,-0.624752829628206,-0.629662220944659,-0.627839843927026,-0.58322533005923,-0.562871874664785,-0.581350385948695,-0.619908258145017,2.10175331118264,-0.576531303535148,-0.564404697160401,-0.54235970214458,-0.54917316704158,-0.480733266127802,-0.558737628317371,-0.523843346787727,-0.614906718272197,-0.0825437376742099,-0.596327379913879,-0.492540630339782,-0.52600693411562,-0.571851930505542,1.61280588415301,-0.415056649805127,-0.542979588091319,-0.506010863864201,-0.679132874869446,-0.564859632869231,-0.591391468295336,-0.594514049877586,-0.600075211211789,-0.612639145240226,-0.623750330048913,-0.653435339558459,-0.48100777798032,2.40136337375078,-0.595229615708864,-0.649545144446249,-0.634609907513692,-0.503493416292808,-0.622255386154523,-0.603429183356044,-0.564764379708036,-0.583015152020481,-0.584462751597068,-0.614499801696336,-0.495256484106353,-0.632855805353812,-0.526218877501476,0.39995654535277,-0.500083599864741,-0.490383936368224,-0.675543643277642,-0.585035481477291,-0.654511359240202,-0.629392731104526,-0.620184845051814,-0.542499467213186,-0.636696426857624,-0.476137719471812,-0.647635696807657,-0.632160378983215,-0.634485590265987,-0.501809816768826,-0.625244671370595,1.71328469234126,1.95590184904536,0.506454670582828,-0.56798520268669,-0.571564599633049,-0.540052912509723,-0.64763272543767,-0.535903415355411,-0.573205398018625,-0.528863760498849,-0.519519276849572,-0.559641423061988,-0.516954660322885,-0.487944025465698,-0.595966500791421,-0.596105967465943,2.49612650342552,-0.474011390577222,-0.591673854985981,-0.590999179115637,-0.619081363587512,-0.500685394670327,-0.546653003796724,-0.54752331828799,-0.539717275689106,-0.56662130149028,-0.558429586162887,-0.650837050831234,1.78234185848013,3.03177516847492,-0.438812967359199,-0.608711964119812,-0.566689401838269,-0.561814209766408,-0.627025706132761,-0.588743662659812,-0.575931151761312,-0.583439772407586,-0.472328830807907,-0.470032677020258,-0.547661562573207,-0.50455039867708,-0.643025384695741,0.663514021806415,-0.52613780546923,-0.588249374735303,-0.6076229229832,1.59656011967327,-0.635560412719982,-0.607279627443218,1.10209912883451,-0.448006877840205,0.572577697317901,-0.676088481891184,-0.589096494162237,-0.460809746004929,-0.637399021586518,-0.376636199923473,-0.651778816462346,2.10015921958901,-0.414186713057288,-0.580211607937259,2.10656398496589,-0.330878778030943,-0.6564034939142,-0.653947335305454,-0.47385706027072,-0.568663609975126,-0.695025200173072,-0.558050480138919,-0.583413730317746,-0.539436852381809,-0.607063686461497,-0.610227234371557,-0.498943671771858,-0.491316082613605,-0.443355761298528,-0.551853182472976,-0.547505158745846,-0.61437740205972,-0.52868336427754,-0.467172166437646,-0.57754734099554,-0.45908848679224,-0.63060234317007,-0.540342512133982,-0.669666846062871,-0.624031755540998,-0.548169942753999,-0.541714379760176,-0.586379487980987,-0.645845857442858,-0.605047701241501,-0.462577309160637,-0.53212402509633,-0.509851660708725,-0.622444507457722,-0.56990794041281,-0.50011088397631,-0.485891064737026,-0.45540992847576,-0.570302059868998,-0.587569376799684,"Lung"
"MGH-NSCLC-L39-TR519",-0.682797383671408,-0.675016861161087,-0.566529039682204,-0.606663016418623,-0.474843920087797,-0.670517025709115,-0.670751065820936,-0.67054332023645,-0.644019761698553,-0.620658431457552,-0.63522129072704,-0.663488633291122,-0.694827007860131,-0.627179175950097,-0.614067633594512,-0.618838057815849,-0.669159925279315,-0.538837671551201,-0.611187342873745,-0.591217647004515,-0.651683456446118,10.0784084590937,-0.646771994562225,-0.637517545382469,-0.648375481211023,-0.638259279292263,-0.696606770668573,-0.461549280958572,-0.60600641840002,-0.619117818989536,-0.72185512647537,-0.621142366630102,-0.649764314935412,-0.63726844534611,-0.64195143209691,-0.671825402389553,-0.66103025439341,-0.704560713671645,-0.540530973866461,-0.638256873468396,-0.647959061683234,-0.689500504732566,-0.676401929875068,-0.563867140557754,-0.673061489398007,-0.645091691868595,-0.611053767915001,-0.662902161672802,-0.647694209881097,-0.668786592393808,-0.696272172646897,-0.673544665760464,-0.65202749232261,-0.62107187422052,-0.605734893355542,-0.555861567391206,-0.718986163998578,-0.66617961814733,-0.709114219873044,-0.677246873871869,-0.663900806231562,-0.60444569706796,-0.680133009727535,-0.602576108946013,-0.696813586290421,-0.682824714908866,-0.672917485050008,-0.605134129464787,-0.669412182474324,-0.00663969660396733,-0.620020993127199,-0.663167896319553,-0.64630907188539,-0.625413554795746,-0.595682658971246,-0.689284527900689,-0.646308646867037,-0.621068921815043,-0.602644112773867,-0.635692692621723,-0.611351235260191,-0.579256840480883,-0.601710273174071,-0.641328122313493,-0.644771981614233,-0.642735294333812,-0.520187086969327,-0.635274278465634,-0.636087591480873,-0.722749617301161,-0.639403959598827,-0.631091984933002,-0.715093505856038,-0.600276104110202,-0.653700593284867,-0.633389025823819,-0.706320226367315,-0.676532889444468,-0.645348967318827,-0.617547922750884,-0.660866460240638,-0.614209775216813,-0.622650726095174,-0.666766958482351,-0.632056476700675,-0.622933142272706,-0.645880310878628,-0.649569392312017,-0.643239266988095,-0.67337630713887,-0.626625756944599,-0.676158660017356,-0.621497867157481,-0.594536197835163,-0.645461032803543,-0.648739437069181,-0.637712178586914,-0.67260076934952,-0.648054898690324,-0.627759304190197,-0.641006003996436,-0.676862757248109,-0.713168356008889,-0.694652919990463,-0.621368479462979,-0.67320688018292,-0.448913541916539,-0.682419164121082,-0.618962222758139,-0.586304277736657,-0.743760130032913,-0.664830568369553,-0.415383411411419,-0.710069989371935,-0.688388441930368,-0.617033580140225,-0.632577389020209,-0.734671175629973,-0.625689700574029,-0.700620542100357,-0.689283603107279,-0.650725437234312,-0.653064582410727,-0.633819923427179,-0.633323486655551,-0.622837427996919,-0.670428286811163,-0.618205631035877,-0.674345654838785,-0.647220469216502,-0.621465366914237,-0.646996945272446,-0.636717295206563,-0.673317912082203,-0.705503834871518,-0.709493060751859,-0.665235602427757,-0.699177605019823,-0.646316939935464,-0.678493855510081,-0.695692153924569,-0.654377311970636,-0.651945898518513,-0.702832923585919,-0.650433275734203,-0.688301747650617,-0.637605970326604,-0.65094314354113,-0.676066980288106,-0.62266660535274,-0.688618764229848,-0.697505007141029,"Lung"
"MGH-NSCLC-L40-TR520",-0.234957166385296,-0.47952628555809,-0.0757337061275191,-0.36526726491148,-0.248078670037947,-0.234855209678314,-0.303173392561356,-0.346009420540098,-0.195815305207281,-0.16002283208072,-0.221386753476876,-0.221117448087061,-0.419187769848364,-0.291582398760549,-0.204650547771846,-0.1387479192104,-0.221541544099426,-0.204800159414727,-0.230054445991478,-0.101670528838653,-0.295680702932704,-0.12352275718677,-0.191956868495201,-0.153949125261713,-0.21283279189437,-0.208766768634246,-0.161487923378944,-0.189054651548411,-0.18261963146383,-0.15980021932278,-0.495691950088613,-0.207892596090466,-0.243281352286349,-0.262158198462449,-0.337452969514779,-0.269361541038171,-0.270499536112619,-0.51147812333644,-0.181720403057695,-0.264634196926584,-0.399886319851832,-0.307055336704325,-0.315826373808408,-0.173449810792472,-0.288139073807481,-0.340969430127827,-0.197729550618319,-0.161420031617171,-0.2307315898037,-0.218449196087704,-0.131024470997071,-0.262004750217735,-0.154190398280805,-0.316621404408212,-0.180093690744014,-0.185890668556101,-0.372371789536583,-0.262706452351211,-0.495778171522999,-0.435364700304803,-0.29068963714153,-0.153592826179781,-0.416448480310916,-0.150301811161477,-0.311470734313422,-0.271874390955845,-0.335350389453738,-0.148193882464119,-0.386704434834681,-0.355511731938043,-0.147529642091788,1.04492337318128,-0.146605923059543,-0.216161975567477,-0.124821487549875,-0.429654878814939,-0.202225796465849,-0.243970525384034,-0.113594242854639,-0.187425983208407,-0.234170464253798,-0.182050177064919,-0.182967387692166,-0.282244804664234,-0.274121439860568,-0.23899021561081,-0.249110001582965,-0.307889610262391,-0.244603215984957,-0.229639772071594,-0.171021217606895,-0.247674942986555,-0.1552117057646,-0.254922066149281,-0.246210098079409,-0.194140520147391,-0.281820597825974,-0.423496006820332,-0.200643344723567,-0.114952710043086,-0.386550380138191,-0.409561597167416,-0.287122321658424,-0.283664895893775,-0.240266490993314,-0.200765488175562,-0.190332965977838,-0.138929138190752,-0.107143355554301,-0.146423402561825,-0.20624930001087,-0.389668389758437,-0.188179791641601,-0.182571261774142,-0.205953889201869,-0.214357119841684,-0.350183684457285,-0.299580419806765,-0.293349417398028,-0.278591303280183,-0.0983005401976019,-0.200107615379588,-0.452026523380754,-0.213339873103525,-0.153336786335536,-0.278686307928253,-0.21738133774871,-0.350637531589715,-0.334884685545206,-0.102316890707599,-0.16285844417004,-0.311820864394194,-0.164466737626775,-0.344794346117766,-0.329077730300283,-0.141620758580305,-0.207252374450179,-0.404065926504896,-0.150730445874696,-0.235069923024875,-0.193004433804998,-0.287334041997964,-0.30715489793397,-0.170492584789738,-0.168738469541326,-0.118142494352023,-0.214295026835049,-0.186382963225797,-0.229682437434193,-0.192509706666928,-0.153869696977689,-0.264778877035024,-0.0797435918047895,-0.299537650440991,-0.176209270155342,-0.290964953103237,-0.372712115584386,-0.190302295817748,-0.215085231532721,-0.175406649179105,-0.278626812609891,-0.250809236776634,-0.119449352222214,-0.177685195145761,-0.191385034988629,-0.289486942000398,-0.231284045762321,-0.164346178977036,-0.141300266531231,-0.151657964010645,-0.228206543822418,-0.239544951814045,"Lung"
"MGH-NSCLC-L51-TR521",-0.538182591818167,-0.602893267655336,-0.431195408991655,-0.548654175234328,-0.377279747991581,-0.568975481897336,-0.579777555051399,-0.605717334240101,-0.512280970290524,-0.525846722187974,-0.557468062557471,-0.549144096458517,-0.62544948426287,-0.554434851595786,-0.498524812373589,-0.468448399652286,-0.489175711533036,-0.461393745357265,-0.538552894656201,-0.446533059598877,-0.578802080406459,0.205776185511464,-0.526374689558446,-0.430536149273327,-0.468657000993755,-0.505362054926505,-0.452083509888991,-0.37999492361415,-0.501974463037734,-0.442611129870503,-0.663406629710811,-0.512050245499162,-0.52764389408451,-0.533651471261966,-0.578474669511928,-0.574544169099059,2.24763008388363,-0.635350142259885,-0.461203822365328,-0.563279964114092,-0.568883537186547,-0.608485899406176,-0.576232756039194,-0.483247439945606,-0.575935551997859,-0.581636185253099,-0.520757051189859,-0.505810655544028,-0.519685824842881,-0.572155615950992,-0.428556591693464,-0.586894260771143,-0.458091259265165,-0.534816676134408,-0.441485531206883,-0.468566520344503,-0.652378423814546,-0.526009062078474,-0.635134753094877,-0.607611303831432,-0.595418999656538,-0.492904048698026,0.377518973831093,-0.416469103736922,-0.586075575719046,-0.581441580286724,-0.612340207640896,-0.437053991018444,-0.600931825166767,7.78682610536976,-0.432395814747285,-0.583080618858606,-0.490820231996072,3.56148127098219,-0.497988048601654,-0.626325805613348,-0.47479878841573,-0.533175690259041,-0.45281763837801,-0.458704779057836,-0.53949549408182,-0.493802219973115,-0.432095258208004,-0.575701494115973,-0.575311204931196,-0.557753282467867,-0.451081885505634,-0.570771750507899,-0.570921029669661,-0.547764973703268,-0.440315728218414,-0.491902724381076,-0.475681356555247,-0.516524471768861,-0.507946083425419,-0.491719245951406,-0.583261009110111,-0.610355674850693,-0.490311324977334,-0.379506142197393,-0.583112902160646,-0.549948770431283,-0.536841799573417,-0.592032456316843,-0.548076368235027,-0.522974502281497,-0.511452190998111,-0.411275099044411,-0.403578664664362,-0.474184929159646,-0.449924087777505,-0.622022530455695,-0.534937774919481,-0.463222271753477,-0.546030304770233,-0.535606225342324,-0.560269626501478,-0.591054689436003,-0.587452612800637,-0.550082093759526,-0.383966995958988,-0.476006416079565,-0.658661515223273,-0.520286160924065,-0.404503840451043,-0.574432629236567,-0.347472694819651,-0.61660279484621,-0.542094781023064,-0.357075633171729,-0.503783918663523,-0.583551525398259,-0.30040461653037,-0.630552072524524,-0.635141835310804,-0.413016374167269,-0.502480271721731,-0.671563765661705,-0.483460105088896,-0.51962336145151,-0.475996506075712,-0.567442688432537,-0.586820201216624,-0.438796152124708,-0.432244141344468,-0.383801166601004,-0.490037933253267,-0.487824852068045,-0.543930236986919,-0.467121650898015,-0.409798733423645,-0.520271697599375,-0.389621051826662,-0.579518282565568,-0.473660707158628,-0.601430822990076,-0.601075803521343,-0.482635523236787,-0.481900502172358,-0.511120194052618,-0.578598965624529,-0.577292050327404,-0.399742091530316,-0.467217506795403,-0.451532542926354,-0.561471740115044,-0.507897528014357,-0.4386240599371,-0.422787964681109,-0.399785429198281,-0.507655907707754,-0.523837494735178,"Lung"
"MGH-NSCLC-L58-TR525",-0.68343187203367,-0.676403696239287,-0.568104950251814,-0.607724506973214,-0.475654223632165,-0.671168377770348,-0.671546260362772,2.21751750961029,-0.64476554940333,-0.622207475368998,-0.635967725993488,-0.664096903546591,-0.695921937792392,-0.62799571919346,-0.614603804387418,-0.620417927034436,-0.669812008893025,-0.540405503406271,-0.611943894289429,-0.592843401323491,-0.652374303955299,-0.136599515427673,-0.647429148496332,-0.638122994666824,-0.649072959057533,-0.638965994859173,-0.697203749199888,-0.462405275831594,-0.606887439227492,-0.619807271423381,-0.722913504608049,-0.621963911787761,-0.650397710023365,-0.638001128699677,-0.642698160842653,-0.672887474802646,-0.661656125522974,-0.705869407846583,-0.542137723124861,-0.639097634804686,-0.649288476711077,-0.690235082228485,-0.677084543173516,-0.564636078555816,-0.67397651242432,-0.645958605690465,-0.611664269037898,-0.664464726957018,-0.648409561158328,-0.669512246254071,-0.701718271152204,-0.674172590122749,-0.652613919488646,-0.622205911685622,-0.606591987540792,-0.556811181099447,-0.719865302880038,-0.666798563823767,-0.710506954692695,-0.678451518021674,-0.66465985255268,-0.606112165949984,-0.681185523397313,-0.60394648842647,-0.697498501015415,-0.683661602527897,-0.673729426649665,-0.606563584583268,-0.670406703812035,-0.583073776402257,-0.62062234181165,-0.664009458349368,-0.647650994235456,-0.626140726007879,-0.597174098798348,-0.690316703664204,-0.647096125118843,-0.621839275525971,-0.60403256384812,-0.636281578558358,-0.612132201333722,-0.580248673119537,-0.60220612053017,-0.642080024600477,-0.64556577258128,-0.643461198755054,-0.521142247656082,-0.636051454225802,-0.63674765800414,-0.723407160032493,-0.639870855153231,-0.631842194856858,-0.71653165798707,-0.601236195488312,-0.654313495974109,-0.634221727218781,-0.706992506706122,-0.677590419409595,-0.645964412150355,-0.622390371519289,-0.662032486966033,-0.615430046953527,-0.623830914017218,-0.667440935447866,-0.632712806853038,-0.623563031719994,-0.646690747618588,-0.650178046579707,-0.644549543591856,-0.674931042935776,-0.627369955727285,-0.676965489690351,-0.622252492030347,-0.59526676919942,-0.646232005737931,-0.649292147251638,-0.638773229251321,-0.673289756906606,-0.648787762663125,-0.628673663187325,-0.646234910556495,-0.677479967391047,-0.714075895330974,-0.695267289870364,-0.622039603056653,-0.673833262659441,-0.449566341357863,-0.68314691142427,-0.620028158362748,-0.590967442181895,-0.744408298129068,-0.665528334871646,-0.416251426199776,-0.711173224683682,-0.689021896200487,-0.617492973936025,-0.633290445579299,-0.735540798468323,-0.627203538392364,-0.701234971268855,-0.689896354225353,-0.651525741534025,-0.65389078244228,-0.634284445111834,-0.633841520188725,-0.627700107342169,-0.671163586744261,-0.619356603797625,-0.674910155518494,-0.648032148901227,-0.622042642744463,-0.647619205877266,-0.638200296318596,-0.674127905518604,-0.706042923926623,-0.710185086201186,-0.666167020973644,-0.699717715139603,-0.646819776198166,-0.67915476764442,-0.69648975874715,-0.655118345299063,-0.657076443298086,-0.703485193152979,-0.651125077330524,-0.688916844350961,-0.638357926033377,-0.651477072060944,-0.681219397877737,-0.623666479313865,-0.689230748439517,-0.698091886050744,"Lung"
"MGH-NSCLC-L59-TR522",-0.267311973723133,-0.49508923552127,-0.11366223700757,-0.386247348240488,-0.261864703907177,-0.270506563847856,-0.332687653687156,-0.37655593911262,-0.229582874691893,-0.199057030704073,-0.25724735451199,-0.256118599440326,-0.4499262734188,-0.327663516401932,-0.236007566066609,-0.17392767205816,-0.250098687392988,-0.233608216626635,-0.26457208573396,-0.138468105179286,-0.325890364963213,-0.141723670466553,-0.227639971768601,-0.183461557674854,-0.240129787144515,-0.240414125816108,-0.192495099645034,-0.209428390679629,-0.216695481248613,-0.189976753862217,-0.525158700285466,-0.240346873738512,-0.273623449229044,-0.291127116627566,-0.374117511589426,-0.301925186120594,-0.302579217074838,-0.528519300687287,-0.214406012065254,-0.298968970379688,-0.426987203409585,-0.339218628314939,-0.343612296821263,-0.209018587883017,-0.318847579174611,-0.371469072900296,-0.232197282111792,-0.198167254480162,-0.261563630325363,-0.256190434483168,-0.162771790431797,-0.296671162194997,-0.186617276049757,-0.34818374199518,-0.207984764277119,-0.217965940035227,0.872571010263907,-0.290801409088801,-0.521599130117091,-0.463450262300129,-0.323204917811924,-0.189798065949726,-0.448652284609733,-0.178702435741744,-0.34077166356442,-0.304905878188872,-0.36490580087476,-0.179015879486695,-0.418650465418113,-0.378081690599093,-0.17792547753396,-0.30038538575151,-0.183334332732538,-0.25257182167506,-0.164639165010527,-0.459634591181364,-0.231309922994639,-0.274829340660757,-0.149790111294677,-0.216372016220039,-0.266999927952354,-0.216458579098181,-0.209549869162887,-0.315733230325617,-0.307594870124078,-0.273002922823126,-0.270660837508574,-0.341092205088804,-0.279422030988989,-0.263584417687689,-0.199755523100996,-0.273734574372301,-0.189406509165892,-0.289029767334348,-0.274137892614325,-0.225892812447678,-0.313984940301558,-0.454271924239465,-0.231551543400071,-0.14318113223325,-0.416774439705993,-0.424582380989237,-0.317122665250995,-0.316568380133198,-0.273110469233647,-0.235145885396621,-0.22459708035141,-0.167989040011594,-0.138773642825539,-0.181396264849625,-0.232249925783006,-0.420404737886757,-0.225179616856778,-0.212517330261258,-0.242240776721775,-0.248635092742809,-0.382752036162585,-0.330681353458122,-0.324730863103336,-0.312201052922183,-0.128781767574374,-0.229546612880036,-0.483519365750383,-0.24609170448878,-0.180136853097458,-0.310243078714023,-0.231262366321224,-0.379016599205618,-0.365703039727312,-0.129500198368206,-0.199235928109723,-0.340815112393083,-0.17897160269724,-0.37830399959907,-0.364004281698605,-0.170579256510049,-0.238753828272325,-0.439331914111586,-0.186233418635276,-0.26543238904983,-0.223200298691265,-0.317222239124288,2.97028553531571,-0.199121154497516,-0.196855093440669,-0.146488848045704,-0.243717390079162,-0.21854746336004,-0.263213355879944,-0.221811393804742,-0.181177877531946,-0.292040512413254,-0.112808185590179,-0.329412188164163,-0.20794798046588,-0.324092331491183,-0.40324324816202,-0.221494882119165,-0.243554996770959,-0.211228008979592,-0.310634488759252,3.19384683011123,-0.149357192455451,-0.208578917689395,-0.219143335555711,-0.318508306977483,-0.260799301326856,-0.193612220842822,-0.171335611451972,-0.178133700073713,-0.258024394077832,-0.269879579725493,"Lung"
"MGH-NSCLC-L65-TR523",-0.661843501271236,-0.643026572878767,-0.531025075482509,-0.581739566867628,-0.440499907944326,-0.646283584968128,-0.651669045425104,-0.649212366532571,-0.612715687174085,-0.585687471749249,-0.605048135038599,-0.640175426630745,-0.668913236294625,-0.602596826816742,-0.594425080970474,-0.583167919894644,-0.620133402768738,-0.503580984658055,-0.582497120951274,-0.554580226255224,-0.635036465013323,3.06920313204519,-0.617674660136992,-0.565874616845105,-0.593835890173377,-0.611583791446704,-0.594276591802151,-0.435526341327138,-0.568213895930755,-0.580995044961572,-0.696744999598037,-0.588736719178646,-0.630909419199129,-0.617457638377997,-0.624013744404311,-0.641376355766234,-0.644176160139197,-0.674132516552699,-0.504408517657508,-0.610423318739953,-0.6169723800409,-0.67180233831762,-0.65991927720703,-0.527394958870976,-0.647843812016545,-0.624405444921346,-0.585150237902834,-0.627552602574166,-0.623693257365321,-0.638054774320911,-0.574143831052668,-0.653889086345122,-0.606794825408048,-0.589153010080497,-0.56938875172286,-0.516234581833669,-0.697922627688573,-0.651188152651798,-0.676655161251093,-0.648942949671552,-0.64374320088642,-0.566902994935324,3.39934739141732,-0.546709029574437,-0.680259918201939,-0.656915664116096,-0.653453819893934,-0.572779080099295,-0.645789228062474,1.66707066275805,-0.571785402556068,-0.635882558145617,-0.615864228247186,-0.595067267265463,-0.562015413998306,-0.664800175928999,-0.608173125710751,-0.596122004727012,-0.571221963640653,-0.591445845440744,0.422054114981214,-0.54439022347257,-0.553997521502972,-0.619780510780169,-0.620560795534081,-0.616757367469382,-0.496869596220525,-0.616273197376232,-0.612923641442071,-0.699594934025083,-0.572085852004592,-0.61130664897421,-0.632492297329707,-0.567171830196348,-0.636017699553108,0.455141166428731,-0.688939498121858,-0.651487899269846,-0.622551002690003,-0.508956380242978,-0.63341875051201,-0.585892068455288,-0.591449363775276,-0.648872460735628,-0.609954305619101,-0.596633475261378,-0.611150309994208,-0.544538346382227,-0.54862921652049,-0.634563901735288,-0.569158070210557,-0.656816867394846,-0.586463479351659,-0.564962738206896,-0.612273377518815,-0.627623084355919,-0.612622901390046,-0.655977713175668,-0.630138168056005,-0.599484634507079,-0.523748175128803,-0.611008124945229,-0.691478736706937,-0.670479903269466,-0.527403908991833,-0.657642305934568,-0.411128482625427,-0.664888881491338,-0.593808534152982,-0.481733172435634,-0.670604222106983,-0.64800978245769,-0.366921201252723,-0.683853532667043,-0.67305620649708,-0.545814602321663,-0.605522413465499,-0.713811830866039,-0.591468454639166,-0.658859923385511,-0.614469066503855,-0.630554601665835,-0.633294844772943,-0.570081391469967,-0.561181693443118,-0.513792216354049,-0.624963360546151,-0.57600337528498,-0.654958878341224,-0.601493680251017,-0.5350289163055,-0.631943088369915,-0.541249063749019,-0.653891710999266,-0.619208466692562,-0.691612112234029,-0.643057020294848,-0.625678860720113,-0.612457494070869,-0.648039255854891,-0.672983400589111,-0.628546090461448,-0.536893825039911,-0.608890311263399,-0.578826891577468,-0.673388134816999,-0.613110863029491,-0.57283262677285,-0.560524410720293,-0.521198178118707,-0.644394964094435,-0.662946396313333,"Lung"
